t1,t2,t3,t4,t5,t6,t7,t8,t9,t10,t11,t12,t13,t14,t15
1153.625,1061.3799999999999,978.9449999999999,906.3199999999999,843.505,790.5,747.305,713.92,690.345,676.5799999999999,672.625,678.48,694.145,719.62,754.905
-816903.3910668491,22127.90158607617,-40074.46901238986,-81342.24180550495,-104085.76601989924,-111150.2192137183,-105700.44217397542,-91122.49219520019,-70923.64065802608,-48607.0246036849,-27492.558624860267,-10452.627183896195,469.5371769268148,4587.70920981801,3267.0855571307748
-1072930.4564819273,13221.90816787001,-61794.41686445401,-117675.54488927656,-152712.8651585315,-167249.58200146747,-163345.72636358862,-144456.56374267908,-115126.46206477543,-80653.30503697334,-46645.8947365309,-18385.4192191298,79.77898761149345,7120.47438932445,4907.573333416387
-790269.3023666536,-5280.810408801616,-53495.73137204019,-99404.88505614128,-135388.1823435726,-156523.33147172318,-160732.82737226138,-148617.22404522062,-123151.17628921963,-89275.0167291046,-53286.84615841634,-21874.866271670755,-667.8562804154712,7647.0891285192,5288.555368876522
-376921.6059085549,-5588.6342638847755,-24136.23248756019,-53383.655231037985,-84212.7700140997,-108748.62966387207,-121600.29800170378,-120312.99505202162,-105396.2629293688,-80118.17809737036,-50008.38917462235,-21841.6642269208,-1903.3413043071573,6353.934713765547,4600.923795792487
-116896.0213719699,7524.7867536124795,5200.803273604139,-11371.843992746135,-35301.58118933314,-59006.95741293536,-76239.00532391123,-83064.08931177319,-78215.3944426412,-63150.76716876056,-41837.038324413195,-19990.294452221682,-3475.928999625117,4041.072249359551,3375.622095114977
-29157.577611877146,16895.307480780997,20753.54645771771,11946.685645740366,-5298.6954665942085,-25033.662260598914,-41811.18058579826,-51792.42944990022,-53120.003596516646,-46029.78093855737,-32845.21841502846,-17611.466567679294,-4991.981293957544,1625.6715262720236,2133.393626236559
-23337.387357320164,17168.283242422174,22930.17999691944,18569.264336089156,6760.870898173671,-7988.906384525702,-21505.112969998965,-30875.0615509128,-34559.65316079192,-32296.77556355148,-25110.652305274867,-15310.090922159596,-6068.36629280931,-263.3117178937297,1171.6096639576294
-32050.679585351772,12883.043940988828,18752.661402955022,16473.783223908384,8295.793046143268,-2118.6012532842587,-11737.764371619243,-18788.88129234682,-22483.506341407563,-22571.370052909228,-19214.117399885672,-13260.93300335098,-6529.4230059024585,-1406.1500671471526,553.5313370564768
-33612.53167321436,8946.259479003815,13831.23463733174,11887.660788886713,5643.213610926782,-1665.9577694683478,-7931.080087552615,-12432.691931777163,-15189.603289988228,-16171.328051181568,-15005.19416394106,-11475.701755974529,-6415.0742845977275,-1878.695100554177,210.7465626324371
-28949.024497351536,7077.071289497551,10179.682383836835,7511.527584928452,2131.0233059352317,-3069.6720496656053,-6789.986845581834,-9182.294505932383,-10911.715170566273,-12132.11487839478,-12102.268135687615,-9917.979965570354,-5866.509530972262,-1867.0113822025048,46.89795153603795
-22826.09859849205,6689.461668315221,7511.067298322764,3805.963070284723,-1024.721066140451,-4619.887355252554,-6458.79998373578,-7357.779777575312,-8365.808958554055,-9640.051668501392,-10111.681793446909,-8510.52463856777,-5002.906650124473,-1534.496770289348,-10.779531403930477
-17788.789935276604,6415.36667347399,4959.780639619768,608.4663042916408,-3426.616752903551,-5576.071945234782,-6044.58575767834,-6075.523953604004,-6796.677430495358,-8124.673965495873,-8664.978898610916,-7099.923729666218,-3858.917317695405,-986.4648325025175,-11.39028464884376
-14233.822942454932,5218.700131079618,2207.04917248765,-1939.8504743307901,-4774.270389104542,-5620.308922392579,-5241.04548561886,-5024.812505605609,-5847.789559045456,-7160.616601872438,-7345.9990926341225,-5442.121330331787,-2433.483998609844,-335.8193053807113,-10.647552235484056
-11488.42017553225,3207.9076867490026,-128.47084901242715,-3279.4878669412906,-4809.541124690557,-4773.871660114403,-4200.60034450346,-4271.445772025401,-5291.735353795777,-6219.061086940473,-5618.356171393694,-3348.9105869680784,-915.4572452367452,156.65899976493023,-100.66348095610925
-8471.962703845387,1766.7917945952252,-910.2085501457884,-2931.9510325769506,-3678.695844854721,-3551.1836560200313,-3403.6561267991815,-3817.9172440742423,-4486.10173366462,-4416.969326211279,-3080.2323031880815,-1202.5660558152115,-39.32438460778852,7.427216502166345,-385.83024188928107
-4558.48461933507,2572.7900120686054,419.45314675495,-1344.1203812139054,-2390.2917164903743,-2854.613152774912,-2890.823747224529,-2517.8353850165195,-1770.206911917429,-937.9046056200851,-496.7299222157257,-659.0225629822853,-1083.3225932369319,-1198.770378243642,-857.7021108709573
-1437.380545649437,4588.125146068365,1478.2328865148854,-1358.952035251409,-3107.670282411917,-2913.1215841727244,-432.98073849952334,3046.252224430065,4800.396785799406,3033.9533227991515,-1024.5019824582414,-4253.119152023714,-4733.215675567056,-3085.08271603899,-1255.3894116056586
-3995.7330431997816,-1953.5493225443422,-6783.443122953575,-9859.233546544963,-8674.381415029464,-1457.8607937454042,9527.078446130292,16953.602801997116,14067.84408122331,2420.847056804833,-8902.242404725932,-12647.734033408582,-9348.503736499955,-4170.06620465051,-1169.0606813728302
-15725.235059809833,-32277.00463313517,-36611.86415546731,-34791.39532674469,-20580.070774137028,5999.965360072837,32049.769183531746,38368.26585517678,19217.93592807762,-8878.9976976008,-24454.849184068287,-22038.101314465566,-11348.615588271323,-3000.4172212137564,-440.49205856951556
-31658.457380404703,-79913.05986568095,-84716.24487649572,-74370.04541011852,-36367.82166147231,21537.266546424384,64392.6139668984,58659.876261437385,12464.819935747004,-30845.84557494168,-41470.010608428696,-26602.349802881163,-8543.804700387875,282.9248042698397,620.5274337869488
-40157.760662078326,-108565.21059035358,-123592.28565221048,-110744.72285758673,-48944.86704054223,41489.35875151281,95366.16076939784,67575.90046335447,-7031.787960207153,-55817.83196175571,-52290.0898622762,-23882.513956806495,-2111.2437498799513,4205.753391195839,1566.2758022128273
-31910.775247245576,-102013.68139483029,-130205.6334461391,-122737.14234936988,-49158.595465227816,60273.71425502928,113477.82600170115,60648.81604424007,-33055.504082357504,-75078.73954475678,-53645.17006641062,-15648.91521655577,5365.01029576541,7559.984189175283,2209.9495314233127
-5056.8398085759245,-87096.97043826856,-112137.36757404187,-105060.8528371974,-32112.736324844187,74430.29487947495,113061.1832950965,39772.73003434569,-57707.693733582164,-83608.34881133704,-46390.535887111495,-4869.76845364608,12089.61990781257,9958.742217521398,2577.6338300755024
33575.900796240036,-84493.74132291465,-89554.68925953361,-69850.66726400903,-2739.828529161143,81399.04182870466,94960.16562745126,11258.326307404152,-74452.35985873955,-80296.78666253405,-33344.79059399179,5860.933410989996,17113.957301695486,11324.095427040602,2689.4440253945677
71353.20993226372,-84755.16437245616,-69767.39593123404,-32465.734894918107,27205.601999369133,78911.91117286176,65400.50907182526,-16461.851348339715,-79839.565280414,-67530.6485393635,-18226.20954590381,14552.071961648726,19982.3978458506,11639.056534243551,2536.3849235745292
97314.42411368142,-75897.36056083546,-50075.6182736682,-1544.6677393465336,47810.64870508743,66961.6031004276,33046.813196037,-36552.716323764755,-74552.03265542821,-49897.67380433529,-4391.860465221816,20194.021401058544,20745.463376823845,11021.06806643144,2150.9495435868103
107453.61777752936,-58804.352465080294,-29580.72796388662,20380.421145047032,55711.86165833282,48561.83822474021,5235.284471527879,-46337.822257984146,-62262.84879506201,-31948.29777971692,6212.784387627229,22814.458836341168,19845.126882653487,9712.669570661132,1616.9137701072605
104292.88202515813,-39570.53050778402,-10776.311028063674,33506.61232076032,52862.16715129093,28212.361575326406,-14162.711149801155,-47034.39178477958,-47327.53119393907,-16642.690921438436,13155.73904261052,23085.87455202279,17873.066507950767,8005.8676854226815,1039.546042921483
93199.13722750475,-22552.400669329487,3923.083342154152,39192.81122586549,43270.926604100714,9837.899191113172,-24650.59510730562,-41821.94105193703,-33054.69964897193,-5093.571243741833,16975.82737257214,21855.67248006099,15374.327648414934,6177.838638475406,516.4565544124137
79187.66196647866,-9543.902073500123,13825.047215340717,39367.26183691203,30685.867425200984,-4229.951824855146,-27830.60996940539,-34010.608672811606,-21179.546399397663,2866.5793953602265,18553.360185949925,19844.017302063625,12752.245168751237,4446.203317889792,114.34921935061666
65608.3008012001,-709.9679553537717,19693.48481816118,35954.57232544209,17711.986722119855,-13192.52380268291,-26129.398655947796,-26064.98263592484,-12126.05006305081,8001.836867796418,18730.528931053315,17562.329785028545,10269.041692794131,2948.858416479904,-144.3786740858289
54087.76696946749,4775.465386485178,22940.625142480574,30304.508946347316,5865.1884739708,-17271.216810584578,-21957.180134917857,-19333.165145700485,-5513.707909367774,11199.339259594897,18175.302748919283,15345.68970317623,8075.892400274729,1736.1255891256262,-282.3146386775302
45067.93084015295,8473.756877303253,24773.982532275888,22941.306667844052,-3910.197707632578,-17259.431283174028,-17281.546599993057,-14193.654204351718,-635.2265881676639,13233.69034422062,17376.948922397787,13398.045594369689,6217.248719708098,758.6103374357516,-358.30036808889207
38437.49681443251,12300.389805477946,25408.090206473466,13879.329631397482,-10745.95528270434,-14362.87838625347,-13467.372532839718,-10377.26325460579,3243.6644385162544,14732.62401224504,16701.477285415178,11809.678108463171,4596.208968518479,-146.999909756099,-451.9388790408819
33942.462190115395,17396.550710257474,23618.018912066153,3476.9796591079166,-13757.256196605103,-10229.74874092852,-11274.387967764871,-7270.578887647789,6815.396463571385,16259.529243910574,16431.997205601227,10504.720723447332,2902.0778914406446,-1251.765018212286,-637.691145567829
31363.675246950486,22155.214528130673,17418.340885347625,-6350.227862265523,-12553.765449984972,-7145.979032926729,-10937.791137185164,-4019.5134837128508,10833.64876080613,18374.861194484412,16681.758376339396,9059.786022986658,534.1449076799893,-2854.005517979788,-937.0571535786739
30474.953398803573,21687.189398652772,7549.819749129473,-11414.703821268748,-8975.788959066322,-8199.868551136216,-11925.306903909652,598.95873001728,16141.677973034433,21461.79513280362,17040.734338510272,6427.267688256315,-3291.147802138181,-5013.393584402868,-1237.7260390365166
30718.5883116905,16056.863856684226,2585.4681803399662,-8958.649098401609,-9521.860594008665,-15772.322214821725,-12197.047394399488,7988.228737748896,23213.78216102273,25119.84429692983,16037.29288231089,1022.9321025636895,-8834.134670991862,-7072.366901214785,-1233.6033975501255
30864.870377800024,21579.024162047113,11789.932252821249,-6629.031687811982,-22334.877240779977,-27575.90149936883,-8488.46460580764,18572.33456251791,31218.30567086699,27489.441447966237,11271.990374526002,-7962.316725637519,-14609.95694095102,-7529.861978311474,-573.6934151040591
29471.39714392563,47839.6118489443,23578.374815385636,-19234.11164679422,-45868.227329879905,-35815.10155691185,885.7590740910623,30487.260769065808,37633.88209496592,25707.720362069005,1240.5783566761138,-18554.16846863968,-17384.22858993715,-5139.643677025249,744.5691577836801
26196.289218809117,65858.14262951513,15234.754754933214,-45795.27839359842,-65964.31603127571,-34511.8492706066,13303.775229838491,39979.41690465345,39361.38692845281,17880.904204733102,-12396.853002961154,-26103.382337502913,-14627.540977073055,-416.2861869405334,2206.8455212048875
22402.3673126562,53987.287094473955,-7533.407295054465,-66624.62879972607,-71751.23575365367,-25974.847880336092,23485.975341450838,43682.986706517055,34688.22351500951,5045.767429439791,-24735.334095801078,-26404.65978573649,-7053.327303369295,4404.3629144506,3119.5357031197714
19870.50558364372,35053.523904539965,-22404.313756753832,-71211.68603406614,-65666.36316701287,-16119.05310182021,28440.152524364872,41168.75991381327,25036.99315258951,-8403.380373029397,-30472.916661802225,-19354.144589509,1364.410349122349,6915.673925909183,3070.345857537435
18579.636441450828,24584.56362536861,-26760.261319791425,-65709.81514789819,-54590.654882998664,-7471.519258222536,29511.82577867395,35429.90830025828,14607.508897343634,-17628.893106149237,-28603.61237525179,-9717.654714190161,6507.045714196715,6499.571975768053,2257.80803506741
17327.858229453424,17484.38582462722,-26953.00421594751,-57327.263852562704,-43221.601797349285,-536.262556201553,28965.31280327602,29569.636270549625,6297.816589568171,-22003.989109219357,-23068.714623764536,-2064.1200607051123,8043.099415398487,4818.33549535846,1375.0156994779231
16651.160082275244,13684.597081372285,-24826.42102178839,-49766.08828192523,-34656.723934410424,3534.455560075714,26929.09666323569,23803.433652292373,-449.3834800398011,-23676.176821217876,-16669.327810754945,3487.051253620451,8126.159340090843,3448.046291425876,878.1872943040556
16741.09658394225,10833.281841513668,-23362.172692965338,-44284.65822234722,-28813.491168750035,4997.060092736814,23344.478380615925,17745.18763989253,-5956.041967585177,-22753.103910305006,-9368.930117155498,7504.47986681421,7205.281208117049,2217.2286755562227,615.974385980801
15212.999169105426,4740.197279127655,-23761.50562376004,-39436.70363670952,-23388.6094228586,5904.422219309589,19757.481514484192,12642.730363221468,-9078.603886559407,-19098.528878160927,-2592.3940513961675,8845.096369116747,4926.447589901733,753.3395489861683,337.436611304685
11927.28568115509,-672.0882945559504,-23383.78511382305,-34292.879273581224,-17970.34354894127,7049.164439941043,17108.223820585237,9065.320174171924,-10245.328542857806,-14693.735101132786,1850.1753076181108,7950.110794501429,2480.5261401475295,-403.786709626619,89.33513177520416
9613.1851320662,-1989.7254213366004,-21487.39127501286,-29704.389200407048,-13760.515833909833,7532.189963113362,14662.478139073917,6089.493105128081,-10754.099971677464,-10635.133421618897,4677.948134439957,6686.686785707708,945.3150467752961,-867.1462911085498,-9.456585053789354
7857.50403758392,-2792.5633756000893,-19888.703830415347,-25897.266972776346,-10679.997605604874,7226.215213232164,12217.096664425808,3645.682555816208,-10472.462911717495,-6386.086302394836,6803.6504004151,5302.286990443179,-203.0940213615703,-1020.7290190673732,-5.6131787351247056
3839.9505930996465,-5713.74776409036,-19009.624780702048,-22040.256291089856,-7562.195623921933,7281.074600064742,10802.27164827373,2409.6635837366916,-9206.826721933705,-2208.9106451800717,7568.448670703677,3047.1642608083694,-1654.2973692307205,-1291.7141290518111,-15.43955221888384
-1781.3312862888295,-8160.587769151639,-17592.362931929856,-17831.596706243516,-4023.2892769163764,8358.671268774393,10704.237488690826,1781.4332331519886,-7784.2089876867885,1004.8669072366617,6623.047887167073,304.32166784424464,-3073.859866266798,-1603.275295033018,-65.91413758782382
-5581.975745938756,-7613.525969953059,-15028.051027834234,-13686.217832807453,-627.7970306888769,9801.669415758783,10699.963681763185,534.3182824763367,-6495.035983567099,3242.0632789418396,4915.612509885285,-1805.4682582944683,-3800.403843676012,-1637.7199287576232,-90.09206562139543
-6774.8666326914945,-5313.427529825075,-11886.466409660297,-9797.324126061407,2177.4271773817786,10708.247910279288,9804.517377701932,-1220.440751023054,-4651.065923299501,5085.662721249614,3387.9974530023314,-2975.6199228101977,-3779.3685594281756,-1252.3375789858164,-14.246391503180007
-7922.798335927484,-3502.1447031513803,-8532.798910431502,-5652.093320442013,4803.047335300039,11199.957778113563,8311.414092150564,-2609.972212549954,-1738.9227135716255,6784.969409306239,1888.7903584479482,-3912.410660564994,-3481.957240021192,-540.0726869952429,180.09663084972823
-10587.056145388118,-3062.9388783706886,-5236.045387196363,-1102.2972118840796,7572.514039306258,11361.50776702685,6112.399504164607,-3225.2929237716367,2467.2645650003956,7814.989361948973,-376.0803808925698,-5250.983329040459,-3220.3548413957033,358.377496866147,443.8642942283015
-12745.253776764324,-5464.965963545982,-4564.455139237069,1039.8837607502917,8173.558127805802,9282.962203273963,2621.0849459303563,-1926.7004028243075,7515.550124235822,7028.182480961132,-3483.115692574009,-6630.44112716222,-2752.2713233270456,1336.5898641026422,657.0885580715234
-11568.738263491327,-6898.350016433181,-5947.698094090432,-905.6809953346635,4816.154024742588,4780.746429664559,142.65024113159984,2277.0572336943246,10995.933940367604,4137.083050199393,-6146.026263813743,-6986.797001507066,-1693.329282511039,2124.266946475362,644.4983284566637
-8093.291688256127,104.2334604559502,-1887.3854616493738,-611.7758957573344,2595.840740977977,2747.927533972335,1644.8437444500687,6921.045302177618,10754.545980248105,605.0938890875542,-7239.927709432877,-6062.468374591335,-388.7313835735198,2289.9496855224425,347.0943131458989
-5814.784210194319,6523.405935114055,7258.394091888619,6867.766768566715,6657.993928359387,6186.142986998712,6444.746154424871,9921.570410193253,7874.508716440581,-2929.195419461225,-8045.182859958724,-5324.224682815222,446.74994468100846,2115.760621422132,74.3882539379
-2652.6175584533635,-1300.5529252293313,14851.939275555867,20901.385528136096,17633.327293430102,15095.724885876918,14744.927348030564,13212.43299779658,3552.792490777759,-8303.302705685204,-11029.230286331162,-5819.004551898618,1702.2319795633505,2897.143194257318,224.16364971972712
6540.396588504628,-25352.94923549509,10993.84964835243,33587.704545276225,31599.004038147945,27081.391047941233,24832.580050329925,15889.643304068351,-2714.721005359414,-15601.08617154296,-15336.332035021143,-5453.649430857338,5083.6110388472935,4658.923669588701,532.751607248551
14672.232342242503,-33944.19469232428,-1955.518686001198,30035.90570470201,34711.66669393782,31658.801705377347,28352.460775617215,14133.377291617591,-8923.593134623177,-20373.241405248336,-16575.737576257776,-2084.6006765774273,8713.342611101605,4987.936891798783,294.38086538880873
8516.543301504695,-11699.579231444894,515.8041163793786,19957.78960096485,25910.06422021881,25826.566522627603,23240.514632176015,8793.724470426005,-11607.938821162148,-19230.693415204765,-13244.617313556873,1453.9468472076705,8283.649112767813,2731.32970565086,-461.5668639786349
-5360.749054859164,-3804.646733189351,10104.858800489174,20062.02121920788,21223.916139591634,20338.0130210656,16500.820034463097,3266.466961883532,-11277.488413798266,-14921.73833496981,-9347.8983831417,1188.4921384298868,4297.957798524353,334.3619987984423,-920.6011327337403
-6691.698555830076,-17883.772131299876,6286.514192708481,22623.386084203266,23018.56723131799,19648.717941293155,12712.985397317356,-553.0742574280197,-10864.921822243341,-12158.523987830737,-7943.407524211313,-796.051452133836,1851.9144020611147,34.90894789613981,-707.5804027038247
5306.165743094555,-24565.160237843873,-692.9273801174052,20773.32064373813,23439.779631321984,19993.467451210017,12122.228731479221,-1734.1881832378276,-11038.643070657703,-11415.649896592697,-6719.245000516541,248.90526856205827,2481.7345062381737,709.667496555864,-311.90902392683483
11540.020080816012,-17751.279844668647,-986.5070351678108,16953.50813189041,20314.03030246865,18834.493937107,12680.912622650016,-1256.387727991811,-10803.341908321972,-10211.499381523954,-3189.608313749939,3462.208888262582,2743.5647891864364,417.70274860640393,-226.65235146937377
4730.184472014707,-5423.145040301844,3985.2107753054133,13723.799841812204,15934.474572341052,16221.806264255532,11484.578998466068,-1926.0913989084127,-10404.718243862255,-8180.368085110873,257.2635225746045,4143.848288732612,915.1146389595011,-544.7436765776789,-337.5833536161602
-1137.5907550649213,-1225.0587948327343,10677.54700463794,14893.734356048224,14647.544050033015,14307.975331537582,7787.543307870958,-5347.819611080041,-11133.160650213258,-7461.87607965505,26.82442755821038,1624.262524312599,-510.93899532233047,-628.2519533123744,-267.97320010575424
6287.921295713489,-12604.269264850991,11445.577885899334,19344.643529330293,17727.727121611544,14447.801559736447,3283.1707980438428,-10116.842138222437,-13005.591002044754,-8908.05970142682,-3082.7248622756733,-80.20546438883576,720.9705893454852,566.9950473214523,96.49363390030118
20559.818096834144,-24682.755802945907,4388.32165399655,20190.318971125726,20487.76195847384,14969.582036048525,59.02026385977898,-13137.782320451292,-14142.251443639767,-10490.678289732512,-4978.804266654943,1421.0227732171847,3303.6743770073967,1941.1144744504677,535.2213444665473
27097.084582757863,-21902.34101428794,-1891.885191761626,15809.992410660752,19098.94124443081,13910.81725061396,-1037.2604408949235,-12673.350439949432,-12912.790659730414,-9871.535282202014,-3716.5769677596522,3778.9871500273134,4449.706015366034,2386.1391462527135,770.4004955936406
22098.99715592016,-10308.376707355568,-1657.4611191836757,10857.717065934261,14821.215776902593,11166.060022907994,-1058.1915631632683,-10012.879841375805,-9836.469037568959,-7066.312466382621,-1548.5691968936646,3691.1778348038233,3441.7193121004807,1882.0802262325603,709.5528905254921
14625.262166891309,-2518.042222065812,1788.4356507585537,8083.676002521634,10818.993211081359,7961.0230304351835,-1600.181991410268,-7684.354280088524,-6647.061638929205,-4199.717581101014,-1662.5118821703675,1289.3749104012372,1922.4357624259987,1134.8674609599693,444.7360219171615
14644.409222654764,-2055.148178291232,3344.318977653287,8146.546553918138,10109.672809820422,6473.033843004278,-2541.7314341308265,-6601.089014686159,-4596.530549359567,-3738.3013444836474,-4168.484474759672,-322.3911414527485,1656.6101940818623,739.004783851473,148.75651768851458
23556.92572051264,-9268.244564165174,3920.7424596670853,12850.30445016684,13555.283861584738,7645.360957035698,-2927.012483163684,-6475.401171151835,-4911.159661947136,-6564.71941458865,-5442.02471552566,1363.4100076665716,2987.774754361426,942.9808513440043,35.13159804084631
35770.48078814404,-16963.42387948453,7784.327177088074,17855.3376500689,15872.68418103689,7811.529184006668,-4761.0110344947925,-8950.840337202766,-9277.024996023269,-10057.19518797117,-1518.0534182094443,5872.962496913644,5156.819306692829,1876.5825579172756,274.15533360864924
46493.250521732385,-14393.326165593937,6188.421067276969,15073.508695550296,13974.735368810552,3975.452967975615,-11360.979463053629,-16332.323088554653,-16753.903559650935,-9355.97812612517,7172.454294661674,10679.787148129864,7498.1836229631845,3444.26625446374,737.0924406821006
52712.827806901616,-18820.706281979612,-4529.227671188488,14621.081649952286,16837.96543500639,1071.1313058604437,-20403.56645535629,-25851.923726400208,-22631.234136282546,-3903.4133031066854,15344.724053862075,13937.377280149447,9657.511944076025,4614.8592650288165,868.2707134837917
47308.85143041958,-34318.6865765613,-3646.1392374666475,26013.27822164598,26184.620189871563,906.6921289558419,-27516.493395721238,-32279.374665290143,-25099.17451149613,-108.1300764222126,18254.486166735667,15363.466675809581,10424.653002537594,3520.6283692843517,202.97112409264957
25483.012679740634,-42077.27511097149,8715.304349947146,38696.8850597319,32724.393911076397,-2635.866554162407,-34136.170499600026,-36067.46722017998,-28068.759343874426,-2776.683212841856,16434.773283168593,15133.932585228686,8100.542779206824,-280.49950770848267,-889.1206943602845
-592.6956914734758,-35007.782181387294,28377.641381519814,51770.17957486882,39490.01900435398,-5128.775981980124,-39514.48652762945,-39620.65396568823,-32655.876651245642,-7260.465188111537,14613.372241439145,13988.544144142812,3432.1342499094876,-4397.63095574244,-1555.05442433508
-12110.242313588207,-3045.245465712191,45143.43711748082,53417.40586009198,43230.00409315508,1522.5674118759189,-36236.04266395095,-39599.55481317567,-33060.65779873491,-5196.929702193001,16496.57584379272,13612.737700798662,-210.4351950240376,-6356.501609444176,-1562.4016147574725
-6618.711338223066,8463.08455125912,26246.59718008038,29438.317948343974,30011.39685797073,6434.812884159859,-25872.742098809224,-33534.98147735013,-25675.523953529842,4406.721600969723,20964.690630413137,14766.081778110416,-929.4896922185173,-6231.434374940221,-1317.7642243688872
5185.556925468995,-19273.084404162288,-913.113203201332,12850.955990054948,14120.477275863108,88.52404921858277,-20332.894749123177,-26598.233330745126,-14712.354008443914,14950.903950679913,24054.17209000123,16125.230365411373,84.70883145834198,-5276.214528952697,-1069.6871095101515
13169.146384801577,-36032.41082977752,6448.524431646773,26055.52415863736,16894.940044515453,-6719.836484367375,-22204.39955572944,-23006.45763890853,-5581.612318401167,20709.195988883534,23568.776017021395,16075.223464211735,972.7282584872462,-4218.178263793599,-804.8439688494426
9973.57617035422,-20654.383138457913,30553.563308543216,43358.56289354054,29085.657803825958,-5683.543815211655,-24263.073823731633,-21081.056049332423,-178.32590111179664,20886.793474157355,20360.583413452503,14252.87379922476,742.3411285954671,-3478.1028518505327,-597.4137809821658
-4424.157309805989,3240.4701941169546,39633.65774076205,43884.9974699857,33339.49882206468,-2508.5401189952017,-23578.62333125101,-19284.151025820862,1447.1755811876064,17686.178718283158,16339.955726242873,10979.711739669661,-867.7070264857522,-3216.162364892024,-534.2968223568135
-18580.35320344593,14345.139888136846,33574.53579271116,34651.93147243288,29015.73613300751,-2478.236337037361,-22293.88323867681,-18328.453903163827,416.3274195648671,14005.439775373292,12889.709559599647,6806.449165612899,-3114.393997381261,-2987.856357182665,-511.8893536958587
-21904.584950984994,13429.348623946196,23071.468970485854,24625.902936838767,22178.47016983184,-4337.085566159571,-21521.404797616313,-18387.331728037105,-792.0131755114536,12285.652844744607,10935.784751005112,2960.918749217258,-4710.186145169275,-2451.0162130290996,-440.5319970780888
-15449.656013557382,1064.3358851556306,10197.852721250776,15097.402196546915,13846.827464848617,-7481.203628668831,-21370.32275129413,-18720.814653236645,-87.71833151465941,13379.207474633478,10913.754938964106,548.1874284126122,-5351.848645365014,-1898.3081675981816,-403.1746021528345
-6390.901670462403,-18633.922618256867,2370.4673108672337,11673.265423655237,5720.902158584399,-13325.869380032676,-22645.42378929094,-18811.85419635075,2705.3336790271346,16087.097913777627,12135.404032518689,-586.8336012722752,-5527.34035295749,-1594.708253113615,-455.8538900690969
-2432.015705263173,-29387.73381723309,9733.092955188042,19777.803330613075,3547.980359478887,-19644.278748071752,-25017.581078216343,-18118.536943649175,6427.479693369036,18361.320237059415,13268.133908232909,-1040.1078828866353,-5504.33018383143,-1571.7945299395308,-563.5589066961925
-9219.105985769804,-19450.67336424257,26840.37980415775,32599.699907754857,8874.548993143704,-21919.9042287233,-26272.540490220308,-15949.624523073222,9715.881633533123,18980.563212713023,13714.204662497388,-1154.391751820834,-5714.032752838317,-2015.5667068326688,-743.3093867772288
-23938.83410165261,2107.175090145015,36961.83012273994,38268.12331818379,15273.792134517578,-19756.359431632027,-24476.821895849735,-12049.625605392503,11794.020530896867,18178.534853645888,13633.238172045232,-1744.723582765304,-6589.383739201611,-2923.977457111583,-1016.0502520619729
-35847.35815523878,15512.735722352892,33080.92477756243,33180.21115430979,15351.980957080987,-15644.174679488377,-19211.7876941291,-6777.211513713517,12829.2937508832,16824.71721143027,12662.649716085501,-3415.297720928478,-7433.954142996328,-3695.349580414742,-1254.658802718554
-38060.56424801087,12739.062916598285,21086.481263031088,21635.706891577713,9796.502488824715,-10458.114216658292,-12443.2375825086,-1606.4026796806643,13095.511601366336,15167.865001716991,10261.191892380393,-5154.341180174509,-7190.306192549094,-3768.7064106078333,-1294.2663509922847
-33661.41065755061,2069.1592229342036,9314.326352528391,11082.692634578794,5612.11755691587,-5689.950764610043,-7779.148795065499,1568.597144517485,12745.637739704376,13399.098900479696,7110.976404128788,-6048.931339490573,-6176.248215895848,-3369.5327799481083,-1185.1414128117917
-29478.122893730524,-4220.839656413431,3912.4955662955786,7475.370843466921,5987.179026479584,-4081.028456769307,-7479.207294653939,2122.376634407521,12711.476200711728,12475.734760741032,3873.316376858798,-7027.4825332849205,-5574.02900316516,-3200.663598614503,-1131.1883431622887
-28679.70033580816,20.962214607181494,10263.20296162767,14164.904567545553,8739.29646821908,-8273.013304674136,-12337.26396632522,638.5055224660118,14166.396832366632,13104.813922103947,699.6063071198444,-8833.09067496267,-6047.819093201151,-3531.5171495528507,-1083.2973474338125
-26689.09722112332,10904.735433139213,30166.88033436033,30559.997419564108,10822.296995626268,-17632.19134891202,-20190.62990054476,584.0865615982382,19288.49090284607,16777.429875842256,-580.3770604669421,-11028.539370225139,-7570.456548460012,-3545.998490011296,-595.2266241555102
-14339.364390818728,19936.748813420178,59498.2469295461,53880.38016724598,11593.315307734503,-31068.596014419436,-29631.13911426678,4673.510501558453,29588.81431362334,24715.82935345562,802.1178064512502,-13465.698599610414,-9192.878756872957,-1896.8448596058383,544.7531736581716
5781.500226352772,4457.060508830064,70518.99337557491,62350.04375195988,-754.5351623421286,-47782.06598278721,-39820.564770001685,7833.642445637777,38669.29130491282,31680.597552825013,1131.618956678964,-15655.330108593786,-9243.021315758197,1187.1414582271962,1655.0602439516322
15048.050620029228,-16124.44502704794,40535.76044814815,36529.913313856865,-18344.10152576975,-49787.958214310915,-40228.08532064352,6905.465445627943,37985.95706383212,30332.52853751206,-2246.1396955955156,-16120.583821149352,-7434.630762927486,3342.1240998873222,1846.1303730540883
5806.945403584905,-4515.789060463891,14377.346784067102,12910.154167132,-14802.920652860443,-31777.790207911516,-27596.181383070958,6469.626118669319,30054.91349106951,22321.735550681842,-6835.248767070345,-14700.116444987256,-5558.141534139708,3194.4842372427265,1236.7905926366843
-6620.088342414672,6866.484166285586,11195.311679684764,11532.361277093883,105.73726046089695,-14654.356196522665,-14070.33544261146,8522.631044946203,22832.499555304486,14558.630662452222,-9784.364901702533,-13052.167524161485,-4813.287342501268,2118.2800320525566,641.2359546470437
-9361.307148283744,7860.645931059047,16119.658351266276,18885.77469265727,8539.196723341713,-8841.192232353646,-6678.052232732584,11496.434435231442,19150.940111644777,9960.58985036385,-10827.877410005047,-11958.793830363562,-4447.103482858615,1633.1121669412983,398.7660644115123
-4892.604718257644,11011.391960214303,23563.127382147304,25313.303992354005,7469.715762090832,-11348.6075600754,-4696.359280320633,13850.879372305964,17635.114729050623,7588.925487414066,-10412.48394282484,-10643.91561171742,-3540.5321372122266,1590.516214066051,285.6271992943689
2893.7423063690926,12766.721071009395,29207.216357308174,26306.27899013817,740.2776495580625,-15881.322869056386,-5277.222332475235,14523.928576432934,16510.891227785847,6345.859834398508,-8804.40018619585,-8585.14977745743,-1955.3955982310201,1575.6577236337612,180.5328312585085
12479.491737698256,7945.277397701586,28698.417282947794,22577.96598746073,-5117.220558669793,-17703.333589897666,-5063.974092797691,14418.084892300023,15449.261069484597,6006.664553131921,-6637.208593105634,-6078.888285423211,343.57673738763816,1718.6251556621246,165.0339352427103
18391.189318842764,-334.32221535906433,22801.819980739398,16237.22711371692,-9811.716163348183,-18441.828761400677,-4601.521963831222,14079.151935451717,14563.521742988747,5663.852657639283,-5183.6453568182405,-3811.8518591189113,2820.861980382466,1914.8795266128334,246.15762174181484
17335.519585831706,-7723.854701357601,11528.828573370318,5902.332196405882,-14836.405085993067,-19172.54087447596,-6149.104866216986,11950.453329483918,12778.769584659916,3385.671885425309,-5624.528906317986,-2797.330505635829,4192.581802123788,1973.9752588668753,398.66015943926845
13511.626980080486,-4372.914216560895,3839.5518759179995,-1182.4257470523478,-14830.154689304762,-17113.062262369323,-7976.495292375982,8214.912844338043,9423.88699663064,-1273.0658804400903,-7775.327551858358,-3538.9387321066315,4119.097183784588,2109.2753828387617,639.9847424392564
11212.3400217357,4524.495097892487,6824.688260180109,1918.8210901125447,-9755.068056853252,-13551.989188131352,-7367.809682577375,5640.610309237475,5805.748119191242,-6272.878937839132,-10174.159658731354,-5088.958511000338,3686.6991185952593,2456.6773491054882,928.2684854239109
9218.167751007173,9295.159804530842,13388.632537026107,9158.073343533426,-6190.463026821372,-11846.370873351012,-4684.163631161906,5459.601845952799,3555.084780138325,-9392.685238703438,-11507.223775657249,-5766.096000299831,3764.5684171168414,2697.613703930393,1146.539407265931
6136.004480056586,10475.932139699418,18121.134943911642,14022.295873310828,-5590.158632489538,-11337.478286277985,-1677.3866735792076,6614.658355092416,3113.8700038263037,-10111.569334810618,-11422.128560423878,-4917.890357406087,3941.2578312255764,2487.6282475574453,1200.2565528638365
6164.459122625304,9972.731624191516,20832.48343556496,15321.942775947233,-6199.5709255604515,-10895.755531934596,672.3452413865195,8374.562330914412,3991.590612449664,-9303.736905203124,-10447.595107598185,-3563.450094019608,3625.977157784907,2020.5578882369805,1104.917393275488
12555.046327909171,7934.013079638042,21071.078659673003,13587.511293106278,-7280.715623537507,-10336.086924150664,2717.138818532234,10099.533859742594,5099.387043970581,-8061.916981202004,-9296.890127051134,-2459.7609766950845,3242.655248659052,1722.529825573706,965.2109879981047
19534.90355713666,5908.514737041687,18903.286570693166,10691.132907105797,-7022.6732864250935,-8605.894885153828,4592.822775837213,11236.996325946966,6318.6539962800525,-6139.586696933827,-7379.733477794435,-553.1133534108228,3130.103310810335,1534.240654231578,891.3622080347343
20967.824369902697,4573.780578407976,14726.030414342453,7746.538223202975,-6400.474771759356,-6860.441615234001,7480.402977799748,13539.178266132083,9247.26178485936,-2200.9776957076715,-3386.341831541956,2813.563032112438,2860.804877047729,1331.7168101672664,1002.1780372186324
21847.288335957248,2181.439778148024,14845.938191243045,8559.96383814901,-6498.566597785619,-5231.4939445449745,13436.804107970584,17779.326874957882,13912.921302344468,2653.9049527290463,1386.0898353290268,6360.053831908564,2820.400971644899,1701.8307456713248,1326.6254948187657
27624.084351444173,7839.288245806952,23211.46667330576,14988.794592318523,-5595.52383991676,-3178.971929301954,19554.897472582627,22103.660990912475,17800.60191758848,4467.210054742736,3439.977384182239,8789.169003590136,4084.2157031665474,2956.11249487763,1530.7941110112563
29806.454617105308,23064.429124893373,33749.388160113405,23565.62565148013,-3187.29864628165,-1268.0268251004115,22928.52292398994,24974.19740829035,18598.82848726928,1610.489354759865,1736.3713639387333,9739.045954421303,6102.608460495276,3895.7333862270143,1195.1819551889826
20404.01159359486,33690.909063696796,35478.47919762054,29180.316739943104,2850.8899210520613,3085.4993078118705,22628.654478885186,23384.12546011011,15266.781899809215,-2639.2750751279664,-899.2534624051252,9061.988997810133,6730.920168937447,3292.7325694839756,560.6267736243963
8292.890086651843,21649.30493696818,21830.26621399888,21671.20838424428,5651.430380836106,5239.6141929857895,15220.74122311186,15099.373216013195,8076.583266477184,-4837.129520538912,-2011.609117314326,6574.496362154037,4923.003746496031,1802.5683997175431,289.28943845647103
3572.1782061971235,9094.483974341245,12730.36532467801,9429.171402019578,-636.2600200492493,-183.75469328646193,5111.607069058497,5910.343806265378,187.3363484388321,-5487.666677333058,-2501.1510291669842,2943.9022896619836,2023.7778865371151,765.7954484939676,479.12801390839275
3336.8077272704722,5862.584780680558,10129.985078106956,3516.5009587490445,-5926.457751742424,-4800.609349119351,1147.7664549083772,2213.6634813421974,-3965.4836175750393,-5864.600040611431,-3365.570902416734,281.540273212436,140.94327686228593,391.2783323100418,654.966245537285
2782.8000166338466,1968.9017788887227,6680.557815308798,-894.6564330146268,-7977.741646459102,-5937.849739938888,869.7930745708793,1846.0208906170499,-4211.438965274641,-5681.988843059026,-3435.2665080833685,178.6149173998981,63.10196963879619,235.39799744403734,542.4206169372952
3495.801672664238,-571.5055702240226,4429.311284431666,-4168.68544750505,-10635.08645517634,-7928.059403373984,676.524840513955,2085.3570272755405,-3499.4386330745792,-5017.438451680338,-2043.8515615201848,1787.478367900556,1019.0893290281028,156.19228423337768,295.07898890318864
6269.515568559145,-5289.376401787126,1790.515400245482,-6171.438899975459,-13137.6746094329,-9702.850288363385,1963.136719539976,3175.211604693144,-3296.174602552247,-4574.67271594962,-425.67994030971516,3141.7347337703827,1843.6769572201758,160.02212903906144,126.51544594011273
6074.719033490848,-8060.87276610674,1097.2613099998614,-6874.882882133032,-13939.840116682437,-9588.849201957917,3761.4199139590037,3984.0919206274334,-3907.5573278456914,-4716.2499137567265,51.015500381923346,3283.974177400766,1920.5249544496487,118.6341841412459,57.79840861024451
-1426.2549147140949,-6456.354450927634,2507.3579820055415,-6512.435175004011,-13538.838394666425,-8823.619903891693,4311.304760500559,3410.250045676642,-5199.493193879178,-5194.217146085115,-593.4508653024135,2486.4756059972146,1299.5222115807917,-83.63952965758438,-19.177461730364
-11476.600213555064,-1909.861640709895,5171.7874215110505,-4590.550844872301,-12045.89389591152,-7338.967647309645,4482.811809683113,2433.4614077839965,-5962.657209704082,-5182.347409988008,-1233.474444369928,1444.3238409242645,452.5209549890458,-319.97806834379685,-150.48826753082741
-15241.87591671235,2754.9015726989214,6819.591456339968,-703.511600499929,-7979.577400960134,-3943.164053103464,5078.417122251581,2331.075081728966,-4979.156451635637,-3955.9358033871044,-818.8027289083441,815.4162273080193,114.40653589840912,-288.58526685515403,-260.86785490677687
-11766.01715442391,3644.565605325468,5501.987244422969,2106.19894195721,-3017.9619244868045,-367.0577807610428,5258.170379486449,2932.9602288239253,-2739.4178165394915,-1762.2671081479805,646.0967416630469,916.3757816635252,668.31812143605,14.6600505749891,-301.59453798384914
-5801.845509489575,4374.795568484257,4802.198805174305,2720.466820721806,-771.1484206410743,865.7942696493725,4709.07346451874,3225.9044545315996,-985.7931138303229,192.70888150472675,2001.017143640634,1287.3035490785883,1459.5015775940528,333.5753514714863,-297.5521617492084
329.38119707171825,6019.396496028621,5602.497229010009,2675.3122210990414,-1151.9898774499989,572.7696735783455,4354.02108936845,3037.2099658700217,-667.7472357689292,739.4296008742232,2081.759576908293,1077.7171365598695,1577.8846450908336,585.3207571185881,-290.36422843977977
5127.464838581388,5475.952979176179,5394.99646109711,1272.385368393274,-2281.8837660835575,383.1617803258332,4340.876045247125,2787.8984057793555,-1416.6732221175207,-242.36837029119368,1029.58153684485,184.65404111422964,887.6598911029832,680.0658573680026,-372.65937732833856
5733.096156728855,3590.720255236149,4364.671920245788,-1275.3985686026508,-3438.8247291788703,265.81776603493995,4202.34776184235,2509.1251952230186,-2498.382902557468,-1782.270542005542,70.18267279910981,-632.302695009496,-157.30388842772254,405.8589163038171,-610.7217807513123
2568.847054982286,1416.2304022807052,3469.238194485945,-2307.8130861683703,-3950.4781571155568,609.6921273094752,4447.682948200105,2282.026006076666,-3211.642853747615,-2560.526490650413,76.17504514135442,-708.330640306187,-870.028966475302,-119.9575678086942,-864.0240009923504
677.4106042331975,1942.318156433623,4693.736947102204,-422.4833122284011,-3045.551346703309,2118.542280588597,5027.4042893901415,2359.433408328594,-2570.800272384067,-1646.2689446111267,899.8971501371085,77.67131678353098,-689.5193128094728,-411.6351248729313,-903.4761758151567
2109.8902019070224,5123.879206194955,6492.358000177762,3023.954193935309,102.15014591620103,4333.580812413786,4943.6636460056525,3119.0862549635867,-418.22476974208996,431.89933549430083,1828.8881663360635,1237.0516543553751,44.68846033061004,-308.33973509625923,-757.5993199488133
3085.2262720033837,6153.87560506916,6038.551990831221,5539.312597022292,3214.125570683739,5286.608908586402,3954.1640991302193,3353.1136527847057,1074.4603937953389,1458.7591694159958,1800.0736618223414,1611.3658571220863,449.919579568667,-155.5776415668395,-675.2356686783048
1649.2087072255072,1687.4532315634744,1778.0055799707598,3254.059707469542,2903.1594662002904,2509.1552654199754,749.0228485436237,1525.6216544763795,1364.2989182349456,759.051488081117,388.9781153089983,854.0995838072874,560.2060765985387,-122.89091691068388,-742.2847663891589
-804.6798199840132,-1642.2261876356383,-1653.493170776405,2074.5587733908014,3234.9365226167924,147.22726252624358,-2266.9513765688075,357.553639275137,2006.5946904235545,-44.2130473257491,-1102.7223604452058,126.52391709388094,770.8802008184844,-167.83092303069307,-844.4954669436742
-3607.6921795589174,-4.68923688481722,-279.673921511001,2118.1980380758982,2864.45746690404,-370.5919071695429,-2888.380737828269,-0.0854106622714994,1929.8868339637468,-829.297782728717,-1762.127342957157,-199.71136039380485,652.333867185385,-440.2763954513405,-886.5388351474023
-5094.9881812712365,510.4329173591671,714.435067180409,1359.8053043639632,1626.0197525611347,-865.2402028088823,-2999.693430376651,-578.9525118120052,1211.3919067535635,-1712.5367508825232,-1984.8319347067506,-496.2900748584904,140.11979857857028,-835.9867362196421,-839.3142368068455
-3877.9557180084716,209.01001251936842,1149.9764357942631,557.941023927783,574.7916178706837,-415.6865574738757,-2089.2133295987287,-154.41093075860897,1245.911650786623,-1624.9699006003307,-1827.5685664145094,-301.4785405540923,26.265270078325045,-943.7801872486178,-746.8726125931341
-1519.9133718332553,-276.60540430421855,630.8837711223841,3.512324342567098,-317.018360980948,-0.4161423533121251,-882.7026512403788,370.74963421147805,1558.1727692459308,-883.1670224941829,-1438.2421012948348,521.316017150147,539.9933866999515,-788.6213037258128,-684.3223187633387
635.9282596241457,412.9633968642332,978.7209332591253,322.36391477431727,-517.848388031605,47.54115631052133,-470.0933433656104,121.13299050116566,1413.5832957832313,-699.2200434120116,-1385.9447123147977,1198.1518873964176,1060.5013854853992,-740.1171458560395,-642.2951931537652
1944.3325902573565,1598.259623966455,2040.685807816766,-252.97201936398105,-1212.6541100217357,-35.08958653965584,-455.3897114968189,-731.0264480730773,523.8335320418398,-1222.771529788234,-1632.375113381854,1182.2854058188298,1060.33750815786,-877.4906104588756,-553.0945208934218
564.670565390957,2911.4923512214577,3182.350980654907,-2309.272939887698,-3003.6795782295876,273.1129742806963,75.18097363109634,-1921.0116102893471,-1094.921521734564,-1547.8358626631457,-1475.0447518567853,552.9558298896887,492.5341568491694,-1008.1354234813678,-407.43837818665196
-2468.127754064756,5571.264340248734,5687.9004871535935,-4621.623092320308,-5170.079460008228,2328.8685464547875,2237.6016690250303,-3153.210015130291,-2923.075881960827,-665.1110060974329,-397.8862139674039,-433.13734150372045,-452.11492184918836,-964.4774093801991,-232.4056032701231
-1539.6549043930775,11594.141205277114,10965.780680678312,-7043.222764916903,-7480.287955703841,6110.939880474003,5612.36936300868,-4552.914424560165,-4310.516350364982,1416.9183848701286,1249.8217630389597,-1452.5208711816886,-1341.052290734501,-632.4331979041067,-22.036000794308706
4258.805410507314,13995.722941582882,12897.449269306246,-10384.925989707528,-9810.299449125678,8225.992169464327,7153.804663304266,-5865.885687577784,-4657.322186012224,3277.468150793625,2406.1041449735662,-1876.2328889000764,-1513.512188747274,-168.06597842634142,176.07813161762698
8031.064610005064,9039.107999765209,8625.170099214882,-10391.913927495654,-9109.428570292937,7040.5216636464165,5726.892161600978,-5579.42775381935,-3592.328650135616,3591.659202717158,2453.485775974124,-1247.0958970977135,-864.8886595646918,-7.706878177682256,270.6553748793791
6251.1509457825705,5011.920403939082,4967.397497597353,-6352.132680704573,-5408.554448143321,5036.579612063633,3725.8489864610506,-3669.749441744872,-1898.7429710013746,2570.8256101205016,1811.3210294682142,-116.18098068354686,-120.34923372310321,-180.80416064622727,309.89277460414837
3292.4579228816488,2795.5414983098926,2847.4567029908944,-3282.0196673832525,-2681.794094402913,3327.947803585931,2168.307574379031,-2080.4061802073456,-1026.752863705878,1123.2610312267557,1020.3883393357432,451.37978145603677,132.93789415625434,-278.2060415212969,414.00620075721065
2787.0968590874845,1404.3721835305073,1612.0196012107253,-1826.7409794130247,-1338.9086220993158,1955.187855168567,906.2250112765515,-1391.9894321585682,-1198.6725369465464,-157.10064661417022,205.5513250246946,189.35227038911194,-62.0941327462441,-187.6987808963862,556.8497514379042
2626.589803033766,521.9813817946625,963.8090209741334,-1112.4487940705003,-567.8218607789787,1187.2069211383634,299.48806269935375,-988.8836882529781,-1461.5166465559823,-915.9878414948864,-441.3833195374781,-238.19652173844565,-421.09057884199547,-173.64658387632738,620.5553778900562
459.94560573498234,-100.55942546837562,283.4371932087424,-704.8533166074756,-303.87815221445686,913.2672168524035,374.85363810915874,-567.4767866725758,-1183.7974472213432,-1043.2808281380399,-588.8237797570514,-238.27781575856608,-684.4792279472662,-338.9977017649854,606.4358656414029
-1272.5582604521778,-168.94134325750102,206.75289954365502,-444.7143787354524,-74.14303038810178,1290.086013213135,953.1014512896321,-162.78765654796553,-479.4119677256769,-499.986397553282,-63.09612138706473,178.97610856840745,-566.8504449119256,-400.7637085580338,652.4190009561173
740.9174249162756,590.9430134797785,1005.5620392500467,-957.9703626520834,106.64567911249532,2691.1777458895854,2055.716450357539,44.67290280616811,591.3830113790436,842.5272877091918,997.8788526694416,711.5819675838711,29.57767040320641,-90.03621742985439,816.952128491605
4196.821315447509,3519.442444448068,3400.6016575875155,-1507.655446247848,900.3632722531597,4869.650388197581,3459.17161468426,267.6767432023488,1731.345489600411,2195.95520532401,1761.0315023042444,894.7628932158103,574.7625050807626,374.79587468157825,938.4101602799037
4518.806239086679,6336.267585014896,5330.694857791826,-1156.946518072868,1626.0079389349132,5493.060214345837,3599.001827479465,119.96969140475045,1814.8404257902562,2431.378246687627,1411.2447302831197,392.7593756769533,531.5285291135273,566.501007416552,872.541779251701
3560.626822965171,6371.437267770883,5279.471711167071,-463.2973447752052,1911.6643292062543,4933.135344569499,3199.5368793229277,115.44128321387382,1564.1058698567342,2127.765868820517,824.4462560591357,-96.2475451544347,342.2605524308042,558.2311616501523,760.020390559572
4893.845258699258,2714.6776034779077,2567.4915335499627,311.88861167516325,1660.95479466329,3090.2484582330153,2884.994850533771,1138.8888961557707,1535.9919192764874,1690.006874590813,935.4518560579403,149.78581958918573,460.6932510638268,679.6252087470634,758.1729891197867
5249.1819151396085,-577.2335011608561,-1129.0865628728338,-1937.8550947469855,-1150.0686380116217,266.245040831937,864.655251355492,717.0484402101863,231.0652806287423,546.7897735983858,611.2356812034504,180.187027273064,356.9581114107839,747.3999435782381,760.6182786715725
1965.22499865129,-983.2736547175783,-1630.7421233015777,-2549.6529036543657,-2363.613857102101,-781.7885193499116,-849.3494764554458,-904.1873249016296,-1372.5526439808855,-749.3254621074705,-751.1577841095267,-800.3814175185331,-311.7680550115042,461.70820408633057,670.5929766212732
-1396.171972729969,-826.911899552527,-1391.447468665285,-1575.5556303883582,-1820.2528429480176,-956.7295433816306,-746.6544088552312,-1154.6463365255909,-1760.7303985614374,-1384.4455712110223,-1774.535348863345,-1813.372345165813,-1040.9066404014784,92.77830675785489,573.8694561109978
-2178.869096300053,62.952187399483705,-710.9542521388596,-1212.0324396665255,-1133.5815930196982,-713.2833379752346,118.60082367626882,-278.18567005288077,-1124.9546749970036,-1109.1466091537425,-1446.891752276084,-1837.3667389354873,-1326.4570919772436,41.120661634610656,523.2642809057261
-1349.7194042977596,398.5677000760634,-70.73660357473808,-781.6297122323308,-658.283652964047,-215.70996865701164,774.3738842068731,527.8299222199369,74.42416030849586,8.35699437333848,-238.63600984095615,-1062.0133964390097,-1152.5765184883508,265.9748923139823,460.39885493152565
141.5687402109673,503.46771874184077,234.84768326053722,-423.66842157206213,-618.0319410572444,114.61582295022703,911.7356423494848,902.5532639516912,1312.0022107381146,1403.7365519859031,882.4683034331099,-226.9666857498035,-773.0139890979309,478.3924725219955,340.5896511503796
1997.581185629871,347.1420877336918,100.05616802524193,-762.3513913157433,-668.782310507456,475.061893595226,653.5614311567178,869.5654700117426,2021.2180800594501,2355.339449342545,1379.187425714135,215.3850981637043,-399.16092391572425,524.9228563099233,178.2427438487744
3129.935891829695,295.8947451719132,-127.4301927928708,-1504.6303587388172,-563.7242341965514,906.3356736091231,4.236178531990504,314.9504690490169,2025.504170847849,2560.0872060012316,1251.9459491665411,293.3674492093845,-67.09753282695476,445.2601272560941,0.9894992522906705
1549.8626296599716,668.6483347711674,-170.24691720435897,-2319.5347295380498,-472.3515758753872,1224.2276372359195,-1153.4100027465693,-838.1591556592915,1524.615732525516,2112.6486648597515,706.4945712261394,196.80658603967152,231.77711820070846,282.80444280458164,-186.20327160712532
-3667.93174339213,1374.246444339758,-53.77105659402653,-3198.0735299748744,-598.6094921652654,1178.3628433595077,-2806.353578126878,-2422.6983489559184,656.0594004855946,1157.6227811982017,-130.0268288221883,-85.58554083515543,326.06301690578016,0.575962293728935,-384.6426961646241
-10157.865882674965,2367.0225924098677,174.02394153391373,-4260.272929677014,-1027.1458186453992,667.1926128477612,-4578.583385646426,-3985.859054732504,-308.7367848274989,-19.78530746357609,-1095.5907593916777,-541.4780584004901,104.49553520655454,-298.98432431841377,-560.4014450094685
-14037.940538659763,3492.489124770517,807.7797808680966,-4642.134478505158,-976.8222369324724,408.0156739071049,-5261.731634830749,-4551.292854014683,-673.0216354111677,-695.2533147375344,-1622.6134838024877,-629.5610380496807,10.644409963697665,-389.87762276163187,-674.6082446943244
-12771.701415760257,2330.540512375476,210.37264376761368,-4190.041853824496,-841.1263555299724,201.37382704848784,-4306.256870552249,-3640.878735494036,-322.45751724425,-245.84480864539427,-1101.6902507836455,146.56826481369512,514.6374860590734,-219.44348745437844,-706.9545120639298
-5846.645202577587,436.15019299332954,-1720.9216177333224,-4529.744713977562,-1650.5028478003605,-721.8336170257687,-2967.372364775565,-2370.234082655071,-24.0655868105369,775.7094256642463,132.40245443059848,1188.4253344607157,1270.5233594260571,165.95169671345224,-636.9197635962623
3028.767974177763,-680.1771246924109,-2592.794963831816,-4420.402238234084,-2014.957385326051,-1322.0857605552642,-2310.380731447567,-1960.399372744715,-193.0192760928794,1122.9152634454936,929.3200042593745,1440.939096611442,1578.016540015487,590.6917037906289,-545.8215095749105
6446.392905665342,-1789.0056601895876,-2469.883954576686,-3309.9423958835423,-1427.6797829290547,-981.6242416734763,-2322.4801094871405,-2231.4330218884074,-247.98953830628597,399.42857386282964,391.62017285438293,832.7667617332045,1168.3922355880068,601.5220972896009,-612.9395485004036
1719.5723756690015,51.082341590245434,-439.6082693547941,-2158.234132905486,352.16441542853,519.6213906947721,-3015.942840855885,-2529.985878909903,604.6694140500404,-1085.3617282758805,-1393.755590827973,302.2600939848387,364.0383516018728,-44.51605458769552,-829.0091083646264
-3928.7151708322813,7628.881647672726,3542.4329964322787,-2746.174162463225,3324.2847231429923,2722.6312573844534,-5102.278735314572,-2935.1699580847776,2016.282413704187,-2909.626203056855,-3291.9625278278495,600.6139060607192,-195.7410294260813,-878.5191725157827,-922.6782131011203
-2952.614698622785,11185.011392414093,1649.533833508463,-7383.03284533183,3256.3355775720197,2307.841785884855,-8023.813672251448,-3787.6092949067493,2423.173053291249,-4366.215071499206,-4083.774470215179,1281.1425074956312,-197.16125204576315,-1158.4028649037614,-758.3862676360365
1358.3546145897087,2836.8683288423404,-4900.680327076634,-10007.33064566759,-855.480855049577,-1141.3785994469488,-8672.99390824318,-4518.75039203992,1021.5238751442829,-4648.644142161054,-3651.009552533348,1240.5229129790068,48.106741289004674,-801.5157419539605,-566.7854107055604
2360.0869245047343,-2035.2911437992589,-4501.417413271428,-5910.162768156803,-2718.475838432706,-2666.7301695971373,-5953.637191003951,-4087.4284607225063,-708.0100108320412,-3755.9226959608177,-2857.270588050005,372.76494439313194,127.39564203481706,-432.5614925639693,-553.120133924669
1305.5176294420455,250.25335896216836,-765.5502743325934,-1925.5621317503042,-930.2959019929408,-1245.5502342357727,-3187.2601687669667,-2947.629540457682,-1319.8222922332204,-2866.941589822193,-2506.998722084633,-390.9372277168069,-84.0436051451635,-484.55841861170046,-602.0298866043587
1141.6438379686174,2810.2927911891948,715.2825482507087,-1326.8044603665585,2053.7736653195707,1052.7763763720031,-1964.5205889196943,-1655.4888694855986,-940.3973092581683,-2621.0484802589413,-2636.4211182194927,-687.8554583146879,-576.3417365110997,-822.7751168104081,-574.6190931883629
-86.75617112524563,4846.930310573902,1145.5819872174852,-2190.0474068370727,4865.499892466075,3244.1662916532487,-1623.9717664227776,288.2513701839921,416.78336688378016,-2393.854756113235,-2605.527194001639,-823.7097042377586,-1073.4725818127358,-1115.3518666786579,-517.9054848601729
-3693.55795739427,7959.103721267912,3728.886869244327,-893.4868990229493,6424.978164740985,4477.63391813114,-1478.1270841713472,2286.73257930186,2157.6914819274566,-2109.0083713719405,-2094.906165188588,-780.9715885911916,-1149.0709993618443,-1159.4716164598235,-475.37220027508624
-7259.102055826528,8694.238969207634,6209.725453669349,2071.4838053998183,7067.056885091657,5423.262123472241,-484.7420801755164,3639.900345504546,3215.0425263789916,-2014.5663064823539,-1468.8659544783616,-496.82251541405236,-927.8021445690445,-1032.0225621660911,-396.33500654999494
-8807.01064852586,6146.769539813186,5815.861294061665,3662.3999931410654,6544.176993135672,6035.430225672057,1063.9598712730576,4625.1559740158855,3821.25655079466,-1735.9643305624586,-894.2391718027379,-173.4620676877771,-850.0383055335283,-948.8346578273629,-269.61286048483487
-8451.41636774665,4333.899013810634,4342.535213632891,3845.661254186311,5552.761178157155,6306.546676250065,2583.928398064644,5556.361829307916,4607.459962710443,-1038.1040094209093,-63.22609948631333,269.2382857419881,-866.1797845739267,-910.2164880999962,-143.15621510869045
-5899.6494885876045,4929.469371961351,4348.5535541362315,4192.423155121923,5582.907747297488,6999.341919120455,4149.909540427414,6556.521345076912,5696.053591460926,93.71837190423216,1307.1917594706215,1175.5486106600229,-606.2712879747228,-711.2635590183643,-27.059506674489455
-193.11614463341658,7130.4029212908645,7002.60527092239,6039.432164063135,7247.316378915621,8551.435127155793,5885.690809500903,7662.975187060142,7019.730564183111,1667.2087712545708,3087.46717238841,2527.046611202741,49.214167683953804,-308.61623148001814,94.20606634900389
7973.765255825507,10490.750263693062,11674.146269340143,9428.725005281574,10417.807150860122,10851.199951626406,7476.209573658591,8758.764288785105,8252.326214832898,3312.344910923303,4668.841351599769,3816.494653950491,887.580214639821,95.88025483766603,221.31243261372146
15390.802067331293,15245.01644406959,14896.196617776975,11456.172214415483,13691.034236794218,12452.174326456792,8027.514973448212,9420.750783940368,8786.529840712905,4370.611562865874,5442.03012365231,4580.094137682555,1624.3045509165258,353.89341591071354,362.08620769289854
18412.78790066038,16766.73480579002,12062.11196826101,8918.439253839855,14437.149533421238,11383.244432744983,6790.4711760228,9041.252532536293,8162.063356993255,4414.6556357898,5359.503000992565,4741.324120396604,2095.9805434065634,433.31574624679547,506.0522751412084
16949.81930565963,11015.264122378183,4543.568836871913,3193.0227057223806,11110.343115892772,7240.3524708877085,3770.9038628290596,7446.314476219065,6442.114565825381,3528.9260924824857,4747.620205336362,4373.00652635285,2147.655178764564,325.6348200348841,621.8737054719106
15136.26477818163,3321.4136824173406,-1086.956180732198,-1485.6654714369577,5471.5981023424165,2021.8921010573445,120.15374888454534,5223.926111772908,4099.7952808581285,2020.4762705855985,3971.4647228592007,3641.625300079902,1740.3376186619762,222.0403428833706,731.2852683489598
16449.287109663048,383.13033509762323,-2160.602339837852,-3138.1940133183507,953.1909137287785,-1936.6086029941641,-2963.25281303126,3054.6737445483045,1533.4386189030115,124.57529931204208,3552.512557422768,2929.8977211385054,1202.3256713549683,392.32595231432015,881.4738867083654
19678.00241922787,-138.6217295190802,-2833.763550309081,-4402.779725274735,-1597.140112254234,-4863.445289354815,-5679.527539530046,1483.7608909288206,-1052.26783919409,-1921.8696731654682,3574.2781298084974,2218.605573037288,684.0494277403164,794.1761287194697,1027.5907065021252
18626.35539353898,-4204.575040323625,-8377.744614456731,-9077.693005091885,-3222.682588913423,-8207.028036366266,-8627.051882935786,205.342372854492,-4061.392755011177,-4415.169577333681,3017.34274934323,633.9443131418191,-330.21267254993245,1037.8734730736228,988.960392179041
5973.88974645094,-10920.733134881526,-18282.428500239283,-17273.921218714604,-5868.166188445284,-13304.048495148416,-12674.652052977117,-2061.0909036474145,-8182.642914101875,-7874.505856186286,718.6649662834857,-2422.9811125052197,-2249.7900646655353,592.9574314681295,605.5661265521618
-15669.145477174407,-13653.662189608005,-27330.068619986712,-25149.791210424035,-8973.388935639265,-19072.531901925948,-17234.003021703636,-5304.16368855901,-12502.276307791246,-11423.710875876634,-3107.0317766157987,-5765.130656466454,-4386.693574358909,-695.1411864466422,65.41974133343126
-30067.265301662686,-6710.1655122662105,-27018.30777542424,-25348.824100955957,-8398.491701382665,-20890.506657373702,-18955.312184386617,-7590.744612628672,-14551.508209267107,-13066.238231188883,-6538.63400004572,-7151.952544468031,-5394.118896785917,-2054.751620000889,-149.56945693906005
-27103.030449474434,2016.5499595683802,-16167.800290738636,-16366.754496941036,-3817.9061170880204,-16646.453402510833,-15883.544854678337,-7211.974840204548,-13079.671378992394,-11897.528366617826,-7574.906159827869,-5985.941540002086,-4819.030113371379,-2432.9976894905676,97.17528255053185
-16352.326692445931,2855.727310287924,-5617.305873358745,-6714.633579007275,59.98056482824187,-10052.73816876111,-10365.94972256931,-4821.673130037275,-9533.399353010647,-9039.610445611796,-6234.9351378865085,-3956.5586992502613,-3560.0882907363616,-1803.1750741222952,415.0614224001771
-10301.390783493749,830.1756455790033,-2335.3589835169155,-3093.951965161313,720.4653613663419,-5958.876537525762,-6307.031491037065,-2697.6237051133917,-6362.224036984606,-6350.188467655833,-4241.018130191075,-2672.9547170999667,-2615.695230878353,-1001.6247050654823,503.33056198701865
-10135.3821537296,1945.6544905838277,-2924.703950789276,-3575.5149268440873,91.68665448892611,-5362.435292609239,-5047.114101825609,-1981.9403049746145,-4749.15400291351,-4767.820834880686,-2838.240254950613,-2239.0069322092395,-2137.8789341932124,-512.9248648498989,432.6073687387375
-11710.291189056463,3812.429885346626,-4365.143508420014,-4818.944263260406,-79.2074344774305,-6392.971765858579,-5298.73127665931,-2104.5021088780136,-4377.303523034373,-4013.0786033003337,-1940.234459826222,-2053.975355679183,-1712.21588312411,-174.8659006640655,341.1195953335192
-11555.836563956002,3514.4186364065104,-6618.300831286875,-5834.113900013876,307.5040534270205,-7115.117888335292,-5412.624914436119,-2091.6507519307615,-4603.815371819149,-3467.0672744728445,-1068.0479931847804,-1680.9737011834584,-1001.7368400995049,246.5237297157445,273.38594340271715
-7400.900999359095,2014.5187230466354,-8854.39676455903,-6345.981469538877,629.646831169503,-6844.644400425762,-4746.18294697902,-1429.1000224515851,-4812.777281640991,-2560.454037302508,-9.574757951621308,-1041.6053531840503,-165.55671004428478,678.8672742400797,236.2375626657497
33.582655758696845,1358.773125962701,-8921.75325502674,-5785.264699588759,567.3010756330245,-6309.981963756667,-3805.03297696388,-249.66868699671502,-4376.451490143404,-871.3412620061251,1289.8273208363648,-284.845929422547,391.8151311531278,898.6374643815701,188.19069957829032
6957.077852147033,1315.8120206367678,-6974.460993722816,-4701.158920155466,348.6102076853997,-6085.500221667945,-2766.027369834656,1201.456241274485,-3202.8657872193385,1312.858185398772,2725.549940623804,497.036542845745,688.6743366631471,897.0514916236601,57.23425413184073
10844.157487610513,528.252682706075,-5424.192794541433,-4272.220232978187,357.1765390528416,-5944.958136745978,-1287.5372584358895,2777.9118661371103,-1787.9937633786708,3261.551716940014,4031.4905054443675,1318.424093043891,1071.4049913966805,903.8636822634123,-137.9724909154527
12701.052413574886,-773.6040019094339,-5550.703233793591,-4334.391624907733,1103.2241224403847,-5622.953148166736,651.4506909240969,4325.691989789292,-540.4954638664719,4591.584955498389,4919.163024503925,2038.6632922831386,1557.4151518264925,1050.4186091041224,-291.465509563768
13568.338206334343,-122.0755801771655,-6270.5283600512075,-3335.734141861229,3159.304592302401,-4882.407213734052,2723.3812424058915,5525.006069807888,347.0315986196906,5215.089142802201,5148.6442961766725,2256.6437986395035,1847.80556049973,1180.0162683881279,-375.29483913403453
11854.090600248988,3875.098347489409,-5450.842716881193,-707.1448424735937,5727.380970058549,-4093.599218287386,4101.594459119665,5904.883741520633,594.609972399157,5268.343776555977,4650.875609368416,1602.1250836947543,1765.3191297674157,996.562374496275,-483.09681251452355
6118.350285661775,9146.169231368782,-3565.0846127836353,1929.8932569510694,7414.505544070364,-3662.507870897579,4771.046007946562,5867.839390973938,275.36355330589436,5267.289639059896,3555.320354305854,173.16616600801464,1353.9745253521476,428.2058648541141,-670.0709408729235
-2336.918539978966,12628.08304225618,-1477.213672154535,4015.0618151227054,8373.439797618992,-2164.9758696710464,6085.956244461721,6479.767969646752,-22.60738196486831,5579.8641825580335,2208.495547993991,-1333.7346339316578,891.0263252153271,-227.08672254649287,-871.3273329163728
-10891.04488867779,10264.554000234913,443.4599631772656,5368.230396449501,8891.474568477941,939.5944307633067,8217.172048137048,7749.371805370701,98.45824431886315,6120.250624783586,1034.683869910687,-2322.819879507656,656.7816834682149,-727.880220300056,-1016.3219100917668
-17251.16618820731,5479.53441292717,2086.370483621963,6358.259102758944,9545.822454568566,3580.1978935641573,10096.291659598985,8587.210113425013,-53.268217882663016,6333.633000594468,-203.10818168816593,-2973.944687450608,459.60136324969415,-1102.521446339886,-1100.1451526538897
-19747.990289525416,8282.9639428679,3706.0355008394904,8147.7351124783445,10842.805693245782,2546.4099553145525,10175.338850241369,7167.795699325643,-1597.1952021577665,5377.025290746437,-1811.6673644613768,-3517.7365200045297,58.732587481222396,-1325.134603535561,-1124.882261171959
-17224.379566217438,13557.69252653558,-150.62008019850984,6534.1886641970905,9118.325561684653,-2191.4482509318964,7444.647879174389,3478.654789686861,-3604.506893977474,3598.2696393268993,-2926.2618244566424,-3517.9615145976054,-185.66452790863298,-1244.4206037221613,-1047.5656601318785
-10319.211174440541,9230.641121733677,-6291.815871565079,1726.2058417831092,4636.721476658909,-5612.320326011838,4167.5705850203885,402.16029331979047,-4279.646392881059,2352.25956264352,-2759.1188564885206,-2640.309340311328,108.38901312370703,-824.5407317770498,-849.6695723027275
-3460.1498127141035,2468.6440886231503,-7498.229549905701,-1027.6469676299835,1601.369701136605,-6250.339210855665,2236.106374115228,-1124.1188209271438,-4081.3779877485913,1858.1544080597105,-2076.1275966879343,-1498.6192310044037,654.9138555933353,-328.7529430925975,-636.0014140596643
-180.6565843637988,-126.31563857070307,-5299.549767541066,-1643.0502969180434,-43.81725797922195,-6401.761609185569,583.9374454999722,-2727.5439727079897,-4577.423961183854,1270.9870641213581,-2118.3375107746688,-927.9921451741714,1002.2783592213307,-110.45376984638028,-498.18450439091833
1973.5948067527097,2707.9491505197216,-2152.2738330329253,-44.22614204680818,-41.25576896933333,-6048.988975499254,-910.4430434402788,-4498.792663473693,-5683.328306300678,414.2491471065299,-2870.887848845059,-794.5535150322112,1197.7174685527916,-138.2217514382538,-374.0026571504068
5764.691519410257,5951.508811444855,-2006.5249028914652,2359.5689703464313,1528.7016064939821,-4924.449832011393,-1161.4272109063331,-5223.192004737909,-6183.013064302328,-129.42625344303798,-3347.276356152006,-419.6268521118798,1495.1507888268409,-65.84805620173873,-214.79494446318887
9135.687017729688,4741.099197889674,-4528.09811354628,2655.384676434581,2226.8626349750857,-3976.754674172462,-507.5542535454531,-4760.013729634906,-5593.67878338893,-144.64280562536624,-3012.8180282643316,231.3442187236958,1806.391531815614,212.43873327766298,-105.26987527690676
9461.55638984933,1659.9125296479376,-5717.032058939305,944.2819376916399,1124.545353001886,-3685.0166375668505,21.076618367400783,-3814.2522783335835,-4352.919073069189,58.52232973201848,-2196.211621163482,577.6747171844958,1803.7890951207678,420.95532291974143,-113.99952649837854
7775.849299621859,-304.06827331856266,-4865.779919371245,-954.9513596447148,-571.1328327222894,-3842.272468206339,166.07702494454634,-2972.599687244161,-3089.404887299166,272.2337078044006,-1485.533523265411,388.49498146341807,1422.2544699557986,322.204497086585,-171.42114403006525
6903.7081919561015,-1014.4653154471029,-4023.4104079868225,-2063.9111101289923,-1766.404616905633,-4285.207555212198,421.8328631918915,-2417.243740885484,-2039.3609780433937,635.9000064138488,-1165.6633631572427,107.12778315583944,959.9315027341189,8.552651192237107,-155.65843868018027
7780.368287324801,-789.4546863614997,-4714.040596986486,-2218.95230509616,-2282.1717909823524,-5058.294283999115,1384.6792814469063,-2028.8672809774544,-932.5085246670135,1406.7480175982798,-1141.7783646141477,186.4532547850306,625.962577255507,-308.9506640455562,-38.4021703805449
8243.69680970258,2048.6953757316264,-6283.580579754564,-603.0038020299789,-1677.2781723017563,-5422.491559877572,3206.0037940243074,-1583.3566488174604,463.1002338327564,2546.2851509683082,-1251.0085188423716,553.144117753115,331.3669670705185,-562.1110150042787,91.91668896709335
5323.060115881589,8306.845446076404,-5868.222850839166,3133.235835616801,664.356962498633,-4064.4335721253037,5574.249706097029,-949.3602450726235,1892.0721469063017,3541.3856447648213,-1479.449016950874,898.8771274304868,53.98753628078214,-735.1194797294094,158.05361129696593
-723.4103243082839,13337.842123303093,-1857.294003398307,7389.742181211096,4282.34064755355,-978.7826390195967,7892.006259963335,-243.93775524480463,2997.264055949405,3952.4061702386134,-1794.322392712506,1164.1828323711732,-62.68060085528157,-758.2690255502237,206.80676896716824
-5996.261728531247,12997.330528649272,3368.846452035174,10166.952387457513,7658.102103330222,2397.2767141634167,9622.969226078767,407.08255975146824,3837.349506776136,3942.8021880614765,-2061.764470087656,1483.8268151083932,-63.38896768427128,-638.0313753954006,321.6019968755071
-7056.722570300071,10570.496852101409,6469.075868740078,11571.525184757382,9803.527105570838,4695.040895142994,10750.311950831609,738.0365141480232,4542.425493746004,3821.205449167507,-2190.516927623484,1914.2534682629412,-114.95355107829596,-470.818664843977,488.3934476747913
-3091.2287734457896,12123.885746699272,5435.0438254252795,12874.471432843675,10033.254931738991,4788.300337209125,11110.837253186442,110.60647099861819,4859.803408977146,3550.021908737574,-2154.3372415397434,2497.6063543361843,-142.03195183269486,-240.08286167233672,659.57586309369
4743.408182637924,14384.673234162508,-875.7154653636211,12386.654630331168,7011.392876235229,2059.059482729228,9859.428374462335,-1954.649831287777,4453.481121378565,2939.0948312209384,-2012.953704744474,3295.7951078742735,30.087349643805965,162.05192197136955,843.7843833762793
13124.377288330528,8537.239992746021,-9466.770966608754,6530.417585383021,54.059282492039756,-3326.478180764079,6363.341066240835,-5430.100644646444,3216.969654498853,1693.3220008348087,-2079.0242801576405,3980.30691579044,175.86969250160269,617.5989379197298,1023.8551074881334
17788.718467955856,-4072.6820479929725,-14737.96191506115,-3722.1251773063973,-8554.716480796686,-9725.369152588724,1088.6996288199014,-9615.472579518984,881.5612068651667,-839.1058142167122,-3128.137939231394,3863.6565649072804,-365.7272080657746,822.6099218928234,1099.679921050009
16170.407350782058,-13133.324103846528,-16239.836074656776,-12227.17298076224,-15370.003520109762,-15365.126194870729,-4512.987297238651,-14127.41977113281,-2371.422606541545,-4775.090143101732,-5488.286382962391,2866.8610987941065,-1852.7362726035842,709.580198461248,978.6249480584717
7677.266506642439,-15542.368095829957,-22306.320510594676,-13611.618275710349,-19147.709104187063,-18747.186963343906,-6726.889620418057,-17767.938271296567,-4241.45715666211,-8342.275702284447,-7761.280627649307,1524.9802477953751,-3601.0002739816746,355.84356745641117,652.7540021820354
-5012.310557539304,-4653.97161594958,-25834.156486028252,-3904.7241010580565,-16196.214603367787,-15955.60263914068,-3488.4672935480926,-17818.386239235628,-3308.531961199351,-9678.09289731383,-8419.978313102434,144.38804894377358,-4695.6938171724505,-233.24855562289997,243.54912294278103
-14465.948375587066,12113.336278043196,-14672.361544181567,8933.420873064475,-6954.537777148152,-7686.707041357144,1881.214576384169,-13908.01045494674,-667.8736445287557,-8492.474850067534,-7200.762102531841,-737.3939145038219,-4684.994270745243,-776.8343841033178,-11.532772582291273
-15598.304431459375,14969.729699634565,-285.7528170385702,13217.957088106188,1923.5289716950756,610.5850006121684,5782.747462517867,-7792.032554080328,2447.979884933863,-5347.838881147557,-4432.608308603315,-383.31161377896626,-3717.738991009593,-814.0515088927575,0.8917253782328771
-11971.29780985505,7536.258066832225,2612.620743105038,8478.695382588026,4148.97745647823,3668.486974644328,6285.840972450505,-2388.6832594395046,4584.418155043391,-1734.082561305369,-1172.4119875258411,920.5382119870821,-2433.2399214340066,-359.90480726199803,125.65066029758202
-8653.71707207859,6071.899984478153,-442.9203744426833,4441.398360847064,1362.8342128400218,1954.6128363911716,4355.219952940466,-28.045186663926547,4928.71391093299,735.876604757238,1253.6738825568036,2121.1420865586006,-1364.979169552869,145.32287420122822,195.84592000709256
-5858.057135783995,7671.217864092989,-925.5615012391171,4559.550423540602,-751.2959143442438,214.3908683824382,2762.6386857621806,-85.56245430334076,4277.96481930002,1731.2835507386287,2410.9602805596664,2694.821374428095,-566.2949917283158,442.2554077586788,217.306503728846
-2664.6158145403706,5564.7448890952355,-1239.5019701744043,4998.328265907561,-963.9611391254648,484.2375963646426,2757.7026257501593,-553.8591136805517,3819.63531603361,1846.5112746599043,2671.8807499600803,2792.224851048815,20.976906200294763,580.9198381948017,229.83971067798933
-48.41831046499299,2075.375734047306,-3661.5786694512717,4262.190439101711,-976.6524781031089,1555.5861838227468,3608.0870556310847,-503.74017742180024,3955.526846514943,1542.5931513113353,2445.7136593528603,2532.6949663131395,227.63800199882718,620.356192033305,203.62738905487143
893.8236889691167,73.61748602945306,-6357.250073024436,3359.7229680329247,-1502.7235657319916,2187.935222150505,4240.89834062064,-302.5661887630188,4355.981747140363,837.5481781997336,1885.616701801232,1787.4863078351507,-122.54494275675563,507.0645266614706,114.9015055668568
230.44662297010433,-400.27128598369177,-7416.857212050799,3053.83443330371,-1974.1957607327015,2457.437571517486,4348.433221781909,-510.4241971939647,4566.024621598537,-345.04886728482086,1116.512069185707,616.3206289923177,-838.2992143865214,247.70973187820172,5.782674612761269
-1532.6653116515458,984.0834667454874,-6003.9702518736385,4302.085863816492,-1659.7208032044202,3056.2169616934802,4148.860214406901,-1219.9956202375156,4391.449080910032,-1829.5974597364086,460.7190626753606,-475.2780325390089,-1406.696518202957,36.32315304376806,-76.94383183597797
-3756.2379579955523,5347.374716413763,-2471.8285661123973,7589.50635858059,-540.233691847469,4102.986608092066,3710.5170230176363,-2227.6554668817153,3929.5708633146105,-3267.302138797421,285.91901548734705,-970.8181202095273,-1440.785225045475,85.72382325302982,-146.72180279503667
-5222.179645832725,11267.879108901567,1105.124295587186,11243.731591687378,445.7643489797299,4778.590310927802,2757.609151661461,-3417.4617393299195,3386.9546922225245,-4396.835168024928,696.5695454791393,-867.6744436123863,-989.2739473049185,376.6281601673648,-241.91835129956195
-4334.903010707081,14599.021351396214,2017.0238386625322,12342.085730068977,-254.95743356433897,3996.849338835552,955.9591034249654,-4711.482362153634,2935.842289872329,-5075.533273384948,1502.172040421142,-549.5772037450107,-378.64590545221756,695.8073107642338,-360.69794486785986
-342.53181160193867,11278.447111343938,-1414.2201638046045,9047.939906868894,-3572.878446422501,1571.7692274952922,-1432.451117583416,-5702.4577724620585,2760.637264023668,-5229.186019220627,2401.4452694110255,-318.55985122880224,121.4614872098507,887.1338060483818,-463.3898511934634
4516.430529519945,1553.7800693351162,-8353.90423616973,2878.1350361712844,-8285.095910268348,-1145.5117942958443,-3396.157644515246,-5835.137011757655,2922.9282431352467,-4950.467469780897,3108.7735184395883,-347.011893146802,331.8698394669947,880.5601538601342,-554.9879786297198
4845.019951489277,-7178.948914914066,-14730.030412213237,-1977.5049677887048,-11543.874319248042,-2556.3615625453144,-4119.503020017004,-5011.505092575148,3264.0641355470298,-4689.662064398423,3481.123799798391,-986.9980208530359,70.60535151311865,534.6976243369477,-727.5377343900371
-1674.3958545306357,-8551.727572463531,-16117.51269542084,-2626.3286184723297,-11123.21329993089,-1542.3162753865843,-3268.61536227618,-3589.1095521392613,3749.791885390033,-5028.993565012912,3545.654638523223,-2352.788079629384,-524.3977000094354,-115.8644156832861,-988.5791233670841
-9228.73735078895,-495.1021278614046,-9542.940798533857,3386.8000808320644,-6733.736244775664,2751.8838058505708,-1086.9222350323762,-1772.8919052262127,4313.12446435055,-5381.7153258495,3527.0680741093693,-3459.483239169652,-794.5601331318463,-581.0438631273458,-1150.0160711597186
-10776.522524645203,12325.606540404764,1434.1509475346695,11877.03450422098,-958.1615416398586,7641.996977021922,1531.0449343660368,669.1051908105677,5075.479875895741,-4350.649366268595,3911.962559047405,-3308.696701891857,-299.554274054472,-505.2086427388683,-1084.4779570242088
-5993.898638660573,16748.537552014386,6335.228137175191,14963.817619115704,2303.835266097721,9822.9236256595,3414.673706593919,3043.6121034692133,5989.277965646801,-2357.050865988182,4731.321546891754,-2335.3767305226543,658.9213770988697,-90.81500879446537,-866.9476182732614
461.4512970042639,11683.756685807202,1071.1635640839847,12498.841686703609,221.1400439264596,8679.822568658801,2831.6732430795055,3679.256465124984,6046.605962755593,-1077.347114866692,5314.556998392919,-1551.8388156928156,1505.0752590135346,307.16183360863806,-623.2013766317734
3683.55404469387,295.3710999009428,-7953.970255390957,4965.601181327448,-5195.298913590774,4061.2393889811374,-512.4216933813846,1770.183565365895,4131.362264741965,-1442.105916069198,4763.950096169457,-1591.6230519900241,1723.555922131712,415.6650097389054,-471.0938277244425
2991.436324001212,-5285.038105230491,-8952.033536992058,-2201.735787749612,-7120.605507415784,-1351.4782918822682,-3436.381123016315,-1166.4104991889897,921.5045715591721,-2800.155876758263,2927.336286739546,-2304.095668679112,1237.0818031389183,199.67216646554635,-449.5385950862971
2203.839455168011,-1321.1374644409668,-4353.8640206064465,-2452.526400746927,-4782.0052061049055,-3194.398303736187,-3424.621673944548,-2685.1107238881696,-1332.2618399934513,-3736.357635173335,973.3807097567451,-2949.7633176114737,627.394814233112,-71.49169984865165,-454.9620462793095
3594.9604610971523,724.7569188357146,-2751.637596254932,-21.857105676560806,-2999.199574783146,-2151.3947705258465,-2120.313830783455,-2628.9506603585232,-1919.3031024223228,-3703.936107745295,-59.19220325088793,-3005.259569947921,432.213840280442,-151.68902335149642,-392.5713233931058
5275.946646646979,-334.61724830404296,-3173.948038056025,986.8001228502225,-2613.972323201765,-684.3155509443811,-1143.9521031298802,-1994.2841034182625,-1520.1714415942956,-2906.483286299878,-94.58427973299155,-2402.095602887803,644.3596246429975,-28.894237771022972,-289.65988562741484
4995.067240266069,-1085.1950238447455,-3124.104818101127,913.3544527238205,-2329.228104504517,254.63814398874473,-646.3219108766048,-1407.6824992358606,-810.9565076370882,-1764.6528838061552,481.621921241085,-1390.6777965092901,990.3641331988659,166.36209626523845,-212.88885728841905
3027.150675788543,-1076.5721094749267,-2586.510588732689,784.8760011649413,-1798.332701072235,654.337063179988,-390.9394773935551,-1087.0219313541852,-186.76947568099246,-747.5639246786969,1177.445113076838,-429.2940335153079,1241.2735932609037,285.11835495995825,-175.44298520926057
1124.4197152394818,-866.0686601872683,-2116.270805316837,696.2713429200638,-1543.6106234454016,583.3374990584043,-395.3209703528174,-1029.280380381407,195.4846405188267,-188.670703106115,1528.5562650790803,5.974184573263528,1248.1733397842197,216.17922104780484,-141.6325648938771
367.63041962130785,-726.4587690960728,-1926.1319238206765,406.40821515735706,-1932.0748028180226,38.76996716731311,-843.5624983322267,-1194.8381389884262,269.17014306256965,-203.70656803458638,1253.7545344383016,-326.751377164239,945.0548571743029,-73.20076129272937,-70.74155598084292
392.38525226600905,-876.8836106243673,-2103.516203690425,-97.24163120059596,-2839.3642148545714,-773.543489424036,-1634.0480236979022,-1503.77390837233,30.99410130249646,-704.1657715585053,411.0894440664464,-1210.8289130430762,456.1307134883252,-475.6291204446968,54.65866972030288
340.85630985692853,-1112.0935029628367,-2580.2883717784207,-688.6124079764245,-3779.5116296867704,-1442.5227373079988,-2257.1159664280094,-1791.1442792755545,-342.7887628754392,-1417.1256804363109,-522.3084457936206,-1948.319465709682,148.91004465322544,-733.1496674041291,218.33241027306434
494.32093718210126,-1474.283339392319,-3222.925915377702,-1371.2742298194926,-4105.618026572228,-1578.803636735757,-2199.2374009691403,-1965.4046326205125,-518.2258384758936,-1976.8576085294353,-856.1307579902408,-1813.237156596727,381.1090599471455,-618.6905524537376,378.75524046345834
2216.92576978466,-2614.950093149827,-3602.037891105692,-1720.4414754319396,-3452.8569823357457,-1167.959064915162,-1505.8374973753955,-2184.1641669493797,-243.29868701275376,-2153.1523802462716,-301.4985218613235,-866.690708144009,1005.0277715101433,-257.6997618730462,493.17892962459825
5037.7846988504925,-2993.0157363125722,-2792.0222901815177,-1159.0554302622245,-2323.183312896641,-1021.6127005371211,-799.3475395793921,-2585.51599807978,395.52326632483357,-2147.9798645470537,483.40252401916956,-239.47749929988572,1214.3060372819846,-182.17888971295855,519.292798681264
4830.325371681987,-1189.5893069823799,-1230.9326027166278,-1052.5383688396494,-1847.2561520641414,-1693.5463456043035,-523.0143829619309,-2974.191354316489,915.8367291679069,-2647.029033101925,414.21617999137675,-1035.1704932776343,335.00979925475644,-773.8334626833771,408.86654962941435
-1554.1109834201247,-373.8354761083122,-1060.6515831522179,-2006.655087375837,-2283.455872509069,-2344.9466114035554,-511.7790040157645,-3488.6943105405544,976.4908996155873,-3883.177706954936,-310.0005567131059,-2654.773719014927,-972.3458856288994,-1593.9322336574712,201.14829386539907
-9686.668588074344,-2465.373985497139,-3044.706235254663,-3298.3832355690042,-2766.8045445614853,-2960.9012851351868,-31.089770105979156,-3864.094255005569,1682.2926280208396,-4274.232019617364,281.55313320224514,-3113.7910831630975,-1092.188833167755,-1770.549282381257,103.23664100726216
-11445.000145320262,-6331.510011553491,-4408.430208748297,-3601.0888596865357,-723.647210989231,-1741.3903934349173,2962.197674240861,-2051.5995991812383,4583.031882210623,-2516.007074171845,2820.403070668825,-1963.5610873410135,243.9853628609004,-1246.143548017891,267.2773823629312
-5972.34822573336,71.5875251470701,3050.512205836079,2222.17306140299,6138.402502746444,2323.509495868932,7647.602080454163,744.0811323696495,7362.993257664613,-637.2512247572383,4731.148431740019,-870.3134749367302,1534.415195152235,-739.3206537747426,561.932110789121
543.9967675569433,10355.345750302227,11769.474309103372,6551.79466903569,10256.530692031418,3851.0813615930642,8513.31385550287,1566.7233051210874,6859.164297058355,-68.88308927169922,4506.590179603512,-522.4729206937677,1935.5130671390011,-550.7338912317826,775.0468228664648
3525.65505303699,5623.629373116629,7334.735597506543,3212.036252299906,6207.257746140733,2203.9749578974047,4790.163618340508,1257.5370710289856,4033.2942001989372,10.00789272302876,3158.2510500048948,-518.7377100949876,1742.4619507495377,-579.8322636799984,833.6791743809259
2382.9417823428876,-3713.9549883645673,-3046.8007163535553,-1953.647434176688,-1644.967676400146,-3.9368834348036756,-1045.0500639959714,809.4188446339903,4.491714395186605,-20.513087503030448,1075.3793337799495,-742.5147051785871,1093.374714790384,-786.7588880083607,752.1682807172438
-1218.65178924228,-1031.6517578185212,-3186.0356365830025,-915.9826427578103,-3773.535369516645,394.8511769030515,-4214.20176190882,1371.1318902927846,-3351.695478892725,398.70843754244066,-1249.5942614669755,-863.9875817042911,125.77092288532009,-1038.470037380102,582.9814277077685
-4614.593883555777,1548.187424408731,222.7128512557682,1440.2994750137586,-682.6251929320204,1801.253700927813,-2793.887081456662,2463.3930880256166,-4068.030059728958,1293.480759651599,-2711.5717279820465,-628.3632654218525,-737.5850106669407,-1170.0154036993154,405.68693485178756
-5923.262851013641,-358.20485621140506,-1169.7724158078006,590.6310239407534,203.1384190304529,1424.2895594958552,-587.2305399033967,2596.75951707609,-2925.4948577479795,1989.150807163818,-2966.6860714233662,-144.77882908338353,-1179.9008105005628,-1116.9093322799195,282.03611423178893
-5281.705410015261,-233.71530079278998,-2168.870853945808,-117.97117865110599,-1033.1409653973187,366.05089265725894,19.868664589102536,1775.9668903162237,-1626.9470896829894,2118.8779260349743,-2479.3228973065893,379.75972111539994,-1205.254245129459,-900.5105717013162,217.9660440065358
-4032.716567144029,611.9564989897917,-1238.0033767244404,375.5824883230199,-1610.636875984075,92.02617478677523,-305.60241245630937,909.8632310624928,-895.5218869503921,1826.9931468773411,-1826.6621849750295,792.5011687386673,-1023.1463936148693,-605.1645968573897,175.6061978096131
-3134.1941181576717,527.3346395725765,-426.6674885113178,793.0701814610125,-1273.670319818233,412.3752189358029,-575.8759483982594,467.8122554122248,-615.8640982135751,1414.1570396764862,-1304.8075559522251,1042.919306480644,-822.796075958908,-318.34546505114173,120.95077594046069
-2677.793194438846,181.1272126165744,-262.15249704609795,734.6016202747866,-781.12055494368,731.6007848325169,-553.7912869951074,361.9163249046841,-510.8769190487997,1054.8388599636432,-956.9546084510549,1146.3427391796645,-672.3127475096688,-83.60999564700533,48.457787072588275
-2369.745140641141,45.37884240267003,-324.4651065373472,481.04306203243385,-475.526878852599,827.8948147891351,-361.4197848748436,378.61647943002004,-410.57795299132704,788.9644783645552,-728.8863943088365,1132.4766135589532,-563.6414297080009,93.26816645290242,-30.444613312424963
-1969.0330844420214,58.36655880570075,-351.8385303545928,251.09971206486006,-339.57012986658344,733.0838544264215,-134.99545164910677,387.7641231193191,-247.4076433158554,597.6744268271651,-554.83202049063,1025.790560197374,-476.5189195560671,221.36794455374496,-104.22935915447835
-1389.9322970727246,93.26359334072664,-313.8347970993955,84.36600743357674,-291.0278541045324,521.9978144977977,52.909493229118425,348.45815855606963,-7.366190249591739,446.8740722607803,-380.15935253607483,843.214391213065,-402.97117629507994,310.25092412485,-167.29681337259473
-661.3991905143097,114.13610347502785,-243.45636092095825,-60.450273308183995,-296.27267899484036,242.6103346201823,177.99224192953062,266.3045176875874,303.8316850617678,303.7266380887229,-159.08364661851854,600.1430694695997,-340.5012030767765,366.02773711176525,-218.68188070890923
152.83401079584976,134.9582778845088,-183.06408642144328,-243.51518515273872,-360.3122095364047,-62.3203815896149,251.66802350825776,160.7057823323603,669.8308014420895,140.3961986927657,156.6709977050479,325.244645892578,-263.0808252983264,400.3466322127518,-257.6459846581735
1209.6551418706142,96.50887421000039,-219.0154800332782,-497.7699888658808,-457.31816835014797,-303.803266578762,305.12052043801486,25.58135254029048,1038.7286452322626,-81.2326488073216,621.4296995375246,82.10758096514235,-81.00952167042396,455.10330403332745,-274.94890675328145
3396.1189691872255,-210.24726967016582,-398.5820896563937,-684.1979842060307,-492.6301804256277,-409.4102751700722,264.91077376414063,-298.5378772212779,1247.0650731865749,-454.20078858848456,1235.1182591996608,-38.2215924810298,347.2408237769226,610.4906951562234,-241.86785950919554
7977.064452468998,-581.8020722788855,-486.4236498526582,-589.5763403580543,-651.2555414498503,-792.2856824286531,-334.93385676870975,-1303.0419518987665,896.9016361826933,-1178.0099140791053,1735.952145003123,-49.133192805301064,1022.8538374123161,894.919280537037,-128.12260399873873
13026.58800575842,-444.53137942380835,-842.799659854684,-1203.4559413528234,-2121.853929486487,-2754.880783145796,-2378.5872792990563,-3577.5061300293505,-631.7601421137398,-2497.9219888019734,1396.7476218876732,-260.2403721528824,1455.1003828236448,1112.150479365976,-2.079220095303185
10320.947195781866,-2314.7178657074205,-3990.0884781414093,-4964.489012935536,-6166.016820854917,-6901.0021477062965,-6052.3343165862625,-6705.770245183527,-3549.807665647301,-4270.169291131584,-527.2351169566514,-1059.1821884493734,753.4758749031521,889.8793625926787,-104.2811017493791
-3856.722637628861,-8589.018740338875,-9891.507149332489,-10301.228238733494,-10614.59404629691,-10320.094509101698,-9326.918844018768,-8533.226936518726,-6527.590514402678,-5446.936259290291,-3337.1489222978876,-2106.9334133699635,-1080.296434477883,232.78909244159507,-550.6377993782608
-13043.3968697558,-10957.892074670148,-11029.656921708822,-10101.232145551598,-10053.724218081095,-8604.841725027287,-8431.585140500969,-6594.16864028104,-6349.8853518231745,-4270.901338845871,-4101.023758342822,-1943.610632266902,-2110.3033890600636,-63.088279160425486,-920.5149285154116
-1152.9976115643647,-653.3766037900817,-940.0609078831475,-539.199531219801,-1019.6623182240783,-379.6185242043991,-1041.9845943037017,-175.51266709496372,-1010.063746346723,68.93530802939313,-933.9917017486395,340.49447494766883,-839.5857321212147,606.6806327605916,-782.3192847904096
14249.119436702144,11451.103360169996,10747.7645283257,10242.746501723177,9201.793436434953,8672.71212506161,7274.960514560488,6830.387467167864,5087.6011110242425,4847.914859924955,2830.628458778107,2933.0532184437025,805.848620537705,1417.0342889576423,-543.083878802348
9421.232058888065,10813.562364799194,11256.778236063,11992.429599368474,11190.356254598704,11598.768841622452,9398.070093345446,9669.54901282746,6344.695698393353,6689.424981895092,2941.0677702694798,3538.89862653845,298.91867356729927,1291.5543210377662,-764.7697982352727
-5747.698788150717,3948.6111673350583,5204.498696328602,6869.495831737195,7025.072143640733,8706.695548535676,6471.370510766229,8307.770253726438,3639.4288308066652,5769.9119590139335,269.10393246521164,2543.295199777719,-1531.0417505960354,557.2496172489105,-1170.0900058118632
-11362.759597759574,922.0632015148416,1062.5345016305807,2221.9918312150103,2399.5195554852467,4186.429724335654,2486.0792516843803,5091.885606616558,426.5207332821848,3890.373180298961,-2014.6699276791842,1525.1051089697287,-2500.4898843439996,111.4263131603285,-1247.800923707276
-7219.803974716466,931.7819353925912,311.8143710738816,1060.3804684665804,373.2006033650883,1638.63908683152,-15.953221166386186,2435.8972265482025,-1478.8407834775526,2325.897393754896,-2663.5762069691455,1102.1120983355859,-2172.4605546153202,140.84751370719164,-1011.566289992741
-2145.1323455982674,587.3942605936733,203.00039989230973,1120.0994710085208,54.57146785659518,1012.1261562598436,-854.10179079644,1133.1677082203996,-2038.0570718069223,1398.4677581455776,-2241.5429749858986,975.3200751895025,-1388.1218275632937,298.2706949054048,-720.1679273909075
494.6135587704064,170.3736885619692,-33.58588263665891,946.1959320887559,12.895918156223672,885.5920567085495,-940.1218842411936,673.5355800235309,-1879.0975041984357,890.3626627315841,-1559.683878297968,774.1522562701842,-775.7306479794669,328.9137220770607,-486.28768567969666
1683.42195837791,72.20725150418016,-129.68468314004133,650.4933723439233,-98.34905174022458,643.2327420025997,-872.5890307832266,481.07751376812405,-1478.6633149219333,569.874080559623,-982.0839104346263,429.4883814615683,-418.2924748937829,227.21112095016477,-294.3659833750624
2508.3816277080036,79.73225697554386,-92.52601299329407,427.333906641172,-186.2754083177435,310.7081104745898,-785.296493417263,329.1893223794659,-1050.0121449212875,318.82905266254664,-548.7289886444285,26.34384322558759,-182.81870448982136,77.75313747778318,-115.94565101285389
3247.3994948982972,88.29140083279277,-27.545262168691423,260.42459281529585,-206.8994760730873,-8.650544520871733,-649.8591324269465,193.38413897506047,-664.9604966498264,89.49367562086314,-211.65352246437666,-361.44015734611605,35.02183645330339,-63.88795204901328,57.11416763374787
3853.90106878589,108.52468590691471,11.745518854734627,85.50605879817884,-167.87467728391158,-265.24789399036433,-445.46148872086735,93.06590381773862,-345.883364303145,-146.50806279496015,76.84122232319737,-698.0004474300029,269.8156732641809,-178.01595419228056,221.53853938289552
4281.58021650912,120.20390143088594,-12.569845393503286,-147.9139531075099,-47.687975345511944,-415.4330970117484,-187.80942972324993,39.18164564710867,-102.19093182775977,-420.6983442419291,360.2883287608164,-964.8465129246791,523.3292305109995,-254.85951379895442,372.6921943312822
4585.282213349293,7.895737302941384,-97.82102208353999,-425.06740767632664,232.5337362559651,-387.38642872854876,61.210815224609036,3.5729701616609475,71.74041241253045,-767.3360477745007,689.8933950641492,-1143.917969587005,798.0186068202545,-281.81055475884176,509.85517517892174
4970.869700865396,-344.56557526681047,-40.84215740609122,-562.8127585231935,730.34258655674,-126.2424071569261,172.38246203591373,-124.28007905228293,226.28363096704405,-1209.9373209682378,1129.8913156567328,-1209.6829712010706,1109.2788075205085,-244.98578021046694,638.5004568430361
5745.362413315557,-607.8315917187463,618.9941742709386,-238.11581803914467,1210.7705434082754,218.0731797903304,-8.71040612225309,-551.8477741647484,506.338596846962,-1724.665176464377,1742.9314456616398,-1129.386705122158,1469.4713229931244,-141.2202505376095,766.6377833304155
6959.102528069174,59.92566821968916,1741.4270309938365,388.2606395222149,929.4734086298076,90.5791985347459,-380.89840883260854,-1431.5272474061196,1181.5845080020863,-2166.8052768115163,2522.001635494425,-877.2963037821604,1831.4905658255948,-0.16038046007787443,890.1160448144647
7861.421856005107,729.6487731205464,1377.2013456044197,32.468741700992524,-348.35726955747083,-949.0700117193838,-105.67562639728273,-2437.3945623311624,2468.466645678453,-2240.034774112004,3241.7338118038706,-480.28959608687205,2028.631859168888,101.68527410927157,977.1456264533726
7078.7292430660145,-1009.1328085710738,-482.70131291947996,-1214.3785128380548,-279.34038040356063,-1791.158230050312,1830.5123561835974,-2644.620983697353,3908.7983186981464,-1716.2921895766729,3369.4460114899925,-67.18114374215014,1834.2690592523836,75.32247946249572,983.2809607939964
4059.4634742504704,-43.34673379686372,1811.7574639122295,279.5311071038882,2771.106872795803,-736.4871771109555,3935.589549998549,-1664.9364122933753,3939.2665395215186,-828.8104353411294,2348.651689931759,158.23441331727958,1175.448584371949,-115.9694596793704,898.7113043611861
264.7708393855327,4318.900480417885,3964.2968368107763,2518.5263503574056,2567.344738933242,340.787119120806,2104.933107339597,-765.5718209162544,1283.212336630079,-265.79297474429706,277.9444655371867,37.125484458382914,296.7056620902435,-428.2836250454674,772.4948908619612
-1643.8809938523614,-2543.429796900497,-4885.53274605907,-1414.477947099035,-4612.20512572072,-1296.7985368335137,-3434.632225880741,-979.8475985755067,-2673.1640017999775,-261.2596167232721,-1824.131692193558,-272.4004017720424,-367.2923977208843,-714.872879262521,683.6314869981854
341.07366233441417,-10269.411110673145,-12129.848492144301,-5942.650307912449,-10139.8106858081,-3270.638105524806,-7795.875594427977,-1370.7212120663387,-5732.770735914186,-276.24811373367106,-3247.8212200486855,-398.4968238357522,-605.2107883379862,-816.3283773266744,692.5036964834454
6287.649802216017,-2731.7422868818207,-5797.7785902280875,-3469.32571030259,-7783.944429304835,-2705.3720952069407,-8063.705282610753,-1010.8451260775921,-6865.1071728283,19.62512550254786,-3769.3509890779046,-226.84195780247455,-340.34020557759834,-688.6262652799273,823.3977950719112
12609.588353780558,6482.220271118186,3534.836057420896,3078.6403906341416,-557.5858844875358,1154.8330236986176,-3755.077056209354,1336.6669842969075,-4666.696849488908,1485.3797736349807,-2307.9516074260287,618.3010875101104,769.3372141429438,-231.85271273677648,1033.4454670518974
12808.709056403977,3774.243430261316,3527.689569220113,3987.2703662590116,2681.4129636770945,3206.2502864530734,4.536748945570444,3576.38432129892,-1391.4822920913712,3415.1709150100187,390.95968553052006,1861.8767903845714,2230.8294180794273,400.9319946750602,1136.462451607742
5533.196406818677,858.5757143460312,1167.0380679115087,2612.456010663292,2444.550483449172,2701.369629046096,886.0117280460012,3442.0648469170865,-215.13191593136293,3406.807698097076,1513.5692693082779,1800.3031683859185,2470.8365499597935,497.7239707925087,955.2326565280823
-1942.948217464099,1001.455515932777,863.379989884211,1552.3257671672923,1927.261823877223,2076.2203632830638,928.2724174571506,2795.249463215554,-149.31553734835785,2077.9896081683464,892.4387142292467,253.63769974589593,1242.7996657359158,-143.54023878662372,586.4152031448291
-3491.4214576906957,2884.343367884735,2322.5004536879223,1279.8864560213185,2206.5053061112258,1271.9154720661606,1144.2212695747605,2353.717080032525,290.008092376931,1313.1487274960386,566.9444055374919,-861.8972798406544,69.44214746113721,-738.6412751317752,258.7751648477763
-909.2064368111073,3091.796752326935,3442.2661522020485,1897.8847936501065,3317.633647402384,1155.5688052363955,1800.4455653668801,1868.9183281233807,977.3759485602593,1222.9630104998198,1219.411079185476,-479.5221902323462,-38.930075961849184,-663.6817641568731,55.06258926805853
1243.35169724804,1925.43594878659,3240.556446228791,1767.2858729954592,4175.910310959279,1547.0062795518609,2590.473814790558,1542.8884339332724,1378.6430561719521,1090.1079724193269,1893.1262969974405,563.0290500952077,465.060803408256,-154.3545995974318,-61.073495145617414
1639.7475781223843,1424.5122847908874,2591.932838442803,1105.7200787200295,4067.178246311176,1516.718175239306,2850.037961829308,1319.3089768194045,1308.366841024945,583.418905980843,1730.158630521532,992.6064991416433,701.2389235197343,219.21478122953948,-129.86795111431843
1546.476094302983,1169.6951358761899,2085.0517001010603,481.0545253305702,3216.2018688804096,903.3961507005879,2372.6090252760478,1003.6596022619558,958.0472355987356,-141.36844073404365,828.2349150739141,483.65934500282316,358.5471320080238,219.67405642037525,-187.60489568083932
1610.2725577202482,923.4699608403685,1856.6043661368155,-89.64591101982103,2262.9712465342914,47.5869182319276,1589.5438408404423,635.8420242599107,667.0681219338298,-725.4023564442994,-148.82108977078724,-347.56460573446765,-274.80631453624636,17.062193312401376,-273.12099383075997
1106.4216423319683,981.2423377662541,1979.2782573988063,-481.4425837804966,1752.6163936948433,-623.9920353193321,1063.9688166205776,382.6753872076101,657.0283711037544,-862.2846706852135,-640.2734622677588,-737.4809457363408,-795.1322035283875,-116.95699789292058,-405.046692250242
-577.5928749844317,1193.3207117234965,2387.4674136081103,-623.9447150707173,1907.602556120306,-843.0682614982691,997.5622250442668,341.0600865695888,954.0508119103215,-418.6586753484213,-490.86524393220685,-348.9850586181668,-1016.8678851278305,-40.325468325242866,-568.4585045910873
-2691.0534812387145,1299.2830218041186,2931.0582671279662,-721.6400681274707,2473.925379434879,-591.3026856358173,1224.2510288332396,549.2406365023526,1500.5094512182156,540.1481677801272,86.2690051459283,663.7645102662452,-971.8335497893371,236.73764120280296,-721.719777525985
-3473.695905803762,811.30245322822,3163.86105717059,-856.8377344052093,2873.759438460114,159.3286232075916,1642.745189548858,1032.3609117236485,2180.3211327857844,1733.9255596142325,657.6995596177346,1855.156774725746,-791.7270024153629,612.8735503318333,-820.1377818030828
-2120.6627233155295,-367.61932268676316,2759.385631190352,-226.33042928284658,3136.9682769247715,1478.4670846831998,2462.7529679429053,1654.8104289115145,2675.585015614772,2716.487621033821,727.8178928735613,2741.3641543032372,-682.3918519916531,940.6925892086695,-858.7898270521292
-403.8219918704172,602.8081482470365,3567.298871167333,2014.6974011849745,4472.249739728191,2758.2613012222305,3749.2752026529706,1919.5830150726533,2385.8521885986925,3049.3459898817696,-131.4301055677282,3011.2887973540487,-921.2761410525926,1073.4388604661317,-893.6665236547516
-723.3614684711681,4988.833703215577,7873.223077085166,3047.8204834562825,7031.597345834008,1826.6228340837206,4315.4016402673815,869.6888810478727,553.2220025762863,2452.2649894092588,-2010.3561614809962,2644.7540697862046,-1613.7679134524533,973.4940024533989,-969.9321765279707
-1830.5522194622758,2425.9754562943767,9193.353455372206,-2625.312144007024,6524.89427623809,-3000.1386716630914,2108.3566134933826,-1835.785388432651,-2600.3638183534513,1225.4722510859428,-4096.721452914883,2049.2360867311786,-2335.043186632395,834.690069922282,-1016.9895577328382
337.2494986224716,-9033.879016240357,1343.830728292538,-10993.021706463898,1463.7208641058146,-8280.431111825263,-1443.924694252231,-4152.6359738959,-4981.350579910851,660.7893931252802,-5092.763049357115,1971.1877173610674,-2430.1090433648355,953.2866097456181,-913.8045306900124
6401.012636428529,-16209.840459835541,-5697.864983141828,-14872.982110193929,-1764.1990308708712,-10332.382252203,-2738.6987441173387,-4061.439333382104,-5352.415175848359,1719.062774078886,-4818.062047823602,2745.4461972635263,-1808.5592814917895,1371.903229451062,-664.5138481687724
12057.574407206412,-14222.477146545853,-3177.7836727008676,-13235.107573178388,355.539078554231,-8948.09684376849,-1310.2716785400412,-1930.5871412664187,-4582.779916315343,3787.7441060217534,-4106.966049587792,3885.26062384494,-930.3375187601562,1850.6560368263076,-380.1874458593178
12188.53405992227,-2174.520282232176,7266.159560096403,-5365.604532287313,5840.701744073697,-4436.26392729691,1253.2571365481244,636.6920619560339,-3801.2676293171435,5236.597451248648,-3721.6249208368995,4414.831293204579,-371.11385786317015,2045.3341378219397,-186.5896374549548
5572.847438544662,8035.01052887502,15482.209097641553,2103.13810273794,10825.051722031289,424.80829552964815,3625.64137731945,2606.791978536028,-3264.123889169714,5176.938645718404,-3811.334657333469,3642.3155708065397,-546.847744041338,1675.2896107908323,-186.46934330162532
-1928.6169869603293,8585.675105749928,15661.823284199261,2731.290900776345,12231.3447535714,2169.618038542194,4849.400212683431,4156.15101143224,-2804.049803061509,4791.073895968276,-3913.9105184276705,2287.4687737091745,-1183.715468729582,967.3301796423435,-304.53513563237766
-3249.889974151683,1242.252801683921,10184.937231879385,-1517.7585830832634,9724.710358388675,1125.8931283202833,4458.589250683791,5201.576450603794,-2505.944455771874,5031.28077220145,-3730.065581353287,1520.6527464775668,-1582.3015013723773,458.6320295197544,-339.6799677464645
1080.7216575401003,-9139.29069790174,3033.9937503030096,-7891.121806193466,5146.764815480215,-1470.8061186994626,2707.163744153191,5357.743331554633,-2382.0226140666396,5451.681826038383,-3202.321738588832,1440.2799623484202,-1471.59850654188,291.2946902736494,-254.51130476769612
5617.754111841685,-14339.96435209542,-1396.5507620656726,-12202.247251423063,1332.8810071124033,-4158.39928057593,286.94807299237124,4582.4943469130885,-2577.48588932065,5507.608265357597,-2427.549968640768,1665.905092506794,-1003.8083898508557,324.7348018153556,-147.7198099479166
7217.839937224451,-12264.887112362596,-1455.7735360261854,-12023.737474521085,28.877235606615415,-5352.416342012992,-1729.6826023587766,3365.368403588671,-3082.674299798101,5036.262220536337,-1668.5688477588628,2004.268037358082,-360.30634575178226,483.05361036269505,-51.37658177785447
6151.98396719406,-6401.253330352469,1698.8489249092534,-8610.783654430024,735.5240783274513,-4899.672614561695,-2869.4529560594697,2189.8878147215783,-3710.710823523449,4083.4471907121356,-1229.2584519774173,2200.9986171578325,220.67849434039113,643.8507930562596,68.30728922497636
3968.750937964635,-1318.9196758408114,5437.202366892034,-4925.884702925922,1916.5315571087824,-3806.4928566602916,-3394.8292486572223,1184.5498462931992,-4291.875899850438,2774.1877079156334,-1340.2356548952362,1854.6230663591878,400.81236230833827,589.1122901714796,220.32047035401084
2027.9813547138392,677.6100273059734,7374.277327613981,-3171.3613889133226,2443.1764560339193,-3053.9110169097203,-3644.12799311639,433.1732666393989,-4627.018743460913,1335.7474903871425,-1973.8338885431217,842.9372882649068,37.73323700980359,241.73617756603198,366.1526058937162
1067.496241928108,464.3459026221931,6806.418979215184,-3282.1425896278024,2113.000032681801,-2752.195497967115,-3640.3465678101547,147.36558515777318,-4579.453216103907,115.54469431243032,-2799.697689052866,-405.7496966099228,-571.3211537230287,-218.98423675498003,475.38758352863647
1602.8867047616595,-1211.7231027531857,4399.099560212588,-4203.079492532143,1556.602888886854,-2241.2648961266514,-3157.218301170022,336.48586336214817,-4274.788734121272,-647.8237814590818,-3456.7007537275176,-1324.0273472989338,-899.786656512805,-566.3801917246341,578.6962082078917
3889.9561925565954,-4556.5305206993635,1784.725239726653,-5158.9738341639095,1471.9076619734678,-1196.0664379184423,-2329.218193384826,522.6836722421463,-4131.118909893111,-988.2869843015517,-3780.692185908226,-1746.4989163567238,-660.7601815345141,-748.7190686055663,723.1010456154722
7083.869934037278,-7436.252294379975,1081.9104186258855,-5059.186247023487,1485.732435184253,-588.7017455842661,-2106.422824041199,195.5353343730039,-4557.784679526367,-946.767419699657,-3650.438020681824,-1804.5079996454624,26.27783865354087,-822.2596298287087,895.0461330237179
9954.643993284122,-6517.331687537847,1057.4279768829958,-4547.125392955553,-124.74567339007115,-1904.1848139557733,-3453.264883943895,-60.26979998642293,-5349.093200358007,-164.25248007826173,-2710.5549005029034,-1445.7183974972547,950.8732243705114,-752.7880875778176,1052.5097342794184
13031.627362606052,-6474.823769282265,-1801.3718756007054,-7577.380748151134,-3193.0424238326123,-4032.945024900209,-5627.377276345164,1682.0901517863051,-5417.521986347181,2002.1922298837612,-518.3393521699177,-464.375345836563,2125.5683387837607,-456.8305349113664,1217.490144930185
16873.53317585294,-13550.134327502059,-1354.4464228102086,-13060.20622193553,-2529.3955762823884,-2303.2989028529705,-5920.631563457223,6615.804233369535,-3709.4498509166337,5521.940194453666,2728.4323894260124,811.5364271571111,3566.569031464074,-105.95590171630215,1418.8394554860174
17384.63269512252,-14274.363598149232,11268.222468981405,-11200.207194608163,5316.3339122312545,5265.320923677766,-2669.5211880150673,12956.103879164086,-671.3402448432108,8988.511363350979,5821.664652950764,1353.2555689188348,4843.1553245297855,-144.61645796772666,1525.179592522909
9690.252592032857,964.8984799008635,24919.11389945086,668.8685100585091,15222.984587172563,14147.507149285873,2673.209038509888,17607.635185593106,2198.337871570314,10729.14675344575,7530.329596791887,595.7283016780823,5272.925775616335,-725.0769983552717,1346.574920035503
-3011.216579046273,14807.970013530658,24176.010602880422,12247.722629030182,19849.578029999913,18447.035724677487,6788.078888438344,18537.19606033086,3638.1038280895423,9990.376236804826,7390.5407583549,-867.5700794458303,4566.424479181024,-1443.533007160499,931.9142807627304
-12890.423930838215,14593.097944420102,17000.60033560119,13264.077094856446,17165.179598190305,16096.832976872329,5805.715354543911,15511.617927615927,2356.2551925436646,6807.105619380893,5477.122461477988,-2377.2905735572217,3040.890996302226,-1931.1505597539071,518.2066113658357
-16098.42697893127,7018.061997287933,15269.22414448666,5949.296609907934,10959.050212870961,10776.93534573177,496.192198349197,11058.724878864386,-901.9070519686695,2707.346767152961,3045.2104879829985,-3649.4438635363636,1537.362695235947,-2155.2621105410544,262.7937338631316
-12727.841203935413,-5414.958884145832,11457.07964203651,-4375.393921963495,2672.0804438869777,4576.625456430306,-5132.66237087667,6891.330132804171,-3593.694962905956,-245.3283231356843,1761.7013342471698,-4153.78454025607,881.7140001257716,-2056.7689260026996,184.6868332309857
-4852.482230857074,-13689.173234639064,3176.9094689887443,-11744.582646521476,-5037.1196219932035,-1199.5519634983893,-9226.544667788972,3279.64288337796,-5087.909927490004,-1777.6033998395435,1655.9646682377809,-3754.3077032020365,1030.1516932622524,-1636.0303846513623,209.17404211689353
3477.5518650506574,-12928.146251260861,-4224.375135913014,-13421.377153547031,-9107.376508766914,-4605.808780176749,-11090.319512877957,924.2592698477849,-5704.31149012463,-2566.347120292266,1905.3943763261116,-3083.6214246923632,1318.5441922706282,-1173.5955046119063,230.6529720187093
8498.721336904333,-10563.823201894502,-6477.366735651048,-12353.909762063524,-9592.518553168069,-5155.397582747517,-11087.50525814263,23.779516476681636,-5533.755577890652,-2972.7843078735236,2091.5349618620976,-2594.753563103058,1389.7230983403301,-858.3688563064647,215.44747669525438
8596.040508990682,-12344.500208132618,-3986.49544009195,-10959.99633866442,-7768.488453631337,-3238.4061499230756,-10107.688866796016,212.96348665763577,-4866.777012542666,-3189.8402213217637,2114.710448735552,-2268.2210262425215,1367.3506029667499,-607.2626212176103,181.85089186935323
4077.2086025111985,-13605.367949447029,1150.3036973135336,-8481.620317934035,-4545.790599171818,55.18498444655259,-8498.369544850735,851.1734848900433,-4025.8466605860995,-3315.854962952936,1985.828689713827,-2041.6697433973416,1384.8462836157626,-366.0832524615912,97.76966957088658
-2196.2298845728988,-9628.488097151248,5732.772059140853,-4381.731569264588,-815.6844236925596,3382.7551432726964,-6255.963697725527,1575.9893872980533,-2963.789844132582,-3108.672016335207,1777.7135462812885,-1877.7736339451924,1308.0970048946683,-225.24779429776817,-65.93841254919079
-6027.210625708105,-3188.6234473358154,6777.16384525023,-388.7346037637758,1859.2003781752574,5199.989072918116,-3843.921482958084,2265.333338519994,-1553.7887696099904,-2307.061301623791,1625.9225479891982,-1643.3280703363807,1034.3140719332534,-224.69404576674808,-236.82119327480157
-6135.1236221680465,437.614728675063,5223.598459129883,1669.2680706162955,2752.482828936068,5117.243072887836,-1900.2124889375555,2770.997056008887,-82.5224316169348,-1231.4303143164086,1592.1256508561291,-1327.6020163611247,694.0816729456558,-300.1081545749655,-339.8744855006876
-5073.131068892361,1087.7935994032862,4168.705084510737,1816.5262019399388,2395.8769985603667,4354.221776319094,-803.1143470428873,3168.671141064696,1112.329712868978,-450.45981953805574,1672.0801008345675,-1209.8308730085291,321.5902117240369,-426.06661526834773,-423.1749997279466
-5512.263169245393,741.3923687636519,4845.693599081431,981.2302501387585,1370.8963423214066,3905.325462270746,-510.36104225724864,3679.9906805215883,2167.5285222388943,-115.9172574151079,1998.747189143943,-1465.8359441542407,-195.12656337524425,-567.5459081856566,-582.5366739497099
-7242.876264933392,-740.6304538483865,6018.824317404592,-682.5113168844819,-240.6651023651993,3780.3767684637537,-489.93615297373094,4456.697013892257,3412.2299188146117,5.669899400248539,2717.9399796682296,-1743.9565399288394,-721.501940888957,-538.4458068688244,-816.1692839843998
-7598.870245968511,-3710.618078915619,5450.157598822737,-2585.6179609079904,-1653.5543341304772,4008.4624126799504,-152.4663145924468,5401.3888539448135,4747.252279586752,118.10171211787414,3645.582016145694,-1521.901095683937,-931.664437792998,-191.2801955036354,-1008.98192268917
-4803.928889390245,-5864.879571550043,2868.1938190613746,-2977.856130229186,-1496.480916183847,4827.56275197881,481.8135500406182,6027.631248165666,5602.397209448556,98.35210403364711,4231.396519399476,-860.18512831783,-789.801968847396,300.85753762027855,-1062.3636300693602
-796.9335083597598,-3699.0799164730115,1942.1148665810379,-999.5168382548686,9.866392549974734,5993.576924436209,519.4532794196984,5622.181816464644,5439.37681494703,-397.6080923404842,4020.609914714269,-345.5725738116358,-604.6758449642625,621.6492561201835,-1013.4008051123233
1653.5801919397709,-78.95192855941087,4656.060001961206,1082.9264099264697,548.6850715218209,6619.659943564537,-709.7038040457587,4039.503826699939,4483.682818024786,-1322.5164596609568,3327.9046810875034,-146.1425620518135,-553.8364992187633,771.0548233537517,-959.031851829227
4293.3987584377655,-1200.8995541043098,7541.2895024228155,1118.6905423871767,-691.1578250294784,6632.0405847517395,-2366.6348991239843,2343.2234618919706,3886.132417821018,-2102.812118218668,3138.0846642737474,348.11699605912895,-428.0119111095647,1083.5171538491459,-879.9836187839346
10439.090546401445,-7274.668886371022,7631.225662511189,-930.8434574036552,-3283.314044852009,6370.1220600563465,-4144.168247616597,908.2703050509876,4131.625559317794,-2669.030426583604,3783.6257560088034,1495.6413947088622,-73.54296116799927,1694.4933655888049,-694.1724904841209
17826.74736653701,-13343.732787160416,2307.6321775391257,-5669.3047946768465,-7808.785030369617,3678.5752684334816,-7258.608348739202,-1852.3288561417849,3856.342053330487,-3830.233412825003,4202.729799064141,2614.6126547044314,147.3800103487872,2300.385504179138,-459.2333133829181
21536.759225701207,-9824.901298309544,-3097.7510718999642,-8553.328227780561,-10613.661038253249,-1320.3787817495252,-10496.731413779962,-5788.6450901205935,2094.424593550729,-5709.801087918334,3348.7117079288764,2918.600320737231,-164.09546855087723,2576.7875045399805,-298.2397589924976
20107.070341727107,-5126.377919033336,-2305.2389331087147,-7070.6774789107685,-9623.315627154621,-3454.211859755065,-11071.87203151862,-7926.629792712944,327.69182291311023,-7028.643596157831,1713.307463778101,2554.787000351206,-751.6739621737537,2496.64432492607,-218.93590116816728
14502.408659096393,-9058.059606255803,-453.7811763322221,-5792.6332086552,-8672.12501384771,-1275.6255365361465,-9355.29380870969,-7433.358627320782,-9.82197016674747,-7062.077218210188,346.36163663253706,2044.5036614776059,-1156.0660382366086,2207.498561565223,-174.53315221148773
6268.771255013392,-12694.330252594753,1402.6598162140258,-4563.768545418821,-8172.5030508511645,2085.340250244105,-7074.080704778376,-6097.411931246882,243.52448017210386,-6534.296035618555,-830.8901908782748,1296.4911894984568,-1499.2359359872985,1774.6495139479812,-160.90102042347405
-2443.326053982957,-10094.659581438438,3546.294765942512,-2548.4157316762203,-7283.537647115377,4032.827905019999,-5452.676995391177,-5272.249953183361,106.03999333931293,-6148.505517807886,-2207.7240636977276,11.281876521952285,-2059.818780362477,1150.6105605374883,-185.3242886008358
-9006.166316879931,-4840.863713204745,5406.012189880237,-133.76254153256184,-5889.625100723195,4469.28019518895,-4770.018283019759,-5269.782158300843,-211.2730212224166,-6096.535518232241,-3455.817548501812,-1377.582947197842,-2637.848127479542,506.5854648987732,-195.71236908899138
-11605.298497066515,-454.3286778831311,6540.957003030679,2530.4889681446057,-3576.46630450945,5072.372980102422,-3682.887959092255,-5139.573655254335,-76.81512291040065,-6122.898250463832,-4174.774631278285,-2107.694965166688,-2912.8120665685237,177.26149360537596,-116.98013442010523
-11123.330966058085,910.2031229863192,6081.892180361593,3928.8897364760464,-1364.1372557623527,5883.149967367005,-1738.201178173257,-4181.640895625282,742.3842084031044,-5679.107733014002,-4195.769977578244,-1932.391264274234,-2788.9848529515334,185.48682159827496,20.07196752306851
-9492.905191629661,-181.6451093848103,5726.09395132464,4039.423111965714,-356.0737576596846,6361.281783361632,278.66887156677217,-2753.690321925302,1997.1325560000266,-4529.861214277298,-3537.6300593701217,-1152.6101808648193,-2389.727709022393,253.15527755072986,108.8357182668098
-6244.322041811161,-1137.7326852387828,7028.1156534363345,4408.492896375221,-206.21419899649484,6649.893259690002,1915.3988657726393,-1246.3187098592855,3480.185747678915,-2722.8150616251132,-2412.076067771498,-200.50189862550712,-2015.8435910271687,169.87334728751375,138.81405715863121
67.52415220262219,-1303.956923522184,9169.800668092164,5491.414787693265,-429.39484366628034,6935.970608843685,3078.945902369261,162.64514247199463,4846.348581008934,-539.8833716321358,-1100.6167688308665,716.4115863211318,-1754.650524717681,7.218892174096027,208.3205373773826
7756.828474966701,-1904.0028792630785,9681.103523976331,6243.277031509976,-673.929689328769,7467.1644895758745,4048.7096623167795,1321.5589713823292,5544.567109255996,1320.3613656795687,117.21136683558402,1601.7489577120875,-1285.4450128167707,7.654868443552118,359.91898258769186
12872.485488051128,-3554.610900126798,7620.645035542568,5812.4837868442255,-596.7438564390809,7869.992207889785,4831.8569412827865,2015.8699378963595,5488.645481966497,2397.9098136653683,1093.9692946462571,2397.114930424157,-465.33112373339895,237.08679991177542,526.9606749448532
13807.67030249687,-4415.5764062557855,5059.623916129237,4757.769852304667,-286.85873169769707,7314.098084197907,4868.180431729844,2039.660820160798,5238.002293205167,2998.973192640011,1861.1699134519795,2941.3859001138894,349.74309237635543,496.77661876650484,649.5322696701232
12358.18440758244,-2845.149536624313,3414.308318108018,3502.7549579387232,-344.2082861787789,6140.207298871969,4496.077243487894,1753.8400341156307,5442.109127310335,3696.128188604586,2584.7480591955887,3238.838486030145,891.7140666477808,653.4774908051577,723.101376310619
11752.772610239599,-1074.4620025124361,2566.8665721164693,2666.1778819869996,-963.900766286373,6123.298272657706,5252.756147497999,2093.3806587171157,6740.910538345652,5103.935038823473,3707.0448706420566,3644.3682430173876,1403.1263881503578,888.246768019598,774.9807266148168
16198.132933352867,-2560.2489064998927,4552.126888145578,5038.590830957196,-852.3699505325417,9379.964608368522,8728.597152633563,3859.519939950496,9638.477217340793,7667.705578632228,5516.014516668231,4766.155092829213,2332.2625033143145,1440.7486199019274,919.8467651514111
26612.78970839454,-3260.9870283024434,13733.357124341896,13738.719292725062,2352.9646753230354,15867.324969309715,14364.07078013792,6392.785192962158,13356.539644645867,10755.706470128232,7086.385263178807,6766.751807943614,3706.7180968066796,2001.045807766278,1273.3673349809042
32715.798702825963,4290.649871221306,25942.070698907868,24090.765445359157,7427.749450500947,21298.43455742026,18509.692934957922,7445.084187367209,15560.523414714236,12584.246608592319,6610.878661785313,8354.841798792788,4683.973603014125,1719.6521754902992,1623.5689759871484
22125.754840113514,13266.996496443566,29214.61504350921,26410.098034587256,9365.593211686015,20965.902884635347,17949.416474096637,5742.152279575896,14316.248664279368,11676.262626990165,3531.511494362319,7611.780455291327,4201.142335016863,343.27690739019613,1537.0250684840273
483.8547530962302,12683.82939808823,21350.196368133773,19472.066275267545,6783.284446712545,15552.849748403714,13657.155875766319,2515.186622331396,10255.862724388926,8454.841076823968,-486.940150325271,4523.586346713876,2361.7314463795174,-1217.081018506642,1006.7007459524322
-15056.913903080056,5922.1212879553495,10769.879345330202,10603.604638946683,3639.0490755404094,9868.113232549475,9219.922819595027,-120.06570041140361,5863.924736420177,4880.7260742436965,-3302.306394934191,1191.7503962199742,442.31596648042625,-2009.8888873579149,497.61975817937093
-18263.086206461187,766.6080650557968,3880.092127595613,4894.830681128857,1816.523872785582,6109.957041864515,6052.25761319731,-1594.258901524997,2583.403530853443,2245.7081543814666,-4269.187941644769,-776.3475836456386,-615.2348930385397,-1999.3825130010391,298.70366956834124
-15318.938538609555,-281.4982883235464,2329.395866009626,3048.3282455907665,-405.54306390952763,3217.529862824237,3383.8103760890626,-3066.032398597761,-54.17390040109552,239.0716815797226,-4342.316645185479,-1658.2445218370408,-1024.4820042112306,-1689.2811610698627,304.1750237156792
-13270.29044362581,-2068.8005172757985,1889.887276560715,1901.8941645403347,-4348.331977135231,-310.38474493050114,552.099035208266,-5158.341989162989,-2633.567756089323,-1593.350101527815,-4706.943826257866,-2418.0603239810052,-1385.6886499061347,-1523.5217741976887,317.308899697366
-14542.211996059346,-8847.596842619965,-2506.884734916802,-1952.6080264450384,-9900.758134582707,-5263.911722820305,-2887.233312373255,-7446.601804873655,-5062.810101379052,-3086.42927227429,-5517.176965729917,-3277.798062405866,-1700.3131811291967,-1632.625297006403,264.13882078300355
-16528.676233724167,-15709.90876915872,-9957.502904173418,-7605.7519412505935,-14064.82884140963,-9846.431815271577,-6074.328702871439,-9310.296513203639,-7008.716204649139,-4014.90268754396,-6258.864250985403,-3865.7762176500805,-1607.5007211209518,-1790.0662877700026,184.55327406048295
-14719.43116814563,-15941.13338072629,-14251.086966667472,-11103.496127747492,-14343.291296137755,-11723.141024054876,-7699.028611360129,-10077.336882136693,-7990.432778664172,-4096.380313636084,-6536.222899955322,-3957.7543206753794,-1068.2767087169136,-1753.7724904060528,118.621435952815
-8054.678971402259,-11472.403152443077,-12204.158961473902,-10007.62091331415,-11562.122914453477,-10715.82976319587,-7510.529580982089,-9707.378865963243,-7803.990685863282,-3155.1982342800834,-6005.119748580853,-3472.8727755344485,-243.49883027268822,-1504.0463175190175,45.9655005437625
291.32605164504156,-7719.566458662399,-7491.4107185007815,-6647.770437913851,-8275.367588046254,-8525.070302460133,-6086.2582105785605,-8746.74977867178,-6790.136342498459,-1505.8301921948569,-4581.417784168884,-2419.6994106632555,717.3220894298153,-1069.5711469797104,-47.899139808556036
6715.789779166175,-5304.891813877553,-4276.654476849539,-4402.396893563064,-6285.092222522952,-6839.225306152054,-4319.9129043979865,-7669.7263249588095,-5546.567971301665,205.7911224834839,-2774.2397113777515,-1175.0564006292345,1549.8895356121538,-562.2701441494784,-149.8814508590453
9923.615666275296,-4331.536684639107,-3797.2196717038364,-3833.0119633389,-5964.3437498331095,-6014.678613471791,-2660.1444139767914,-6651.967924927241,-4475.825305934315,1512.2993268683704,-1252.9930529819317,-289.1265021134892,1995.834846245849,-201.3287847074534,-254.49685953527185
10700.861579587407,-5765.629873380003,-5242.374245482971,-3756.625621724394,-6889.351855341067,-5721.173774164778,-1051.9398672412558,-5687.12741438764,-3683.6647335740104,2368.405624775025,-268.2619131428604,90.54185468074628,2086.3919986121437,-14.27347121132027,-344.16326243360834
9623.700331715561,-8542.402816979069,-6144.855560144012,-2526.086697885107,-7644.251308014153,-5218.527672013265,614.8960025378883,-4689.276119819962,-3127.3797231921276,2796.2363472628194,392.11209964309114,279.7690171063987,2171.26979927516,196.88530368019195,-412.71428496459237
6439.1796568373065,-8686.06398621536,-4151.29108033892,432.05252804990164,-7173.005064337867,-4280.642703275014,1882.1600259109928,-3412.066070841411,-2285.3204767834072,2941.091316228922,1076.9741018353866,460.3092022343735,2425.40887123997,497.32162019875653,-501.791382815141
2559.3915313621233,-5501.823644067087,-1044.4740095132029,2458.8138779478727,-5782.1576378487,-3193.645590957578,2171.7134970472835,-1497.0598929778932,-677.401059853307,3229.2805204849396,1747.823837197998,443.3229424510575,2471.0904982234442,690.1297027235639,-616.1295290239115
739.170721524635,-3253.132085245951,-335.4200133297937,1764.4954701851996,-3219.0892648285917,-1239.5618826005089,2347.268731907132,607.8119256069285,844.4518428260914,3553.590924129011,1998.0866495914966,213.9440954771864,2038.7768194485961,635.9317976533746,-697.6542429268376
609.7458503485121,-1090.7675857246556,499.2191617208258,1651.0709344489906,-139.80770361980038,1113.272685649998,3292.5454009193436,2079.9088815731957,1417.17399385999,3789.5252960400776,1957.6603884960548,-134.68603127224276,1480.247424925621,476.70183978490354,-761.3314682484994
-327.91862239682985,1682.332145921837,3900.682454944328,4866.4577382147,2134.365451841826,2898.363063892357,5743.568032567503,3319.4532536998527,1023.0707087844041,4585.578141928359,2289.598408875853,-894.697601438765,1149.1593022328893,531.4857062306578,-873.1588837176344
-175.89390284357762,-814.266397172769,6071.116986916306,9849.010823715327,1359.890695254529,2227.745578384728,8922.85244900024,4068.298031254876,-595.0632077047635,5643.282775941399,3151.982482460956,-1934.2157984260389,1090.120352361505,1016.3005909130445,-934.8599936374176
3745.2869044354698,-10076.347883124714,413.4322357956475,8973.669519094921,-2860.939418599887,-1307.5007016883299,9229.169046688094,3553.6708948995206,-2399.649130296404,5684.97380312297,3871.4184358430866,-2315.977980937262,1223.8773129177969,1629.8637873325936,-786.8497558862614
6152.940184164409,-9668.931752553353,-3643.0874539965507,3830.9555861503673,-4211.251590248799,-2771.574584728189,6510.584144792038,2603.5245881315195,-2577.8769026622185,4399.2243313390745,3503.081390704837,-1807.9172074315006,1199.709763930654,1703.4387605071202,-563.1350038901697
1662.660167571338,-1536.3270489109211,-265.47637529110034,2212.7522785532606,-1442.5324390593748,-870.6533406609816,4033.790641813281,2082.951752919116,-1385.9238449538525,2518.9667375064373,1877.4090956306209,-1412.48803588538,623.4428923072749,1107.3873969211431,-537.9653571968021
-4180.52551905219,1742.2566889265083,2609.3679133373234,3263.760436494724,855.7690179209459,969.8358826871415,3075.2798056438814,1805.90691675103,-424.2790263311283,843.5383032611749,42.54761027260804,-1840.1985721348385,-335.6792268095828,501.17646157698084,-663.9597511130169
-2762.093003854955,901.3583475908678,3033.1124169965587,4526.608442855196,1683.5089661854424,1528.718559155231,2974.8266378725907,1545.448392859127,-394.4261678229915,-143.8437416611925,-722.1420252185993,-2559.533664291223,-1046.3161896596728,488.9843632437156,-658.9440144000818
5516.287875886021,-357.5604407695201,2362.0518258861493,4941.312337842124,1498.1688377402324,1046.3239538007515,3511.8251823075766,1825.4345390578417,-674.572582705878,-89.46637721394364,-62.36222029033485,-2551.78770234662,-1069.5855491848465,970.1255579778827,-443.1439953481007
13412.949040583584,-2186.016697793739,351.2970750323712,4477.6590252094775,513.8489670280248,-70.63728067551321,4799.844084688801,3070.0314072068045,-523.2011847157221,841.8041620736183,1301.5676817729025,-1597.481418706268,-531.9520186462134,1473.2059299261275,-184.5309460086596
16026.899506723856,-3948.2156122984125,-772.824695491638,4870.956914953227,408.735378683462,-521.2485577335142,6033.0844487974155,4315.309094320568,-130.5290127403016,1485.913574945107,2176.202572042981,-627.479161930655,-80.13329105212418,1754.0346195277093,-3.4885960504232685
13159.312768470725,-2959.093839544594,-55.59578690644295,4857.582608966861,686.200673407935,-684.8609581612842,5771.327317480912,4194.186652154852,-304.63888882768964,995.883461714966,1963.6724710576548,-476.6967220268164,-222.53760712922931,1755.857237435219,105.3858959797696
6943.898774992673,-1503.8635634889545,465.1407780772317,3817.906711192481,376.2745038693248,-1180.5657461199662,4096.11951372556,2814.225660121917,-1195.4825904126437,-205.64381233602398,1125.4575960816533,-846.2163728859509,-636.440382918717,1490.5646237262226,158.90952434776693
1105.8886493931684,-638.6917242342291,616.6110283948163,2803.569086196887,162.8879809497202,-1364.8195667693108,2283.411635842315,1189.6015040794334,-2136.974059914016,-1329.0271055026815,313.16388980767,-1104.708051789673,-777.6000723005243,1162.767492723512,185.23935121057082
-1330.6801266560883,-264.4515264754416,531.8578854235923,1930.7284618346116,158.92778987881942,-1180.1393903848766,922.0217361376334,-87.59842196069451,-2748.5777173974384,-1997.7096803973639,-241.61131155323028,-1145.8552147758492,-652.8499724068758,925.7779827496513,219.811625553466
-639.2167753367664,-309.234541955869,277.4197759328473,1225.0898853822189,236.70997200722843,-864.6025560540154,104.97601958026982,-770.2715367958141,-2908.7861058613908,-2060.8446078635407,-429.3869659590308,-1022.982442523235,-464.2126902411604,752.0673960620745,262.0695313655083
1186.698212214339,-528.1995717710821,59.19016486572171,857.7640393331512,245.98668783750836,-544.5593338468735,-247.57473954922216,-865.4248906903133,-2387.5890754291872,-1383.3479450636758,-44.02378280375564,-571.70540114778,-228.7403419246665,663.0775349828878,306.8547261929254
2793.0498460818935,-563.609721565701,213.06908299799125,1160.1569999151807,292.18155993225287,-238.9966475359702,-194.1470984804788,-516.3769542941837,-1240.4391310488982,-148.38106395143365,998.4030332914051,314.40741607455993,51.372015471215036,721.2048423011622,373.5304717822657
3806.42945650968,-427.6628072975739,739.9559620048119,1670.0448310181844,759.8388749516921,284.0274243215226,382.4805238524913,277.1561796545892,21.600873318712843,983.0985122656368,2300.603689040717,1300.262750708698,204.80421121915685,827.3318503837569,479.8601139986054
3527.4462788745973,410.66968107771464,1508.1648828530754,1983.0235641123304,1517.6715345827536,696.874929994592,1288.8581149829247,1307.319786026769,832.5749625669512,1355.5356224287102,2942.0740461302835,1658.6831823005293,-33.03532285597828,701.3294024557595,591.7970671937339
686.0243587108953,1027.1813884360802,1947.0634796316738,2850.464003173061,2210.403990550672,609.2851801475749,1692.8933659250729,1534.8487507461202,749.0690118456351,804.8918020181663,2222.979644789326,979.0858784967263,-736.4349384152732,210.59198849236714,639.0431767936328
-3045.418977715839,827.0799186349423,1805.1353446903802,2915.800339808696,1611.6998518994842,-161.60897952488529,398.9237158246575,206.64608247173774,-587.2909720264079,-488.9738701619847,803.7825410629648,23.902445490556737,-1504.0742266870864,-318.32147942768125,641.0184070103608
-3552.330178900448,-1720.0794567654184,-1324.5988333097862,616.3107188647705,-1196.837037635387,-2790.117483295116,-1829.03668432925,-571.1012585527437,-2070.9078741201733,-1841.3485265291674,212.06708636019692,-15.05601609859184,-1742.639466102866,-510.28321221358283,696.1256922042497
-1968.8907917672855,-6171.819541595072,-4883.182117777952,809.1091330153818,-2027.6589831714487,-5098.94610396634,-2452.4403904146893,471.8166376694687,-2197.476545162748,-2475.3425414993444,352.65078138779546,462.3025477967018,-1584.9431396345308,-556.5677319235018,751.5912515632605
-2515.023078922599,-6701.679810859791,-5284.967390184922,1645.7303686797004,-1670.9569015478637,-5762.388242027959,-2764.9211217658776,755.8275906888678,-2258.8190482845093,-2839.0751130902954,-126.47092738268742,265.58653711258853,-1665.2839553476626,-745.0591717469616,666.5017370195214
-2920.384379237291,-4567.658307467254,-3996.3821026118108,1740.2200004517229,-1350.6135689395396,-5588.0749733432085,-3072.1610866188753,431.1283921071623,-2387.240373585764,-2896.364648271542,-737.5070465565511,-214.48785095679858,-1752.7590145293898,-816.9299078518977,541.9856262417853
77.8550699990745,-1288.5239884944551,-1429.7290735770625,1347.1512184451933,-520.2796548528675,-3653.562618966969,-1983.1270063009197,550.6624047850038,-1424.365738206065,-1825.700629966461,-291.49301991854617,-77.43175671332739,-1249.8231572789332,-567.1720505105477,564.304153928334
2851.0074769698645,-143.68555025758337,-294.02465931555366,734.0491885499157,-266.9459589707559,-2052.1399585439176,-867.2121482876472,704.0141708602066,-276.63204451094043,-447.6507391693318,699.9767629178439,521.012132711211,-508.7675209241486,-353.1972953025413,647.4333102152598
1812.409356020117,37.17480626313498,-75.83521518477764,1001.3014591736759,67.33945013619426,-1520.2909725495588,-253.7022591619247,1083.776176279142,530.8994448684109,201.32501539917035,1272.3738837214637,1085.4947112791501,-169.51382125730532,-496.6947404657814,601.9686736891485
-632.6568940574584,-480.4350784376573,-688.1347938432855,1416.1864137816003,347.92781089634525,-1668.949142666358,-70.38922425309498,1567.4042515651918,1005.4993124042114,157.50560070503894,1165.6570060938384,1283.393800897701,-255.53449232405987,-812.1838958074472,439.7166521335322
-1201.4016521384867,-1350.753021610109,-1404.1325467983881,2009.182211046689,1012.7004515844858,-2299.897304474518,-500.1186660935615,2030.4043647914598,953.8070997110458,-492.64010502770947,501.25569417019904,999.2163014104908,-484.9408717758666,-964.9167654833736,306.86311447858105
-1306.0885547906182,-2586.127409918929,-2443.7322861141056,3274.2352482312294,2265.750936903925,-3488.410459710212,-1611.2670748495739,2686.267811839951,798.659620489732,-1698.2380629474656,-409.91315484495715,691.2701606557799,-599.6963320064038,-962.6577567215058,249.04612090629962
-3814.6336999554283,-4477.8823152891855,-4255.2623593247135,6026.906350967108,4732.2068961112755,-5063.020231273634,-3073.224447465728,4138.528605313843,1524.9452477465893,-3159.5642526962256,-1325.5336698242422,1100.156649863512,-316.2510159064756,-1079.9521477259368,164.00159052082267
-6405.985812314691,-7634.643645569613,-7205.421138763831,10456.961318481179,8715.835512165759,-6932.30418751808,-4963.922770031354,6229.348016752542,3267.0395349001046,-4364.713554289044,-2157.232433073338,2219.461619688365,504.632675133545,-1318.7363559032713,-7.348699114176526
-3941.164170010131,-12961.156150820074,-11854.47249321981,11856.026217934106,10509.44954797447,-8555.881990627622,-6821.844612114035,7042.005129233011,4698.8459493080545,-4441.43070200861,-2464.263932136344,3065.652754418237,1418.7474915190587,-1277.07362379605,-159.79798849601832
2088.8252610388627,-12760.781111752418,-11799.493952112043,8688.14666588531,8521.60350874495,-7324.105013484526,-6157.790532425141,5933.038575369027,4738.098316470675,-2882.251220809924,-1688.3023286660703,2863.7665208298363,1629.6535999651826,-838.3487643333709,-204.43641684191658
4413.081479259097,-6787.382357871653,-6669.853897813134,5754.6731200964105,5946.894894130391,-3635.126771836407,-3020.8080687634842,4400.999192101584,3573.973117669169,-704.0478767485001,-191.72702011207645,1888.7156234824665,1016.0316650223705,-410.33030209512316,-209.17442843502056
1762.4266249101793,-3439.688051765859,-3542.505527379509,3326.4577050062044,3645.624460431949,-1091.8222914958274,-520.9521564468654,3060.740884284145,1815.485486427716,511.198437131714,953.8444967249684,812.6237091524374,194.27348486089898,-244.6934301006891,-238.3086746723127
-318.62685534929534,-2089.28443323561,-2326.730154227693,1015.2419526675476,1636.2905238903156,-519.2386350749027,234.51493614083162,1750.5726685916145,108.75328406621435,410.45142560828816,1185.1208919589722,20.700463510272016,-326.2947937820383,-260.03172258591155,-282.31283479821445
534.1548857189059,-879.1656560287025,-1245.1078813529305,81.94399225588586,701.8448072207565,-604.5298243290325,215.14004706293866,720.2231366978584,-938.5932480525084,-127.53451607791521,862.9643481511342,-227.13734757142078,-318.70835297543385,-302.5584874985707,-357.5457939788952
2588.1354936812386,26.674647319141428,-662.873637255452,352.21255456216954,518.5511274939687,-636.436439319433,410.99735270174426,256.95880345761486,-1186.557192591907,-76.22807095814301,727.16977239931,233.78399972821464,246.40041553487578,-171.48039193866202,-467.3604725767384
4942.876677552944,-188.12892928831803,-1145.85065540719,-32.169629679098875,-244.2748159348583,-358.0077230155928,1426.5798473154668,608.1264612519781,-857.4849868122039,717.2201486831525,1011.5670204461455,1013.6333293428092,950.7824664814348,141.62320903139772,-545.935049321328
6612.509471363752,-755.1426692289608,-1014.2188599903732,-1011.9454511063074,-1370.8878313460343,240.4545754811029,2552.297638793695,1234.2565292692293,-552.0843515757924,1166.6586937816933,1194.0438177395315,1281.6716896500488,1108.0944911562424,287.9056740698817,-558.167373428035
5725.081698752393,-367.3720511864884,-17.616302926089467,-1668.963975473228,-2415.3753547077067,44.645532399979516,2591.966268391772,881.3860868007234,-1017.3719822577957,543.2234834484723,973.8397841067496,917.4420529861261,700.4355034865397,107.98880886120017,-565.6659095357365
3001.101586944907,1224.5170834516164,1507.8510425830962,-1718.07463548664,-2952.5624273866015,-337.1666091685606,2149.8518325810282,456.55703049491063,-1232.5608460344506,-211.45026312562965,383.43953926428003,468.98400772758765,517.1415589697074,-32.54193674351754,-626.8070035903388
415.715296855011,-560.6972141969834,-654.007284274572,-2020.658051294728,-2238.590487277318,-2018.8750442265546,-364.6001194334541,-387.3895951267532,-508.23081823931085,-856.598604912424,-1002.7681863630208,-294.35598916760637,746.6567365155,80.80841670914589,-726.4579125841165
-1387.6816972278868,-5929.574551080823,-5640.191663396835,-4827.702752246702,-2770.2286105842945,-5237.914304448821,-4012.3165953534044,-2473.1736936208263,-186.05898913395083,-1652.2869289430027,-2646.0344847238903,-1327.2086098124782,883.5785168984501,292.92048147420616,-785.4863981615649
-993.9322829707271,-5686.04101675045,-6591.423449999599,-3297.8273980706567,-501.83025938259016,-5060.785330295907,-5405.083011629634,-2829.059685152877,894.3838950415818,-1033.8398270971916,-3059.6763717486374,-1420.9249436116593,1160.5513891678183,609.5391572378542,-679.0036266689489
735.0416187384471,-2635.3648126835087,-5189.72830705583,294.45146277328155,3052.4262682836566,-2811.686409598845,-5613.278351443764,-2052.7854950409837,3088.520068204663,1070.687526176927,-2268.6825284704064,-493.87147703869806,1842.9894862930137,946.1217728153189,-432.90210694010307
-316.23413979451635,-1358.1856587836514,-3650.9951347382325,2638.925644654925,4428.162889227581,-1053.5122251678797,-5122.47587033658,-1907.020611622893,4118.1617766880045,2444.2822136075556,-1342.657669361132,298.0892400380159,2159.1495018400983,931.046593847504,-291.63179966910496
-3688.61818156923,-3393.2419443776403,-4395.920400530811,2194.3022889409544,4191.563433431335,-490.1348502237066,-4774.480441401861,-2169.943580375567,3606.236851040345,2083.0294638931596,-1086.920667766374,286.8108866843262,1540.3926831342776,577.2626411652476,-362.0857933780439
-4214.07397907955,-5344.916250917771,-5482.143565591693,-311.3509868720813,3086.8863526653913,-631.5254243067529,-4979.028163764725,-2557.5917757905413,2539.676359633933,699.1695478695938,-1828.4907007797347,-528.6566759337607,407.1707295141771,361.1232213075001,-451.159557291504
-150.6785793654629,-6186.931121618915,-5847.759046808056,-2140.431258125886,1862.5616484358197,-818.8876048361433,-5089.15711596541,-2919.8608636050003,1659.0152211190405,-413.6646854073016,-2928.0852508722323,-1602.2563384325294,-528.5886199364821,513.1834835997024,-375.78158445565634
5869.309899456872,-4786.954915873495,-5044.070153524877,-2424.579471473702,1123.1478730380065,-1189.0365287015848,-5393.243107053748,-3252.106071747169,1684.536114168201,-135.17781291928537,-3109.1833108949277,-2108.113617532586,-740.2071529608455,849.6526351074199,-170.60767559277127
11949.705933799982,-3668.8907352987744,-5267.062350351811,-2108.816761838728,2602.5044123720127,-452.24995797116185,-6009.450399176993,-3168.138123288957,3157.5922757881876,1696.1259961724081,-1894.1299634149223,-1900.4713091566884,-181.42943645075684,1234.6113529060103,57.70047641793052
16389.406148599137,-3407.779706088929,-6920.722693522648,128.0977500509931,7245.792963155053,2830.0073270997063,-5993.309216227738,-2586.1982641956665,5464.092571825855,4076.4170059629973,-231.221909794924,-1749.3684997059518,368.6247274942096,1617.433318264855,254.91408307308907
14553.306930218478,604.7283169903893,-5914.466651803886,4209.692959395313,11915.49003720979,6692.799357525844,-5291.878479057257,-2451.9465930431966,6863.033560917323,5689.301229181489,575.2420264715032,-2285.2510609335654,77.6175144555809,1756.9681021381484,385.061128293266
5297.247771903629,5776.822312823728,-2975.544032063626,6770.671137819507,13918.005406426419,8683.894142733317,-4907.910768485695,-3294.673555202234,6421.209208459407,6016.770947877962,213.2788293750899,-3340.5264187502744,-884.3370799471587,1560.4964780127962,470.81298204168036
-3571.0261885094037,8145.284137393307,-1170.1926511117883,7339.028595856433,14444.157822206824,9537.363634162444,-4512.41808536374,-4118.840939320614,5064.017546961858,5619.489372760049,-446.6727354199544,-4299.063487073372,-1777.9730715034912,1303.0917065727217,591.4400717793549
-5316.009443170135,6306.63892451815,-1430.1741964999535,6817.3904287345595,14020.168126407138,9938.081399508215,-2936.804431494325,-3667.296906894017,4170.732317910342,5392.535731063185,-186.6687028586888,-4451.604666019903,-2051.9407572190576,1178.3233293540766,728.4025422958991
-2642.2437446478893,1267.9542243592543,-4123.279662371285,4971.403790839549,11892.62362603073,8593.181504954666,-1370.1800136093248,-2581.048188634239,4103.256873569838,5745.661503339114,1351.8979394498542,-3357.969353762953,-1537.0467951050011,1110.2147996415301,766.7205800979016
-1324.9603360147908,-1665.3457501468167,-6564.341403581279,1990.6902449491781,9146.639857815337,6401.669033665562,-1431.0866022475493,-2297.232266098157,4637.714558882127,6456.8931712066715,3056.726623662184,-1642.3658647428006,-679.4193676495936,953.0658521834456,680.005758160751
-1882.0521718649554,-5302.227653038617,-9778.49444844388,-2384.168399357462,7120.674441788236,5324.885728663687,-1716.3091079251658,-2588.891999524804,4754.369133177083,6846.735905272845,3465.4535999824516,-1170.7681840821867,-567.9149866274063,691.2365353448678,643.5581683898675
-2018.7064205721856,-8549.86229513278,-12587.05485092417,-7597.754980238959,2876.509842154416,1815.2454989785253,-4313.273733387334,-5229.859942582911,1602.1023724381444,6611.192331505551,2781.0170087529195,-3260.0425408379624,-2178.4018488164434,260.0839405170503,859.8677849061706
-5121.011751864127,-18009.605488090037,-19195.03636215374,-18587.877645219603,-4155.699256254775,-4274.132404421882,-13434.936421558554,-13470.877191438307,-5784.151991074428,6129.554542926326,2352.4975206438144,-6812.39475084407,-5131.229340390691,-757.2605717336339,1162.2559440153218
-15992.552620213059,-32987.598166688695,-33723.11570977084,-28622.957388496616,-3522.5227161574776,-3792.8914542636894,-22164.812206413826,-22710.11787253407,-13551.161050194782,4486.60665260927,1685.9040067402475,-9586.304498547457,-7482.727392960546,-2408.260546559314,1055.1671519752279
-27285.01328844911,-26613.614502924356,-35627.456266722395,-25130.745464578857,2837.5064892977434,914.9252661968817,-23656.012265048805,-25769.654330057092,-17876.53618540945,545.705623414698,-578.9673377732546,-10567.309986696637,-7498.188265931096,-3520.9759878786194,455.1513802500516
-27625.985646477453,-10541.04917842643,-25646.950763335735,-16446.559444481525,5852.306826775719,3112.9389655468754,-20847.616864961263,-23501.73541099378,-18014.78433476904,-3060.1037204779877,-2728.7882399796918,-9864.952112673705,-5672.125872621919,-3072.2579643062127,-31.00345271459082
-21514.847905926435,-2340.8921258959567,-16139.179708007432,-9294.6921314009,6942.502154105599,5034.498783221444,-15261.872945792447,-19392.303975952,-14769.14274938994,-2407.6270498180293,-1529.5635652490175,-7656.333403340042,-4152.6117867074945,-1933.2172965026514,8.721205879315107
-19579.98573259521,-3696.0541952156,-14014.003054582434,-7066.221741899267,7044.899178314887,6904.846473817569,-8860.521466701019,-15031.624289068897,-10146.883383778148,2057.6509563631935,2988.2107311364434,-4183.4860765680205,-4000.532595675665,-1533.2366461596066,254.29834913570772
-19088.892536883926,-5466.575966313998,-18106.36581838138,-9689.475902057091,7494.072711169819,8616.682877335603,-5326.828458181996,-12313.026824107084,-6838.6685549822805,6389.4968734510385,7479.428464124385,-512.0056314155495,-4322.818503537835,-1866.957547191609,296.30724615049036
-13183.787177411612,-7299.249687418113,-21017.66756078338,-12855.063795587625,8055.274320273527,10586.407377715446,-3425.513440604108,-11200.057534944102,-5508.386061417586,8611.583789378219,9867.664278866006,1865.178541955084,-4431.079115847941,-2251.399642881329,102.44866664011522
-5884.462857711719,-9830.852393623109,-21499.849121711108,-15209.288246687349,7018.5345362350845,11346.7958738699,-1405.206642494261,-9668.63692862862,-4554.741368519495,9844.273045936572,11141.352038375424,3143.5861069176663,-4722.688849247018,-2670.28711175942,-205.8939797643198
-4416.962414208543,-10680.743166757073,-19358.051264130212,-14815.594911596974,6110.856976900349,11714.59023491875,819.6640957896607,-7830.437117526274,-3604.954711838128,10753.37485242689,12256.721103833072,4575.371038210945,-5077.465778278753,-3282.2822089398614,-515.4013655795694
-7334.523796364133,-9937.934047191009,-15133.611859179806,-10794.883887858543,6275.816610906484,12156.903666650696,3731.5248943802694,-6471.48831523931,-3728.320391165934,10420.185649239525,12669.358957872151,5806.448738688882,-4931.56348862781,-3727.8181189826573,-710.2443489165286
-9648.60040746358,-6201.769399094527,-8841.1345398248,-3751.3135010787937,9045.650991820448,13409.984585618244,6702.242630662924,-6166.953185533566,-5602.080174900512,7800.793235068028,11708.309730386956,5631.015480976494,-4675.9460028438525,-3691.243948540756,-743.1889460320375
-11631.785527578852,2192.6666659977022,-4145.671116026592,1194.3235122170147,14365.837737912108,16770.585613282736,8023.333681982656,-8113.851676890596,-9055.403013417852,3012.055458577554,9499.390036224053,4282.985239562711,-4923.712605795402,-3422.070275746275,-683.8369832640011
-15311.823385363305,8080.2804653774165,-9262.99907876395,-3549.8780612783416,16069.827278450028,19601.240054807768,6737.435362459011,-11785.229782779763,-12697.603232840018,-2044.5683836221726,7160.6241080836935,3359.319112643426,-5082.365368461759,-3303.23795824229,-649.105143031483
-17560.83488438489,2640.7682695006433,-20794.165063766646,-14094.975725376773,11746.675562885042,19405.97150402194,4940.370924061121,-14415.7073018034,-14933.80220837635,-5035.391788361627,6247.828717541799,4100.851404061068,-3943.278842559094,-3298.02827333877,-697.6662943216033
-13260.397249920956,-6183.958068176442,-28104.01683324423,-21424.835429447725,6817.345481720093,18611.49769977405,5096.954009804281,-15030.832388175857,-15991.07379201132,-5777.193664411943,7317.79577580755,6295.366585365125,-1462.3541587586737,-3146.0799882559313,-810.893564759534
-3940.7933712431677,-12262.539317039853,-29977.218702049922,-25860.21302120778,1355.3388285687229,17318.868985522247,5579.02039005377,-15176.720318401998,-17069.228375741895,-6105.8956892713095,9409.798321134404,8931.50914343749,1122.8649574752721,-2953.8127468497632,-997.2215250775977
4473.759624352068,-12107.75985350743,-25534.285122183006,-26284.96598158237,-5848.134710547483,13112.333612296849,4909.583172119433,-14838.49144305416,-18252.60398740634,-7245.201612057706,11170.688902655666,11235.378135277202,3035.2213729419886,-2909.2286002567,-1267.1984631808555
9832.34398460104,-8275.232584194751,-17891.06275349229,-20835.19526842992,-8850.31797803785,9445.231695673185,5951.855787519539,-12801.318720438161,-19567.216213688964,-9394.383742933349,11823.779190954287,12798.372460585251,4268.47189045671,-2869.097236292256,-1534.7357084750656
9263.564849264301,-7502.111854683841,-12259.458928785245,-13173.754683680192,-2695.487451601951,12874.730852603214,11963.033725544123,-9743.751665372965,-22546.637575660698,-13421.233373526506,11078.94915897599,13929.221050009906,4883.466499080932,-3106.5540866556084,-1851.0642589607728
-1469.8117658648712,574.6426123121678,-12483.60293211587,-11220.687920599452,11766.47800221403,27669.63851794546,24397.78005372523,-7195.877687940556,-28960.733213481275,-20590.99241577171,8535.036112451042,15506.204411673734,5603.17825287824,-4007.972065798078,-2466.181464595157
-13238.60277631905,15960.043475844579,-32689.126478773087,-29534.340333993536,20111.46835271468,47620.180682399994,38604.78673022543,-6890.284262914301,-37336.27016015311,-29199.65328107467,4081.347227767979,17184.408848475214,7415.061901768032,-4419.101142180087,-3210.668193679222
-8533.068861840275,2522.7859798790473,-66768.95847829463,-59175.592561462225,5985.051812323996,51254.71900307381,41815.55455631967,-8108.4401309709165,-40371.02474913159,-32715.167930978314,-27.602771452082663,17250.395701953672,9587.928221762777,-2625.0669845613056,-3292.659231185642
10887.490717797957,-19034.478881234547,-65848.86482448147,-58983.8509445344,-10007.705019108285,35904.24811450319,32764.304591956952,-5961.473126791842,-33096.78127504929,-27345.19980721473,-650.8035770446245,15320.258832946914,10178.184070914205,652.8967056292788,-2339.124131752325
25992.665629622225,-13611.930024083558,-36812.533901804694,-35933.31418095796,-11140.008475858933,21012.432700882648,22728.217875447168,-1456.7752496511475,-22211.54509730247,-19004.71686643795,768.0350143891987,12812.800782146316,8908.010637203752,2928.753692589279,-1083.7465226376262
29629.263856814243,-2201.139207003795,-13963.628708759663,-17411.979184054413,-9135.252946697101,10691.724898232767,14490.353273113262,-555.1782912266507,-15839.028096737487,-14394.245043106239,43.851020411296915,10509.04894223985,7350.138472758739,3383.0859549546376,-371.91505683289506
29962.618329030374,4164.247057567476,-4361.76663042735,-8239.888237377669,-6460.836226089002,4993.092199738397,8623.24325500888,-2098.8051573936236,-13760.114414688356,-13314.034478080392,-3050.041047729241,8488.41657584182,6706.413247625693,3205.151606781997,-172.78530501450183
33398.219716294036,-72.16478870533899,-7652.298949154342,-9798.263009931758,-5266.914245362972,5487.754211773115,7799.503012265706,-2044.6259626145243,-13499.355948457494,-13962.870347669028,-6437.545047650114,7238.790264827207,7170.323151004861,3445.553834806271,-15.346653587657329
38287.314091408174,-10716.73646840036,-18486.059058725954,-19274.422043850667,-8548.428184427758,9816.707428420088,11695.454521522843,642.1194823616156,-13817.92856300792,-15654.774599201315,-9727.20232311718,6351.600523473779,8247.53879591226,4046.3395419767276,250.1772605429668
38121.71510343704,-16322.270970645757,-31116.69842519923,-31336.076372114076,-14423.501459927025,15171.020469749637,18378.181665870303,5595.589941591178,-13658.4358754169,-17408.880003865088,-12501.316019496739,4688.059872689757,8791.274014066512,4317.543263319575,435.10134236940064
28173.661822204645,-6348.441769004782,-37512.87781361828,-38426.98177332502,-16015.559706508107,19603.994493863676,24322.90778386553,11111.505776716715,-12736.554134781385,-18846.35908084802,-13887.016683253134,2753.808030196699,8151.713716856215,3855.7521382350815,427.3388345031
13048.587626485882,15131.897262941613,-30456.874701602872,-35196.07699023154,-10505.276479520951,22411.309665784338,26952.573027802817,15449.675681840223,-10869.08471746561,-19858.561208759962,-14210.296936687524,1801.6193646505667,7173.6778059155595,3073.255516315314,355.7449061927678
3770.702964344956,29299.869290926228,-13445.27086799492,-23045.589630209328,-4127.556850667017,21260.377759908875,26241.580656703598,18048.56159890297,-7765.117932101494,-19641.67576813609,-14002.000619653902,1548.1871044991474,6798.606825153587,2647.9078457301766,372.8901710467443
5549.33322485876,22748.854510256002,-2705.05371584894,-12792.372061758393,-4449.451080996733,15429.991769017499,23859.22183488085,19053.22204328446,-3977.801195573025,-17695.504309796946,-13116.195687765054,1075.784410500014,6779.203355649261,2712.463118966475,478.67633954013786
14090.304757879494,3301.2533589991685,-7726.9008094755045,-13771.283383574264,-11858.796895205003,8978.248341279956,22203.74466270366,19124.204119784532,-790.7195723881049,-14908.81339558879,-11897.118703434315,-0.27239592465457463,6601.30945226315,3061.325620407867,635.7740685524288
21797.25917068069,-11758.966966764221,-20638.87295844677,-22763.78035079633,-20646.3165969646,5224.364307029567,22143.73745526413,18889.581199654283,518.8368207965577,-13261.474819317677,-11613.585455850976,-2206.672750770117,6024.983576829026,3646.8556810528535,873.0194186584034
21153.273155036877,-15174.603322678318,-31857.185438200144,-32886.509787085866,-27854.6195112147,3184.3495988098102,22885.82651885754,18799.981725413392,-281.7610204115161,-14298.475194929884,-13203.295500730206,-5925.405075721123,4568.839274271007,4281.144990213594,1157.6676524358606
8894.443688787404,-7054.811018781818,-39417.800806555344,-42668.088855054004,-33108.34912053012,2647.6222340854115,24134.48064008597,19570.881470900677,-1496.256729399998,-17656.011978617164,-16443.84000534723,-10297.099066999082,2254.558512307984,4603.262831718078,1386.078811011797
-6754.104397965226,14995.412043075059,-34570.65884425674,-45406.12985943374,-31191.43787667036,5348.802538226635,25178.49183296159,21299.558825021366,-551.1336209864751,-21162.23606053271,-20480.3970771405,-13985.254641603176,259.49576760739416,4804.290708216049,1602.0573913024668
-12989.242683302104,35192.74131899193,-11888.646886297285,-31133.578895723796,-19676.543981377843,7611.09066873241,23709.96006238905,23168.597317455566,4018.423130854466,-21944.79630387863,-24074.175944372764,-16309.450562736996,-435.7338021271108,5401.263631453824,1931.288608519052
-7065.577158543127,26025.422622768943,2612.838943493222,-13867.71855127316,-13002.858581891101,2335.831094731321,21047.118722487736,26121.455823188953,12406.379918443332,-17495.92018141458,-25364.973600066125,-16906.46661999615,101.00613279704712,6368.900026445298,2321.617626489776
4614.390183235963,-4006.029588213608,-18663.937514803132,-23701.05054683487,-25757.526568883615,-5645.9712133931625,24511.11483122812,32463.282135930185,23382.005476321756,-7650.51625138027,-23037.35470615578,-15884.704320417097,1063.4724462786362,7311.276418176827,2668.577880432801
12579.43025938328,-3586.294691659868,-44714.20057984842,-50327.842249605,-42227.35090830958,-3345.4389367331955,34825.56404591817,39451.088204525724,32262.91945293659,2948.4253896992554,-18526.919471794477,-14620.981726794686,753.9322614176762,7625.18330530772,2986.5689468366313
5446.384204726532,29460.560892380527,-34204.6697015502,-54837.20824717944,-41705.089188358936,4503.532269300988,40545.586667443014,41014.033499667115,33748.002908185736,7144.654632405351,-15741.512237160334,-14721.83370977644,-2425.477162184835,6109.61005652939,3110.6302595618963
-18650.61343666641,42577.086967714684,-12483.025164600818,-42024.3497388881,-34305.58193250857,4017.258845670601,36527.572945415275,37836.142426742415,29579.69570813596,3674.293867829823,-16833.20805840566,-15918.780098563135,-7341.059065982767,2201.5533094242987,2608.0732286430175
-43208.6043129604,37006.13561112048,1333.1724233019188,-29327.970755256873,-28231.28414427288,-240.7548645866712,29716.927127942763,34124.9611050655,26089.254506117646,-38.672305512656294,-19052.946829176144,-16517.972540047806,-10563.865630902254,-2117.0622738936972,1510.8454582653967
-52436.631909540345,22225.733555301522,5931.330318372471,-16623.33648017078,-18924.68332913666,-784.340307238278,22902.048767963577,28539.63498862179,23948.34415073132,2482.641993806628,-17406.175643295228,-15525.960941834395,-10546.551636063017,-4076.3922877917594,613.4903884601464
-48108.48689470485,14084.615331851517,-3969.5608126940024,-14376.668681274643,-14107.874747494854,-2883.773543079712,14007.522326936993,19368.152579376394,18976.56392499915,8320.522345754784,-10097.10658865577,-12719.830068134346,-8696.58160346764,-3449.921893874944,482.58128646960813
-38110.89964535209,17520.019508329493,-8504.474984824945,-18351.46932002787,-16033.987812516747,-7222.335453588665,6347.107716640211,11034.75635236884,11463.709725185088,10412.633009504734,-900.0405983651241,-8180.792862492712,-6492.28846131171,-2029.9236724745533,801.2015247120846
-25985.913488090464,11837.049821516914,-4670.65797064636,-14831.565431729732,-14907.68666113553,-8032.252914662202,3562.9674096674876,7550.600357923633,6194.838712954769,7556.7839582038605,4440.111286265571,-3361.495359793809,-4369.990884657709,-1120.3446184084466,965.3735509344335
-15765.488595201059,3133.695259503088,-3604.4439406490033,-9246.3377991644,-11044.60893600973,-6641.527144028558,3132.1558127981707,7336.581639614277,5150.459825161122,4293.058971030389,4174.610767814328,-860.4271051346989,-2873.4172310886293,-957.434195255459,746.2336778391664
-13506.849802562952,1701.7108531477882,-2649.607331123142,-8165.13166536879,-10648.063438333464,-7470.003681242028,2249.3562340825847,8194.508698909583,6861.693107492847,4079.3414541225916,1625.7441767861292,-1819.2336294203196,-2838.8673566766975,-1422.98731774433,276.2755615737137
-19947.732393186863,7879.157629832013,822.0753786976564,-10318.44230830226,-14133.838640688626,-10502.568644557372,1493.201344313396,10223.592103867357,9929.368559893537,6691.246444679647,915.8599068774471,-4309.835165918782,-4259.059753540151,-2313.201690720376,-223.098967733094
-26598.060513693094,19611.17360608181,2418.1476736529626,-14879.001904718449,-18686.340966392345,-13548.854906605258,1415.1422194665724,12986.245349184688,13224.9757401626,9839.743128869979,2887.492046206814,-5030.7603149069555,-5625.396690498615,-3115.4762999241566,-563.5603456947204
-22976.983984493796,25776.698175352067,-2544.35358697968,-19967.56841125482,-21092.99981663021,-15133.106192152856,647.9291743449469,14127.515118429408,15030.093328893518,11154.673020783985,4781.034315065327,-2947.68054713313,-5049.254180052736,-3084.6582064195863,-621.9005503195903
-9375.890312198457,16397.15743377844,-10497.95583476517,-20620.772916781065,-19199.044041474863,-14936.848088112354,-2173.9764269907887,11807.999720911212,14374.77394728819,10019.797348770286,3720.625324001258,-824.8035282096675,-2590.8330716101054,-1997.6859151466997,-435.4407136356898
794.4566098835796,2739.201983001741,-11944.2735334715,-16372.475255869169,-15626.747634074558,-14505.114858265417,-6603.72017812469,7113.284879931545,12477.942603454196,8375.787335216392,642.7512205473748,-1725.2645221648968,-802.4912256710652,-754.2569030012784,-247.76006542184842
-2547.2848182910598,3148.444171044149,-5799.007482498798,-13871.885167983923,-15704.78845360066,-15944.14635306586,-10713.675841022367,3113.969688120772,11413.263158108757,8636.926726305017,-385.4920372306419,-4350.454061632406,-1669.7816445673252,-607.7834175784764,-316.9352458018925
-10812.861821856344,15107.648899693628,237.25865403015405,-16323.950690032456,-19785.74191868093,-18668.21952922162,-12570.299964310776,1810.0396858279757,11656.608910631887,10643.854382734053,2558.3410054394335,-4452.724676882796,-3655.0525601724094,-1564.277582591663,-612.106997756208
-7873.873754973565,24279.68179824887,1442.5501250998554,-20368.341401380265,-23630.920698424507,-20361.726470989986,-12274.828089028284,2221.3526910042833,12003.79246052528,12196.543124532809,6558.565310270062,-1307.8774460557047,-3823.1848059678205,-2166.235112987054,-778.0204381267399
4556.596836860248,21051.865070339052,-4441.825579275705,-23101.377617081092,-24154.67142604531,-20332.986636890553,-12446.093900950458,1521.7458206678452,11816.243998223745,12884.686317327058,8363.97841352484,709.7309282339812,-2824.2400508493024,-1615.0638380269756,-582.6035687401085
7281.563361207293,6244.912001847342,-10758.841637114027,-21472.850183368777,-22023.095457360745,-20393.150313961232,-15476.068319710612,-1807.1959374539708,12006.76968928749,15083.770515368906,9499.594239311822,-746.4914651940087,-4343.125154534666,-1478.955855416088,-392.5147610818573
-5307.141174825608,7014.472641353601,-3426.450367558462,-19413.739015787774,-24581.61447544348,-24659.872179421945,-21741.47087843418,-7103.479270426661,12554.627463365603,19402.61880778008,13010.5675881933,-1687.6175232935677,-8301.56330228277,-3440.4640413806083,-790.135578026902
-14792.349975586118,30590.330977151774,3304.5569799113846,-27700.81862481267,-33810.43857026998,-31513.506578084223,-27965.26557281532,-12790.429523948249,10751.763286528889,21740.491177806354,17031.07069009117,1324.636976491489,-9715.138327400531,-5961.137807259208,-1619.0867566680413
-9144.85008526527,30765.431065186174,-7980.792840623595,-34879.87160020857,-34483.38525476256,-29884.04114916682,-26846.693315268803,-15741.411502115077,5067.135437947762,18231.434843574476,17019.47434958262,5300.52364960675,-6548.551734747734,-6169.556532818955,-2051.1707571895454
1006.3288689820207,6085.424133606998,-15607.180224801094,-25094.791840776506,-21705.618752432314,-18572.94784346473,-17587.49421344782,-13962.218576412122,-1611.3706172174789,10993.727671302117,13068.778459963301,6431.118810152215,-2604.56810515376,-4368.457968472396,-1811.0609862624835
5289.363817108454,-6353.36558290537,-9652.974596739343,-10030.828209839867,-9182.038293826148,-8386.415249340409,-8441.154503704844,-10603.329671170206,-6475.944132876141,4946.308516273127,9555.468212092605,5965.542844017362,-787.1178579031966,-3122.412559704593,-1533.4173426832808
7259.399480267704,-2204.574508023113,-148.86704595469456,-780.0139929752008,-3441.0093714482286,-3645.6787343287,-2923.2965496775505,-7776.923499785893,-9797.065973939672,1112.3859729613548,8438.1997474885,6531.590852305623,150.9933925155755,-3042.0281932276876,-1661.6631368840076
10677.108001737279,6161.513024039663,5617.48382584553,1032.211783527198,-4466.540869093309,-4510.867540275119,-544.4238530880953,-3503.5294334966707,-10887.511038011882,-2445.270692110845,7627.846593971214,7689.493363366095,1555.5409819472588,-2855.658033038092,-1894.0576193214124
12634.795145403496,6409.348170570085,4840.176635565556,-1177.7872393245786,-8248.966145518852,-9009.887364186923,-2309.793166249727,1098.1778901200619,-8207.217993057566,-5702.191351333828,5283.704735853046,7760.092187239209,2905.2162466517725,-1994.0129458246104,-1847.6143356352538
11049.71447439297,3523.4095904018905,4675.133252292294,-64.25307205933825,-8590.253372750534,-11855.3587785171,-5971.505078214909,2997.6292499693154,-3283.1738686445497,-7061.312869771998,2123.0210763223595,6603.119981837234,3651.756889504187,-831.2375154026512,-1514.8327004689963
8194.66714431849,3442.8305913775007,7700.607272155271,4334.311295463252,-5975.768884000365,-11985.046732677367,-8515.991515143955,2584.6182693228975,1153.9410892556357,-6388.6505953130045,-391.087575347559,5253.101186858745,4076.7429132114094,294.53467204007984,-1071.2022523359396
6693.5694353158215,4984.217041040273,11122.416936076459,8646.545702796584,-3266.6895986883055,-11511.519851189185,-10138.810012433049,1259.636975905803,4266.049313831094,-4817.249978225041,-2017.489637930598,4309.960964677784,4519.997204457275,1259.748959833735,-657.4881132086703
5764.214520695632,7332.332070995268,14311.444169336744,12523.232865764485,-566.1832557142241,-10752.20319547359,-11247.522007487092,-545.2725722321295,6238.620524300031,-3071.0673571925986,-3514.207011071928,3316.3084803582324,4783.434905687387,1930.822334633135,-342.5349696968442
2638.050958265626,8579.190752205404,17114.81511290078,16611.072795428576,2712.3459460723625,-9383.10626259862,-11445.926148084316,-2040.4196355006093,7491.888620451815,-1052.5203089600068,-5273.2459132240565,1467.1960717898164,4366.9628302941655,2181.470736605492,-127.93544193469714
-2865.338067385417,6763.806426514992,18838.170606490083,20869.065469212856,6292.0230282365155,-8132.489510216736,-11413.566822700534,-2790.2568747588634,8769.073595408663,1812.339660797208,-6560.267587000105,-1211.1907133618781,3159.138671475553,2088.006623957136,45.884919747423766
-7498.456151418411,3555.2411741493593,19713.962606853816,24823.300731763647,9526.170997084297,-7856.3930040619225,-12516.381984816071,-3835.0808156799217,10064.714563537053,5734.486544972222,-6277.844498765668,-3672.5769156895585,1732.6211077739745,1951.3873341733117,250.52238356561736
-9583.911391343123,2252.562550247466,21069.988839586113,28549.51101183886,12513.26087425519,-8201.665908839668,-14855.314703461105,-6096.966990647092,10509.831957232851,9939.330285935903,-4457.714624325152,-5235.726176021727,600.7426551564515,1942.4168833481979,480.5309350099151
-11562.731745007153,1586.6873565026174,23100.77186361599,32923.03382784046,16385.3951343534,-7956.247091605267,-17369.253379565318,-9059.325649347747,10037.267645436094,13882.295665345486,-1901.7246229430875,-6514.665248908951,-722.3411181301498,1730.7316679924566,625.4315415957813
-14845.56784489334,-2854.643798851365,23967.396904406098,38061.129988479865,21629.79955533806,-6871.441994476201,-19904.72077844297,-12462.645383319827,9011.119060398227,18101.997593691576,1931.941720360155,-7694.1691324975,-2981.642492069738,835.292831308741,600.8289814813272
-16939.361376565037,-9448.676722365874,23469.62881414739,42982.03164790638,27123.633590598427,-5890.140186145111,-23302.27213710654,-17234.569527275646,6373.488797630029,22018.052669572775,8137.494945660086,-7082.089385093499,-5455.761972126947,-543.5480794930295,491.44296916766666
-16981.987634981233,-12936.678917666957,24407.743964674526,48126.8315067906,32669.347583540337,-4743.190217495373,-27065.456388178765,-23252.553184391407,1244.2091456144508,23520.218793582895,15405.827906432189,-3666.1996169848176,-6731.506553700688,-1775.9841761877237,389.34558349456006
-17374.77283701739,-15888.149344557994,26803.11586237212,55254.11661931943,40473.3044947509,-1378.8030985171927,-29511.529225250502,-29142.56134056923,-5357.052206100353,22239.87158523909,21869.426558359537,1463.3042193227395,-6883.608065954981,-3027.24379001565,98.81039154894927
-18590.87067404147,-22434.454110873765,27309.139714347595,63759.22383176,51431.83329008146,5028.272594481355,-30334.596215225196,-34938.2966638175,-13271.19274839411,18521.041194771693,27559.29107697627,8403.161060727018,-5928.127065718349,-4715.846610210203,-618.5031122524019
-19769.396789035818,-31775.87239835805,24220.95006455695,70364.94525307216,62905.98314017188,13343.916412025867,-29777.087938021796,-40929.830596577565,-23417.354345473577,10414.034904484024,30549.06247827302,17709.116335125527,-1837.7624640799027,-5646.890114950619,-1451.6080884895262
-21889.747986401962,-48813.12413928885,12374.199570951492,68912.0048544644,70627.0642704376,22946.5340425133,-25985.525059908177,-44583.23845165255,-33739.799114267764,-2516.751760786826,26555.610974543746,25741.976496194988,5987.9644198998385,-3904.4371768227766,-1689.4996508907611
-25471.157393508787,-65048.48461736462,-10005.126308620738,51802.286950154274,68190.10797633378,32223.28753419305,-16943.31739737859,-42459.85623325331,-39885.43477867329,-16076.050183455993,15204.794866320724,27165.223758000167,14051.003242854591,481.97086779644764,-983.7999851745964
-28978.455932376255,-53957.26916991964,-23533.765170433144,24773.576172165198,51026.45993898364,35731.04681610496,-4557.466335614264,-34085.20051367641,-39609.63755298859,-25353.96074747089,1223.5448651462511,20842.21015382546,17962.63907095716,5353.4938826651705,371.7193828696818
-30769.811252677624,-26066.302898495003,-14986.47684085262,7895.582721492251,26886.686497513037,29509.922108359973,5978.600156237004,-22335.365407225836,-34027.09292099965,-28496.30554539662,-10036.506150930461,10326.126560306722,16156.401259889994,8268.778993180504,1711.3811289514128
-30789.62829804746,-15348.310849216901,-3204.7677136440984,7909.249173258765,10908.546697903685,17782.198235164342,11048.355657035067,-11133.137833205887,-26104.86914939801,-26865.776513342404,-16069.972657114702,511.2936153265804,10577.768908650725,8245.56442575779,2439.158087479523
-30350.724421241164,-20370.151995602508,-5307.317666028283,11530.085127603212,8125.18922431906,8794.849856338617,11444.946766069426,-2921.1302029786098,-18657.1679509444,-23312.209076312218,-17810.4114690109,-5873.537812768091,4582.940460359604,6230.50796198043,2436.494545850285
-30816.6076144704,-22559.973321011406,-15146.976616211618,8196.408987343226,11549.372849843607,6359.317452161851,10395.200535939433,2265.6883625946407,-12926.70658241077,-20032.513963285255,-17670.46786983919,-9147.347582557806,153.34874373617632,3812.740492500879,2014.185660513333
-32884.714570252785,-18512.166067650418,-22507.45646259551,-981.2017715459684,13641.218110994589,8810.601022140381,10352.68120910438,5743.101175862159,-8656.198414913217,-17721.65290620465,-17396.77161433359,-10881.75026598358,-2669.3794913298375,1870.2005452997005,1516.566351023299
-36821.54321995214,-13187.752174730358,-25158.09593751416,-11525.969952189262,11630.119534750238,12973.492243566458,12143.571615180588,8829.963148122126,-5021.8452149412315,-16107.424308115964,-17597.247027428155,-12281.637355171028,-4634.06713692486,467.6388663732804,1102.5940155361936
-42838.69392184398,-9092.988404525695,-24916.111789631945,-20977.56510515577,5610.473524605334,16357.723401669558,15666.426031413672,12458.042959872739,-1238.8289884400904,-14640.724473166623,-18235.414976313852,-13886.878542120156,-6399.85766601339,-664.859857055265,777.8236937066162
-51196.38331070697,-5526.759463807848,-23321.073661411996,-28733.354950897003,-3563.2285033573808,17188.251548613775,20283.660292275563,17297.688554885517,3389.0774349959524,-12759.876148600062,-19052.57657259014,-15830.228024948074,-8333.229939245293,-1808.598944712192,480.14810697913504
-62072.643799175654,-609.7272005518331,-20476.476527414885,-34794.85544327371,-15003.473930190816,14164.223736063246,24770.724214492526,23720.187849919814,9585.631846334212,-9861.197365393109,-19704.09213353374,-18052.049570075127,-10569.368416763627,-3146.3747346158134,134.74059705835103
-75211.00361362177,7356.179255161503,-15337.232089899648,-38807.00536839106,-27814.842020311833,6394.591152799246,27288.422864425615,31525.250572768295,18082.73532504486,-5206.87867194426,-19736.289656862482,-20377.15106682569,-13092.21110549386,-4747.697544541001,-316.9465611949899
-89322.85708484528,19383.103314345546,-6461.552334998971,-39605.95092224416,-40665.7136375613,-6501.553852727911,25502.268593842542,39608.56575221703,29372.97680160318,2077.051116266773,-18526.548078474025,-22508.160163675468,-15778.13377206536,-6582.585014714527,-900.9680327316578
-101482.88564480521,35570.92170328127,7141.728937767976,-35354.18005972393,-51230.41916644424,-24007.257979630787,16932.165123886814,45755.01053381657,43262.98246560966,12815.977101080973,-15268.63650799639,-23983.467916597365,-18399.147361553696,-8535.23041767267,-1601.554047209442
-107000.32771621294,54585.01000717187,25176.096193309655,-24072.06847250941,-55989.212425675876,-44170.862695485754,-311.3715884569278,46790.52805564501,58356.71217214775,27369.18041287658,-9070.531463864863,-24135.140064539293,-20593.40367328717,-10409.949096515153,-2359.35872229686
-100367.86608695977,72719.3058857371,45571.809156934905,-4231.466581636314,-50844.03540752067,-63386.09883882776,-26341.117697620564,39370.952247236026,71700.72872403025,44981.02288787846,730.3399721952316,-22131.431990423873,-21848.248201486356,-11943.423978060762,-3080.8280885319814
-78040.04364329873,83941.92045832094,65549.42862968799,24703.849892080732,-33081.316231606426,-77125.92283940052,-58137.64358323572,21640.943488865178,79073.78986042473,63131.364004599745,13978.629916718179,-17224.198018796815,-21568.051078154043,-12841.054925822797,-3657.987717748298
-42293.15496379886,85193.90822703225,85004.43880517819,61090.725357712945,-4585.807646852718,-81858.05988278589,-89060.62432035067,-4719.497569536153,76445.11125569322,77538.11946650948,29093.413242183768,-9193.885117180242,-19249.463007763665,-12836.526767373798,-3995.2878569640943
-2741.3667739270795,85675.72874251303,107024.06151744528,98010.80118454433,26046.797152605664,-76889.41548488825,-110435.13400790666,-33688.38759193762,62268.62613889342,83415.7862756241,42977.21230298479,1209.4042786130617,-14724.583780400842,-11769.946653984696,-4041.6188680695145
27667.261980899133,98417.84312745175,127719.55289996369,121158.58760539777,46687.585334124844,-64151.301254409525,-115114.98967511267,-56850.51315577645,39056.62002312478,77693.60063983138,51872.41485762781,12194.660674561075,-8326.701314787362,-9626.889713979303,-3796.59141944235
40297.76429382701,110055.04631139325,128400.25463621557,116180.8597667232,50234.58356177251,-46160.87969213249,-100852.51082123764,-67166.19248070219,12774.194930447942,60638.35928912434,52680.12256975265,21293.863332158002,-873.7187436615869,-6466.109012413968,-3249.1366777958106
35041.093724223,89708.5286440136,95698.53332693533,83750.38121922452,39718.667855856846,-25914.39947649467,-71803.74164677602,-61614.74621533373,-8842.47062066419,36338.49951064466,43963.92933882765,25580.56709710685,6078.757121731646,-2553.532179899771,-2359.4979351710635
19742.27449059213,42750.7404690051,46702.52812999075,42910.99316920704,24031.700098366066,-8700.70842845307,-38485.64766594669,-43086.539089419486,-18733.496643438877,12875.889875791412,27855.845059728756,22737.109900100357,10011.239302259615,1098.9148713768109,-1247.6658730237916
6276.214537020321,6543.459963535764,11506.317465513748,14013.254452167976,10994.35169448183,741.5036513703621,-13038.805860218728,-20940.49459789885,-15754.095690318438,-1144.7861212614234,11326.899698737569,14092.683088379661,9153.388977433442,2938.757152722128,-325.8171752637731
1735.5964704579208,-4312.8350880112885,-752.4746999335208,2372.9391230018323,4054.101272387102,3182.199010268168,-491.6744038811494,-4958.474818288504,-6628.515100943872,-3696.134263714722,1583.5820236767115,5103.066956447758,4939.246765300269,2407.250297906376,17.66981579298954
4090.918390533765,-3058.397622044321,-804.9372764050211,1133.1768153114353,2442.097301041836,3114.555269364459,3062.0551868649322,2216.2521000432525,906.5937955957114,-92.40803630434608,-171.09469676161544,463.9432746123563,964.2130302344557,689.6836330433064,-169.16536709151853
8129.480778766339,-1707.6372674844845,809.3187275183054,2688.898224324386,3463.500031445002,3556.553768726739,3668.023544467478,4112.606638752921,4437.586308815267,3846.96505746591,2210.8888043233255,422.76422448459607,-524.4652133171335,-590.04539678822,-497.72285972422367
11375.017477751404,-2719.8464513908134,524.539496821601,3411.5155699586944,4746.896390842284,4722.645302903939,4344.435485167924,4605.469515668425,5566.431146663805,6114.923422174102,5049.185103897207,2554.950494238543,189.45372899061147,-789.944343216343,-653.8460439483397
14117.755534529077,-4709.533209202017,-1520.280899589079,2457.071189670508,5026.919550554482,5721.089254109788,5374.988652913738,5294.5659454343895,6165.705994738808,7287.998435527707,7101.227769760187,4890.3457486312645,1814.1216375629404,-217.0497703613428,-583.5886850390309
17443.261071929785,-6122.481616020116,-4229.350534625463,156.85437003292327,3983.399960871685,5905.344692307098,6265.0902011094795,6311.752799020833,7066.419761590407,8311.508372564858,8621.518693444737,6808.222902969757,3461.067538785277,613.5459633561114,-384.51484319599206
22166.350156079665,-6529.396328500951,-6807.719132572712,-2898.5417484536692,1813.5673765643394,5149.391519852051,6760.852822659092,7544.703463390318,8526.639642245864,9776.045259464909,10156.724211042894,8427.770045278852,4849.258348079851,1388.013420840473,-161.44214379196688
28218.145151481694,-6753.5410376735035,-9361.91592928825,-6455.6259774456485,-1177.8090109237637,3698.884775647851,7058.34920809154,9197.949270266563,10839.438814505458,12098.463531419397,12142.402969371338,10001.119566713116,5965.268565759481,1973.6547687147306,19.374945919526837
33637.934353425466,-8170.251469374788,-12703.308076981075,-10656.285582617471,-4650.92597878101,2169.476835698135,7894.8037141606155,12007.853662904057,14652.49725039208,15795.870984686273,14939.36329479877,11696.13323688761,6790.392788553872,2273.249539594653,107.43565323143417
33970.78025578098,-11663.671515357299,-17383.16521935556,-15302.186630515056,-7672.584310297171,1980.7053458444695,10863.846227916767,17453.183798601796,21122.732579745407,21619.67514899348,18920.54634604342,13588.515821227378,7212.5815010631895,2134.2956763563166,33.85647526929458
26275.40030467084,-16181.535078716834,-22070.075691921145,-18352.919423348678,-7512.81002982205,6200.375271747157,18904.780325059313,27947.808247787343,31926.204613395625,30514.909475612963,24466.18492706957,15700.260282103276,7066.108871059031,1356.580084800309,-299.58017641181
24754.616411374693,-17455.50823356118,-21959.55358303436,-14392.08754431673,1494.842365392147,20140.175348942324,36391.78546613227,46585.21342693952,48869.735730839515,43289.239233339984,31801.63730307148,18015.754313629302,6251.144095948125,-195.6185165021344,-983.8287153489607
85472.50817261476,-10148.228359646613,-9841.573895283767,4594.703927130385,26941.53723397383,49960.35192414837,67501.67333583238,75548.68481160775,72599.68430774902,59759.292434742674,40584.57051118252,20416.162729584754,4876.215992045968,-2402.440763904073,-2007.009291511833
300845.937935927,3458.858820607365,17066.389776303608,42921.52154012169,72223.84807281726,96942.26170815348,111287.05320237957,112310.29502546093,100022.07185751735,77249.31599711184,49195.56940673588,22461.573443577807,3307.797685750964,-4727.115992775423,-3136.9081957310805
693775.3104860578,7723.049940988681,48346.28290364773,90447.94312535173,125598.76162686768,147887.46574404923,154297.6389943923,144657.0833979036,121387.18304683133,89118.02591983594,54079.051246011375,23089.30303060893,2011.072765283759,-6266.520867872982,-3889.5163104567164
1044854.0217377075,-7795.448522763022,63246.35728932397,118436.12422289346,154561.26335645307,170791.36755014778,168368.4841769954,150269.0798964224,120866.28733808565,85554.33357832558,50248.82227888595,20658.20905234462,1245.696251591215,-6121.2984186228405,-3699.131617617686
936978.5388445465,-21347.64410263044,48739.983507119585,96078.49571233615,122710.81703395947,131419.50283839126,125546.52923854094,108842.277989754,85320.99755924722,59090.64220251733,34118.102070050285,13887.556296033445,911.7472028509662,-3934.28240119927,-2267.3362829743464
214773.48573622,-5545.148688201522,11056.561296594737,21694.2151706431,27303.356378497236,28824.38178308652,27198.20381559342,23359.131815190074,18222.446031055504,12663.217820459216,7481.866048113641,3350.7409060969776,734.704746627952,-222.74736218449584,142.20715693466138
-666507.3243074452,19656.338046198976,-31723.8693270422,-65336.20748296695,-83555.93584596778,-88970.93855988777,-84319.53641924358,-72433.82886764372,-56175.90382662859,-38350.84628753551,-21577.177808553708,-8092.456327431602,530.2911256422748,3780.2097814550275,2743.5247306230767
-1072818.6392657668,17474.075917004815,-59359.73708117221,-114601.17609429426,-147951.45081516064,-160775.88912295114,-155786.06469153173,-136756.68827125404,-108262.5898742068,-75390.0413798387,-43355.61015430272,-16958.80126789218,192.64677918230984,6707.533242234489,4639.196048385904
-882141.2077366402,-2119.490842706824,-57903.016481983206,-107322.1371754372,-143839.0436328353,-163668.6509666481,-165732.58234404435,-151403.82247502884,-124168.23516585887,-89207.44287575324,-52806.81756523615,-21444.808637588787,-455.01587073448695,7706.796135242904,5310.550115249393
-463431.7194448009,-7338.72929976332,-31621.765420246644,-64510.30999259347,-96782.67616960556,-120912.32791973345,-132056.18625533945,-128351.02785465827,-110850.69754709437,-83256.80611107482,-51373.15858340633,-22070.10043473773,-1580.2688754595702,6774.246099867973,4827.007544827149
-158725.9794255923,4347.050943003246,-547.3581771229036,-19533.608409987628,-45069.376550734465,-69309.65739901028,-86007.02898672072,-91406.40209956608,-84543.72387369417,-67254.92021535094,-43894.029500876095,-20495.215284788002,-3105.073718870699,4609.820273440405,3673.4718013991815
-38578.40228668225,15595.488316471507,18571.809256685105,8332.353815349607,-10363.280558740269,-31174.333253858345,-48393.350428987505,-58058.083090607375,-58349.43675122831,-49716.09828196855,-34836.59539480009,-18161.413104713614,-4672.61390833026,2147.852914633485,2399.345809398243
-21789.995735865963,17731.467117570002,23262.259937031882,18116.672598655772,5213.5253678359595,-10662.908955223249,-25046.774280917783,-34777.680384520645,-38188.86177677155,-35076.4699668494,-26722.3866891312,-15816.62176453786,-5874.040953295995,104.91689343164154,1360.622037344672
-30455.327306619838,13962.000059965509,19917.048489134017,17338.457495381914,8494.40392006342,-2807.3945560421125,-13295.069799821486,-20936.231362176863,-24754.772855568037,-24468.77576615783,-20402.57528433768,-13705.744351195957,-6478.76364336381,-1209.6123450451398,667.1263158979241
-33984.209958944826,9677.551247015883,14867.333442000936,12967.000201284578,6402.09554760645,-1513.1022141438614,-8473.45831670247,-13533.020505080449,-16534.54394446849,-17393.14728255746,-15838.053741061243,-11862.240010358719,-6485.039084984221,-1820.3168677765384,270.1041581714958
-30293.046327707758,7330.903317662788,10898.027874403226,8450.359716858999,2925.9755713359855,-2695.1411917681494,-6931.599427396298,-9753.920429748381,-11700.174186124688,-12894.26589573848,-12672.25436708543,-10257.377907623706,-6022.917271602554,-1902.8749378093562,72.90095522245434
-24180.182560557467,6717.076153003154,8082.930803472774,4604.019497890638,-359.2134159044323,-4299.884027533087,-6520.7939497772195,-7705.959447089717,-8842.411353162499,-10106.926409756708,-10505.787505623537,-8825.669029624809,-5225.062959894737,-1632.7139400206934,-4.2266523238983424
-18801.188597564862,6535.740593341123,5564.559507875658,1296.1769649767878,-2958.4584806800217,-5431.00800737039,-6170.230016331854,-6344.775298034612,-7092.708651419785,-8407.918333534044,-8967.876564063145,-7434.550389793233,-4146.159597593319,-1126.2061420601528,-13.828915281690598
-14941.248561733233,5591.098772802624,2836.176089078575,-1439.6190825554577,-4575.5480596914085,-5696.201431960104,-5458.333548974118,-5245.098763749394,-6020.357741263658,-7355.533070735813,-7662.753243229725,-5856.953683531808,-2780.7565098537575,-483.84133627385455,-6.8074359827269575
-12099.630228732738,3683.240763900578,310.4137342290069,-3112.320140115213,-4920.308787495552,-5028.322591636125,-4436.494351308551,-4409.283666898878,-5404.530834456021,-6472.360538654802,-6078.867177392942,-3862.359013356675,-1244.0667013309135,80.35630405866874,-66.05194713028283
-9239.233703443299,1947.7346565117757,-920.5979903411761,-3161.5611051774167,-4005.2274144689422,-3818.1579276757334,-3541.9886937944234,-3923.243572635539,-4760.833427066301,-4960.533699662979,-3724.9179031515528,-1636.054651073412,-119.80998060996008,126.59263986203666,-300.42176721830106
-5501.5498163530065,2152.5837748473173,-28.201369628168635,-1725.706949499988,-2604.910081743839,-2928.306777953669,-3043.6657655811605,-3030.3974083152875,-2678.950294580039,-1876.6574562311307,-968.5774909037912,-506.9867781295277,-612.6145556297015,-829.851674120267,-742.4695389722369
-1860.618752803834,4341.329824775361,1603.5348136353387,-922.3954215397846,-2616.8075341161198,-2899.0299590621826,-1414.9774768561897,1153.4894624177405,2928.665058895725,2285.8956836813863,-388.3935481658385,-2967.6298086939355,-3707.5565034600986,-2657.9824791280303,-1193.0199010075037
-2629.631391722947,1184.3530082945658,-3355.3152579411817,-6690.880514378211,-6847.964644963536,-2152.55902987416,6246.270599543971,12946.854887793299,11986.864424260802,3330.8864816673467,-6323.843037990418,-10431.096569389676,-8387.784421927267,-4085.9021351778842,-1247.5030229904528
-12329.032662104755,-22949.406475418047,-27613.265295272842,-27465.626022283217,-17346.322386362495,3565.3365518702612,25761.307591142227,33160.371254411286,18876.476002028885,-5203.944973671983,-20462.555404869032,-20126.304887450475,-11290.06143385618,-3490.9246901494507,-653.7514856090968
-28223.504238007656,-69225.02687502427,-73294.6803369812,-64744.801971197856,-32719.253094021646,17383.322756298676,56635.5373467412,54711.62884750272,15250.428052703015,-25204.13378517318,-37894.89827940035,-26195.896178920088,-9593.509348097481,-584.491510841611,374.3619291343939
-39456.84444916165,-105367.5524745047,-117154.21976698705,-103958.09382777404,-46839.794233655935,36851.47658064873,89073.19666430744,66889.4697262839,-1708.1796390612406,-50340.74824615043,-50616.70675683473,-25096.387434120978,-3763.4262084010797,3329.871521992988,1375.0248007452255
-35508.53515588634,-105569.81466285851,-131598.98922174348,-122767.66251296467,-50592.57346658856,56292.63525575555,110872.74652239113,63614.72171237612,-26947.87974583542,-71504.37794250858,-54167.47029665576,-17860.9121740423,3674.0203520121204,6872.058464521878,2088.990826255059
-12621.055065111786,-89603.90087964958,-117286.58261436647,-111257.26912713393,-37442.87124387766,71728.89729399026,114845.39378904187,45506.6092993091,-52565.454208211544,-82720.4423801496,-48683.97390851235,-7417.463933495906,10675.419546447358,9499.107391880454,2515.8153233794847
24325.5336960934,-84211.59686150136,-94475.63513637861,-78574.11201368188,-9965.814743312456,80577.72527911312,100403.98881297417,18018.845115210464,-71564.08004909127,-82024.62240772512,-36651.150837036585,3526.992157042679,16146.139967108662,11105.421031627006,2687.192439024768
63450.09688909825,-85278.44963980018,-74160.31827022116,-40635.13343956535,20915.835893848824,80367.42048154451,72725.51758838638,-10604.0677031566,-79636.5219319958,-71061.57451596469,-21674.819941098354,12814.529987871696,19521.624189229187,11656.053511594077,2594.057799884486
92750.71337796797,-78845.05677404936,-54695.54884017558,-7853.767735983193,44203.24407313529,70413.2679141364,40264.53979994763,-32841.603492139664,-76539.57520372707,-54105.15771431136,-7315.6484460623415,19184.74783722976,20737.717846485455,11233.437404980352,2255.838741907948
106473.49617500593,-63118.98203033753,-34231.9522124509,16171.98807588846,54978.784389238455,53109.0809873205,10934.634551219317,-44992.13346453334,-65456.65615493509,-35896.701259600886,4114.654254440267,22452.348951531876,20167.38795216296,10057.85547446737,1746.7781065735671
105920.44956959537,-43885.836704529764,-14778.493580413015,31221.892932333616,54260.70289320983,32812.643619566334,-10537.084205001973,-47523.7093097154,-50780.336544688704,-19827.169200018336,11871.714391681331,23186.18704728404,18388.40498212522,8416.330676920006,1170.0184897209829
96152.93058294864,-26124.08253228965,986.8718413902112,38452.27595014321,45848.755154797625,13718.37679157317,-22974.835414155783,-43353.88829124553,-36146.838397643485,-7399.128846563474,16332.646608322022,22228.715248712688,15968.938677539956,6594.191648379834,627.2052307936913
82446.11387214359,-12138.889714675804,11959.730541082854,39707.71363088539,33673.38764419682,-1453.5597673132627,-27625.615843957425,-35880.814199366985,-23645.9629664078,1326.8711513495425,18344.04510392665,20343.338564284335,13347.372343794026,4825.319537877501,193.74694538907062
68568.16335047681,-2392.686316386584,18635.95876130882,36968.35272787047,20621.8293351707,-11592.437905896335,-26818.467483027067,-27806.862038992997,-13959.906653754537,7029.172956964569,18775.627842311933,18088.31137602809,10815.389586283194,3266.634696062688,-97.32636599256315
56505.8521274746,3744.655077328736,22355.432362342577,31754.722144058855,8422.991274349406,-16734.481768116853,-23018.094525186574,-20733.562622241836,-6846.094102444285,10595.784829901138,18338.99554212907,15834.633873258212,8547.833228612215,1989.2881710272393,-258.8162113634095
46912.27379893338,7684.5433358733735,24446.220773330035,24774.136255513302,-1900.566636142365,-17566.696586719867,-18314.355689329073,-15235.668157492662,-1637.4922703321758,12836.406710673213,17560.57565318131,13813.229641590402,6615.200561810781,968.096092762611,-342.3872304983805
39756.72286764554,11326.161164968611,25409.703392037987,16099.028103251376,-9489.273338671625,-15202.159558935738,-14215.521175634383,-11161.972534999346,2408.333671382243,14407.49672273381,16828.991858258207,12141.557358754066,4958.042111352453,66.54533266278914,-424.67674318545056
34794.87370271606,16139.388851591679,24350.40331501994,5912.002922765387,-13443.575174764914,-11178.649971335642,-11612.463467735332,-7958.5059831530525,5988.326302031737,15878.221734281567,16447.172178339497,10792.271586757397,3322.461714182943,-964.8621073515264,-584.4920292546442
31794.312933804315,21326.940807742383,19284.15373723783,-4342.007718135597,-13166.04366482915,-7607.554153029675,-10860.329144743178,-4832.7436598205995,9830.705322346064,17812.34661142724,16586.85169540807,9445.287738131705,1176.6707570646543,-2432.75480404024,-861.4047940315951
30548.699359184073,22476.527520756434,9824.111652658123,-10921.00857751199,-9747.615284425643,-7426.879327282245,-11659.28567439313,-655.4417958090792,14775.111354702847,20670.66292918494,17005.06513024647,7214.642197763253,-2254.5865815532397,-4488.774649014271,-1181.8940826065223
30616.209908723984,17181.24659922171,2618.0489035602322,-10011.311405529847,-8546.718605425758,-13475.14690968004,-12365.934255055148,6000.841139302032,21454.79885542632,24304.100015396045,16507.55887600123,2578.131794371467,-7455.361310439613,-6680.059538668485,-1282.2055077774803
30922.649730817808,18266.777738236447,8590.686702675745,-6309.566988327093,-18148.454839130285,-24863.067073991333,-9834.97979368838,15925.271244946822,29414.14565549001,27208.50156291475,12810.847762524898,-5638.019387887307,-13424.08243770476,-7651.669750617652,-791.5823638244154
29972.42370363216,41027.6333129245,22065.1703321723,-14651.079169562412,-40179.15285276127,-34674.86307611636,-1694.506397543795,27825.748920189057,36475.43791400092,26616.39127925837,3974.916780179063,-16210.000646404387,-17186.283219252477,-5945.533980327429,405.24302343728573
27062.964653286737,64414.24236320485,19225.543551958745,-39445.374141315886,-62456.30985791038,-35657.5104642411,10469.835437228106,38228.2365097293,39508.92505718582,20208.82278487835,-9178.31351694031,-24906.572769326296,-15770.95964410874,-1602.8136777871703,1897.3002366767796
23208.257027154945,58506.70322342748,-2402.8373969039603,-63266.17488528389,-71728.02267985241,-28229.55840567362,21585.033355724052,43432.1315135356,36307.83600511268,8237.62317484495,-22338.213737254257,-27070.70315923633,-9039.11678365706,3433.4939707144604,2988.721922730127
20299.241269134494,38645.882174733706,-20186.766050028637,-71394.94061914305,-67716.75825631771,-18291.334428815455,27749.324829338468,42172.92290215841,27482.130465105616,-5566.467300737101,-29898.744874586908,-21417.856020250794,-380.1621171463316,6620.177896419805,3167.3797750021367
18841.86783369989,26497.99733546733,-26274.039351186813,-67408.18543050168,-57292.24167270242,-9326.653550358202,29462.29631657106,36825.10582782882,16847.85622309699,-16008.442195594353,-29530.263270450916,-11844.577221400468,5710.042759109072,6788.52018348565,2477.332108156623
17614.679042379914,18897.240569800997,-27163.56791576886,-59273.93684939659,-45653.72855034609,-1911.837308264384,29196.596839396043,30868.50423485814,8008.928119873502,-21306.766334340584,-24442.661430046897,-3577.183843748746,7890.5061616348285,5204.156545559266,1548.8212313224894
16693.78833891783,14250.146896707369,-25390.36596094444,-51305.877454334695,-36308.5039542668,2887.1298438934473,27557.610835073276,25162.15374015176,1013.074361904218,-23486.024891142933,-18208.755801038827,2334.0161692555153,8172.662394524644,3722.3807515171184,958.8147480262285
16766.882513105724,11734.648260496033,-23487.706095114572,-45408.635580821705,-30037.039603478923,4787.658824675781,24234.12151472901,19105.454775265945,-4871.301234578696,-23239.737638231207,-11084.234843473912,6779.708011385344,7543.715599007885,2521.9921657688524,672.7113696029227
15793.091820095426,6316.723764137829,-23631.791861890702,-40577.4068757724,-24662.34044616475,5663.888431837504,20494.960732302596,13660.441602282808,-8590.188668725841,-20086.570447770548,-3965.2304993580838,8798.122815749946,5525.64629160415,1089.0325174957431,404.1783800398735
12680.740266949982,199.51828120604245,-23644.531834836253,-35459.639804544575,-19141.19893711426,6808.074956885928,17659.19267262779,9794.488904166794,-10065.807015625864,-15669.282749438033,1034.3629865383145,8243.642474616756,2972.0142829684196,-200.23189926884868,135.05365603891968
9997.37533130316,-1924.592042907029,-21961.977618381945,-30666.694630214628,-14589.539694593039,7515.507214183407,15242.347210944845,6748.003603124364,-10682.275831064004,-11559.335180815391,4097.116756795472,6960.384316876483,1225.1281111915869,-810.1845053933275,-0.19543726381726856
8379.686653817913,-2420.8991687099074,-20164.044838375165,-26740.96477353571,-11348.127527956034,7312.123638287227,12727.555467485876,4112.387420852929,-10637.262319943842,-7384.726611359643,6400.368673691952,5677.758004952857,76.50635446481908,-983.3829267502479,-8.765669318209518
5004.757601310331,-4943.452225482133,-19208.336395018658,-22959.9392053158,-8319.926466754867,7179.6411114943585,10990.925710143052,2590.6211593349776,-9545.478121163442,-3103.855080226107,7555.744765111115,3643.6305037390457,-1298.6148818349943,-1215.820398006096,-8.584901000989916
-540.2878358486671,-7832.08649898038,-18020.186928430237,-18806.741858182057,-4846.809731295159,8040.153724016171,10661.136902404383,1947.8658590348773,-8086.1925577393795,372.71807938319046,6953.423447897836,912.1960345812888,-2792.2698219822296,-1545.7081801345869,-53.4961470316789
-4987.722557395461,-7988.564110414976,-15694.940245126585,-14608.463973306325,-1357.5117193037406,9497.697543933298,10766.895328203336,894.8957379910455,-6809.485342810912,2785.610294142202,5309.744052734991,-1415.5699216674084,-3710.5964138819127,-1666.3716132095901,-91.36271174017493
-6618.693445839516,-5852.526924479759,-12621.357647818417,-10680.537263851114,1580.9355768380642,10559.89248911559,10083.965944268608,-826.0911231824609,-5157.01687319122,4675.249063065194,3711.1607764993582,-2762.3558042431937,-3828.1845810299146,-1375.0014616296903,-42.48204777102387
-7526.564173842136,-3823.5234567133602,-9329.00294814221,-6662.554682583613,4174.883130034098,11092.535954932539,8686.45197673093,-2347.576931595522,-2512.0762441504476,6421.768867774044,2271.744437306017,-3673.2663017141913,-3549.8063142510046,-723.6078842558422,126.67665656414806
-9900.082707664282,-2968.590157920865,-5884.8725740849995,-2085.2179457387874,6996.884537046255,11428.772557999462,6731.654790460396,-3188.733501720505,1387.8641657061169,7696.8775156077245,236.73012847631543,-4909.7825644912955,-3281.474590317449,141.46099662087653,382.41004334935155
-12478.860875107252,-4678.837457448804,-4358.372252499057,968.3750090176108,8412.655893214633,10058.828814778295,3473.9971237376762,-2486.388943668696,6383.105989506751,7415.2108589787695,-2748.977099406503,-6366.397701972819,-2903.685287438413,1114.8081508076434,621.7353027204213
-12161.540188482664,-7209.514949609054,-5847.204097743985,-337.3053359526889,5763.590877942201,5807.463018061427,408.8255311594122,1134.6031031330629,10497.278520293057,4923.319954107984,-5661.969962928482,-7037.454276890599,-1986.109199798904,1985.8136645636307,675.0426938241131
-8878.14752306175,-2045.46935975266,-3485.393436986636,-1270.0842491051576,2633.4157139517515,2746.507604363275,952.6041755180345,6006.7552190372,11123.917825286824,1389.5763336194634,-7106.88086123047,-6330.805001456257,-660.5220321451627,2314.083512230069,430.51096446218617
-6199.137770327985,5934.272879754679,5066.822333222406,4525.76447596899,5120.22575962643,4926.504868663957,5093.240780381105,9298.290443669439,8660.482851234487,-2042.1519704472573,-7737.048368305361,-5379.988670921601,288.8201433277295,2121.317440614178,107.97667776665344
-3817.182912687666,2207.438800685231,13678.632721471467,17277.622986687817,14542.522364125429,12571.997992210445,12491.991812298007,12377.429051800209,4702.529663479926,-6826.605974826487,-10114.657749786205,-5658.503682330064,1262.201712179973,2585.4420804386514,152.10147688733798
4003.1450126388845,-19502.61182447288,13338.770639866778,31750.420410459716,28812.599418141042,24548.394077900193,22780.44597983065,15569.584138348771,-1148.2085912839036,-13949.04068904772,-14454.525758150503,-5786.276315231205,4137.8342449766815,4277.4132767265555,488.73879542630425
13754.765114265969,-35435.33141240878,399.0450448145268,32292.68022764474,35473.76865958604,31739.407167859532,28451.994203785314,14973.226162682993,-7725.891934010903,-19771.059050703414,-16746.00884494171,-3054.875805503423,8113.6958543028095,5162.236192483409,414.56363867827633
11278.983258878461,-17325.870582307456,-1738.2373745856557,21571.890988621864,28100.155878862875,27558.074417965523,24835.964700803368,10135.776681620913,-11357.374651541011,-19959.675132716282,-14250.10124078194,903.3731223815854,8833.520016975583,3386.0022803257343,-283.0968751289532
-2661.5356204671457,-2743.539561211212,8853.556021718234,19302.79174090809,21472.613094396627,21115.871789205397,17854.15373499128,4428.4086194033725,-11451.3141415501,-15899.835660964178,-10041.845792809367,1586.5705560130514,5258.974466662655,727.6050950509862,-877.8791194448535
-8030.252142913975,-14461.43681830887,8109.967711918425,22422.237829257705,22496.08720364261,19560.132550431023,13265.602558363786,104.85035291810047,-10881.385496223871,-12545.12272044701,-8101.962307014533,-486.9095113766851,2083.72028013081,-68.7127944029296,-798.1861012711666
2339.2202018720554,-24410.076516137095,385.38294199180496,21475.254727172436,23680.465812448725,20002.72600689049,12049.167602708598,-1689.6110988574324,-11004.337377287751,-11540.87745807567,-7182.101875845911,-329.82558274186465,2220.8493994104683,596.7551376419104,-383.91052385803755
11420.017297896124,-20156.169322272395,-1472.6156212461074,17883.648976264838,21267.622064218354,19268.267901441133,12618.311276086946,-1371.010591670229,-10911.442259198142,-10606.667883850861,-4146.9432058458115,2797.9036342607055,2886.838950975122,593.6446576191216,-215.84640765280415
6896.2030134890865,-8102.975923572291,2502.5094641671817,14206.159240938518,16826.21202345505,16855.346009858647,12002.95450103876,-1542.1544166892475,-10438.918260330356,-8615.066066829344,-290.7934780975015,4352.675393150281,1426.1792169704736,-351.29944168606244,-316.12984127589414
-791.1960911106407,-737.9025177916708,9369.654999947948,14144.910337409394,14490.5874701594,14562.537702510135,8786.905624111268,-4349.661178116381,-10829.4162990784,-7414.779846292094,449.0877132036135,2297.9495153385196,-389.28515405708686,-737.9992107071461,-312.31245759203296
3466.1522161158937,-9118.574827139633,12107.897331922555,18402.346718284723,16829.431807614168,14287.713764936087,4265.550690866501,-9067.15915525301,-12557.044436992808,-8459.943260430897,-2326.830170435524,33.26708381188655,219.2918600664176,225.05910983437138,-4.780626004682603
17522.247955095412,-22982.46677117881,6314.413612946489,20552.232724793856,20169.8519084429,14946.532441361578,609.0133383433829,-12738.765075833642,-14061.300221214142,-10265.857726725935,-4827.2323305822465,859.3324418020125,2753.5209168554306,1683.2665389530637,444.76417234793144
26743.666164558632,-23837.983174516437,-987.1027512818993,17050.52735504186,19778.558104140993,14324.990468828117,-945.7543726908378,-13063.10102451384,-13410.723953955076,-10251.142175494973,-4216.21522913879,3372.732920706951,4400.799771033031,2385.5184915880973,743.0772040931107
23903.103322748717,-12954.498556793034,-2211.4918196857448,11826.102150242596,15888.967344543402,11895.758094449287,-1049.8405692508654,-10672.794533788705,-10612.17395572967,-7808.973054916133,-1930.4299945502485,3988.1782222657935,3796.569069142236,2047.3620063669975,746.692602168056
15932.08754202867,-3662.672711028896,1035.5584580831044,8512.33702806607,11548.697068811718,8630.76038665072,-1400.1345042536327,-8102.19718375274,-7309.968710590663,-4721.79623119454,-1359.831077742808,1899.060146751239,2205.065983638142,1289.8666813669488,515.0404484045621
13745.202857246299,-1490.4147796381174,3246.035768179351,7775.144289694203,9854.670494248232,6551.690277185184,-2362.918083747703,-6763.966148270135,-4914.9120329287925,-3541.0265708705992,-3531.9261911019735,-194.6447803502238,1563.6372042535554,781.931437743176,208.56524776468515
20984.382486485494,-7057.382705590522,3556.1859305544044,11403.037143922567,12585.02092865303,7263.1790311026625,-2850.962445840657,-6381.712693666751,-4533.617098476236,-5699.455387583558,-5507.254299871165,660.9224407589732,2575.1402971747452,836.2859847243152,33.65400675661209
32998.42327310257,-16028.804968234619,6805.293599557976,17267.40926518144,15805.771721337214,8137.993035917639,-3990.4948264016525,-7988.478049674454,-7890.245925747492,-9465.00009265362,-2950.0553700746714,4716.0671900864645,4631.153789629849,1594.610488962524,187.6194137466644
44297.27765578526,-15373.010215814294,7755.403275489832,16206.791437911545,14414.199048327666,5037.396575548292,-9438.122161780457,-14250.791186117101,-14996.33329321001,-10046.55142552843,4998.038978714548,9679.770435445922,6961.708782310702,3062.2839744543544,635.5802370849241
51977.84725789732,-16158.73730903991,-2347.1655000627534,13588.162395965088,15334.376172967177,1354.6991186093562,-18423.85035407365,-23810.691995151305,-21638.662665495118,-5299.893749457891,13835.427465739365,13358.922835353103,9220.169933651792,4480.313180992147,901.5230151474999
50024.60812576405,-31082.129025863032,-5372.975428128799,22884.17663474074,24056.50632757555,1051.5717062052786,-26057.074479545627,-31167.500469833194,-24667.648663573193,-446.8982707753413,18120.206123766715,15190.758612651885,10476.789041033742,4042.189258953752,421.62428033735785
31587.583303339972,-41151.138936391755,5457.366749807066,35917.42319546048,31507.869365425242,-1487.0712759294142,-32547.24635621797,-35236.38471953736,-27154.102533483507,-1691.2717864071608,17048.29230152376,15313.255139753473,8927.186399540034,735.7471826006205,-649.3635501371714
4615.49875702899,-38989.43773412865,23035.26844444362,48843.74867747106,37683.20120047042,-5312.949519377137,-38784.88905391483,-38920.508910681485,-31710.67103499599,-6567.236168548459,14770.698074812082,14247.901890474213,4540.661532148357,-3592.4742228949435,-1467.9268947342007
-11220.695652102298,-10985.862752580626,43708.190273558794,55462.33921467788,43606.38223450424,-508.2740929314519,-37944.69662019004,-40177.63434995846,-33660.480488345645,-6467.915798026408,15717.958573931379,13554.93979130893,376.193215681551,-6133.3134063497,-1599.989339891325
-8867.90180053725,10303.530459508178,33481.33903995764,36013.227621556194,34328.00220298099,6321.125960291314,-28230.70051521882,-35263.260856998364,-27919.511792695084,1840.5541764670056,19921.124304044195,14412.769514604135,-993.0920988559163,-6374.452816487267,-1376.2509373488515
2507.090482783983,-11958.431889199002,2904.8043518092054,13883.959046528045,16458.27447332699,2157.7088308822686,-20780.8533195414,-27928.570221897484,-17199.944414942263,12832.282444537545,23639.048626588625,15897.30261136402,-191.1017582545024,-5520.401495370847,-1127.0611490855497
12114.244395763788,-35225.54572924305,1847.1192006310675,21367.632601928442,14660.183810668583,-5828.023265940943,-21489.68141766296,-23571.9716000801,-7363.0605561642205,19925.637649382577,23985.87736169628,16249.298698329876,845.3764634208592,-4446.901871892775,-865.5544711861189
11893.387799163502,-26119.910087208238,25648.30471867498,40661.842914160035,26593.296215843733,-6431.385905898075,-24058.86213416868,-21505.750272300807,-1069.5210350905525,21245.800581336258,21231.443861265554,14810.995318516512,919.6197954397853,-3601.35439296566,-632.493029692848
-616.4765439165323,-1422.9857366996546,39353.093255231266,45129.942587584774,33352.819651187885,-3017.5504639156325,-23878.51973897505,-19656.613455299037,1376.2852675726745,18565.12064238987,17248.43501643617,11836.360257447384,-397.4748346314881,-3250.1886742452252,-539.0282660258755
-16086.966966075483,13039.785857659084,35580.581938901654,36971.12438823811,30382.68028144654,-2224.574776575276,-22545.12035915022,-18439.544153834748,768.8834557529187,14745.871847753066,13576.73961763579,7786.839939471385,-2617.9680677489487,-3066.35831790421,-521.2659818045836
-22213.5038406848,14573.521170926939,25720.599467878023,26918.37264484234,23846.102341870963,-3842.669920989923,-21658.48506294784,-18322.01633458645,-635.818436792971,12426.750321784262,11213.630342258411,3736.5441930693087,-4440.80869837009,-2591.656165337391,-458.3076684570437
-17435.835965711252,4921.42272679689,13147.332414801298,17053.61129521896,15888.915730548211,-6551.897689457486,-21310.44465236504,-18652.488472390705,-457.5567872418842,12916.400692912974,10764.508640840557,963.3280351952365,-5263.21724403221,-2005.7957234096016,-403.51899431136496
-8290.641248753705,-14231.009312806502,3034.927877853271,11480.02434906098,7268.051489732075,-11782.418624867887,-22205.60566100249,-18834.48816327274,1932.833862211532,15435.199779537365,11818.705477184692,-402.8312363248975,-5511.050145458681,-1641.4377228664343,-437.64888818064054
-2507.9639606040196,-28607.11491217585,6674.182632400667,17059.937253437685,3295.930216096119,-18423.59818398198,-24480.83224786193,-18386.149527473866,5569.005564826968,17966.475838796236,13067.50511400336,-980.6431328017245,-5512.621585998866,-1545.0208359499077,-534.5719333648863
-6683.303432152569,-23423.572511074282,22958.8869378561,29943.468898005864,7239.6335529838325,-21866.7580517139,-26206.061866064178,-16598.323916845777,9058.255531899185,18993.331817228984,13664.610979161103,-1126.3112889256236,-5610.715187386018,-1863.2571277258864,-692.9749240828434
-20395.57969762043,-2755.2972092446093,35905.290315218605,37960.34751177598,14179.663092617675,-20499.51932730464,-25207.63566864677,-13088.651848764865,11427.654472327025,18438.145581218367,13702.09583106891,-1513.5661275612567,-6346.100095259484,-2699.4154682995636,-949.5414377660211
-33896.678011899014,13884.229809563509,34997.65013157689,35144.175091657795,16026.683999933446,-16689.71282078985,-20666.89266196568,-8049.094156956012,12662.014522809231,17157.158741304916,13006.261965598114,-2968.418027554968,-7312.836902367942,-3570.360717086215,-1213.7152088848945
-38375.941729814345,14553.893030229898,24091.940524769405,24473.21297970169,11195.073426005716,-11699.340867111,-13929.835357656755,-2667.1913849058083,13103.543749744917,15578.20227794208,10919.334787960397,-4828.349242939797,-7351.66137976678,-3815.174949824937,-1304.6715954759588
-34876.11788409275,4495.077284336707,11623.818949754683,13040.42025395135,6179.664129319574,-6600.6300178465535,-8514.544996002185,1071.2344347059527,12842.563380377876,13767.27392679536,7842.551082962468,-5889.716669411448,-6412.341266953534,-3465.6748898265046,-1211.8423664179822
-30148.053843983194,-3621.0375697167515,4319.290627575633,7481.719487020786,5542.740875901141,-4022.6905051385984,-7092.549569004502,2223.6714540700054,12630.782145145413,12569.65380581826,4629.245241083519,-6731.141476064734,-5628.296983794735,-3190.143698209384,-1133.575836263069
-28660.420741323815,-1822.4579917403955,7547.232465208556,11679.742003072155,8138.093818064654,-6741.983958338219,-10830.324324547928,1034.8609240529408,13620.891233130018,12777.921682337159,1352.3250635123509,-8365.599205130107,-5835.46356014036,-3435.514727346766,-1113.744092914192
-27770.003683012626,8178.273395114334,24538.634146451408,26052.241538553757,10339.621967348767,-15204.09524121538,-18290.9959545253,216.63012848290285,17632.284328943508,15540.341664757867,-568.5198311022042,-10508.622042299605,-7159.369212259625,-3648.462976323052,-769.3036378089968
-18289.672801916407,19068.07132307301,52739.738056009744,48514.34813367204,12027.163552640102,-27464.79624039753,-27246.076408330035,3543.299259426623,26959.477278030707,22671.160770719154,397.3243235180879,-12889.608917824464,-8903.3083197671,-2453.0368682610388,248.35587993240915
1388.7213869764603,10598.066663835201,71977.69669152328,63651.30337700467,3570.7705287134627,-44408.63193273822,-37869.25330610247,7524.561627718536,37268.73922862836,30649.409405794442,1377.2988871322732,-15253.290095316972,-9427.465870616634,464.39858587807214,1460.389701141156
14728.859910984,-14226.53092212354,49114.55138664413,44026.620192920134,-15639.231624364904,-51530.35749896753,-41518.26296642086,7272.765062027669,39067.57146717069,31457.0768699091,-1222.5343411211766,-16216.543986787405,-7933.775784903704,3051.3640079869674,1897.136043383768
8949.548692148815,-8653.502178255612,17957.759545687582,16178.680717980464,-17505.54187183784,-36628.9348692263,-31057.92767436499,6322.118679967411,32047.479565817517,24357.293625746548,-5872.314633723385,-15111.79658718102,-5895.461225548948,3388.7640889898926,1403.4475773729127
-4452.273858242686,5627.184711018232,10755.301768798496,10530.17409593439,-3097.102755005103,-17620.305858333642,-16687.87509778443,7910.494000050398,24174.10062284618,16069.861683735724,-9296.316733551594,-13374.427394620232,-4903.391377068587,2339.9309423795557,745.2999178210277
-9603.069788862873,7729.27412106442,14700.006029984446,17063.066844235025,7486.7512112744735,-9248.467905123802,-7821.5344829347805,10814.387770800791,19725.126492336385,10758.671184944107,-10729.101161288254,-12191.275134706815,-4560.614322034861,1680.3200046994118,432.18641855235603
-6256.936380815885,10024.335703348836,21783.107407682994,24212.026824333738,8437.083174661597,-10342.859308862802,-4789.861856919202,13447.406577288066,17900.582464362044,8010.550250860918,-10623.698002185767,-11007.983059224838,-3808.5144183954035,1594.558669569358,311.7672047102652
853.3328541562105,12987.021336285427,28414.096211550062,26628.641855899605,2404.2564206737,-15009.107034076489,-5126.231858050705,14498.703471350358,16775.39692884804,6546.21418867301,-9255.261848276268,-9113.994453630092,-2380.203779997853,1571.5957388827749,199.72750311819152
10362.720275385278,9439.947206483363,29313.43052405473,23643.444916797107,-4012.5231133153466,-17516.664504326538,-5235.121314642444,14438.385679491485,15664.70669628564,6025.521544223394,-7123.865138720896,-6662.07014371803,-236.245163702652,1669.9491027227687,158.40922973648338
17666.345140118658,1779.67526569971,24675.949812987754,18040.61690335159,-8639.9392850797,-18212.28096158394,-4566.753991167346,14251.180701715375,14791.688763258626,5845.311717087039,-5377.409928836705,-4258.426823439665,2306.2866772923417,1881.5515674716648,221.4285446114938
18051.2328325854,-6711.994645575477,14295.609936129562,8417.815305247852,-13901.79381048258,-19163.584133325294,-5642.482276819922,12647.914852260692,13333.163002997862,4147.3670351559995,-5337.940366063924,-2872.0325847545105,4023.152457862131,1965.734624435877,356.4252285368928
14321.461068976621,-6127.942558486334,4635.50816782927,-433.85908694987654,-15471.551302897524,-17863.058479903102,-7718.413248345147,9072.845299667952,10286.105693398698,-78.63838346286377,-7200.184919295274,-3240.7335583771746,4217.910359689273,2057.118199516969,577.4558019193743
11597.321435932638,2700.469071771065,5471.780282584988,498.11599526432457,-10994.774298980139,-14271.06377230887,-7747.589441147436,6010.065760937164,6555.164808335677,-5236.84496200241,-9685.80249117484,-4754.413164570965,3752.0729816656512,2369.452177000941,863.7970385317618
9800.381331218263,8618.896875405633,11987.369049749961,7585.765012610465,-6682.975942260493,-12053.800049900537,-5387.578335014488,5334.566900997112,3907.913645143441,-8901.344657474,-11330.605534638384,-5752.494234381449,3706.2557727618628,2676.106699502013,1109.070693536996
6792.469740767201,10398.113638069903,17222.97288026087,13223.198873057543,-5580.214718214501,-11445.276258303042,-2318.6742351468165,6286.641101390331,3068.3440553219,-10126.566985397034,-11550.492226263905,-5210.436035194439,3937.439760514088,2575.039223614974,1203.7232455390701
5585.9699545328385,10202.91151417751,20408.223994175547,15335.570761141546,-5981.631882210166,-10979.381594720227,185.74089282232546,7936.872640109222,3728.64954708392,-9556.423726382136,-10701.917160624125,-3848.728169480752,3732.308128577716,2123.3193584908076,1134.9496527595875
10705.067869886432,8530.775744996121,21240.274335099613,14156.707221012328,-7085.985350260354,-10544.215809511275,2256.118859189977,9766.852732883423,4868.963777077021,-8364.157522177473,-9576.046136389832,-2725.862758016028,3301.2666801014702,1769.8221912430697,995.1672062700911
18355.149329097138,6191.942351980442,19622.045361836794,11394.631034497028,-7223.7651177184225,-9079.684963102356,4169.417860885488,10965.518568396526,5951.625278478791,-6718.86043372764,-7972.792539718124,-1129.5003986098095,3153.8623938181145,1583.7664266165978,896.5900710467192
21033.673834072055,5076.203434770196,15657.081962236894,8296.149983459432,-6433.71845987563,-7191.900691451269,6569.36236787576,12806.993234867572,8370.08385818438,-3290.3311950510288,-4476.861059324108,1963.0011970810783,2941.045140312246,1358.1658638308863,954.8238902804436
21217.289172612258,2401.2938246166414,14004.389771469861,7798.272573888286,-6528.9503308808435,-5677.188080812254,11879.303309140956,16729.075196234,12807.010583449928,1661.4767761641428,412.9376492863273,5618.216828710422,2742.855104095176,1528.3529258694452,1244.3329585542087
26119.965868903553,5509.389542102594,20843.282971597433,13219.597373304465,-5890.701152713775,-3602.059170434143,18370.879273526403,21189.247007726295,17122.36842192584,4491.396470370914,3338.2110600537835,8359.935280802023,3669.213206040053,2632.961686545842,1522.8251561017973
30295.290741321416,19170.587861413474,31567.177720582356,21549.072230988964,-4013.740449221255,-1834.9037672714285,22401.198673428567,24558.124632340812,18759.46384879169,2560.0177670942153,2346.251017647285,9657.648484089203,5682.524485297601,3797.4774232328773,1320.6283805157789
23329.376310491385,33037.790814439635,36654.249953535524,28782.518661811908,1288.4042944230646,1917.6088290399396,23216.756172762387,24356.114929605537,16411.15570506013,-1782.902683023459,-396.4572198715082,9373.61852782235,6804.469550041166,3562.125191395633,694.523717985788
10570.675161820847,25788.890021840387,25405.81529935521,24514.36246423873,5922.902403587166,5463.024732564363,17531.306381578193,17410.820369249173,9954.544251608739,-4540.394095229481,-1883.4362175180254,7294.400801740022,5512.049002952174,2139.7792547787167,300.27060786639737
3994.3419378357144,10649.770307227103,13738.731200678923,11694.723272963434,1135.2881872682221,1380.3773853199984,7061.519018983163,7623.404198396889,1787.1028140434707,-5378.607598250386,-2352.1555355835408,3779.140427412137,2662.8528450601157,931.6817865182453,417.7607041077559
3354.4539276111705,6635.898336957116,10839.025756770185,4551.130765780593,-5169.14325002992,-4197.370631655993,1483.5615875645371,2591.734770195073,-3444.803110674788,-5807.8566998862825,-3177.913483273357,687.181961784745,410.52717448368725,443.4660520064603,638.5521252073542
2918.5371190993283,2713.438863704695,7350.459743279859,80.8792836641335,-7519.496042524184,-5699.077172669287,919.2982478584597,1855.0459690637276,-4341.0828462333075,-5787.562317416138,-3559.115494200128,-16.411815611672296,-54.198538366307645,265.28075406126294,589.7239746941035
3082.508308986304,120.40941877395215,4967.101869826929,-3561.6992568588676,-9964.385653870928,-7375.69344174125,642.5360848179016,1962.4553292941403,-3636.456720044082,-5174.083891291593,-2445.9808577139997,1376.9089666268733,774.7960672287637,165.29795628684423,349.9211219726694
5648.063908267297,-4121.046691039183,2328.346094562719,-5809.15333591053,-12686.319060280654,-9464.45134579655,1529.2848294002408,2880.2180968731323,-3279.4789675924985,-4628.512226544195,-727.1616551022421,2928.8531831712535,1710.8859965463337,156.85915041247722,153.74997118213457
6718.444806674352,-7865.301509605255,1015.8614113745966,-6833.211722909665,-13908.90713849182,-9729.76561570249,3439.1653250805957,3915.9522558292847,-3687.3040434382906,-4634.333280927967,66.49997951866209,3356.531726510199,1974.6160692358872,140.60980179628757,69.96060836516381
846.3673626018298,-7112.376720266253,2058.1221283926384,-6677.220833163972,-13685.269842925758,-9010.549543076118,4278.401438532726,3636.4645148103778,-4891.998852105129,-5092.511413674645,-398.07730497669115,2716.51699005402,1483.9721056397352,-24.58622095670296,4.008423258012641
-9478.472042100007,-3145.2829358809386,4512.868282556873,-5246.425214499531,-12575.925444696602,-7831.937880400991,4403.181370826497,2608.453504173349,-5917.209636599106,-5277.026121500863,-1153.8678947649205,1667.7365676523445,629.5827342118416,-279.8807971174451,-118.72058852390762
-15150.759820442567,1978.6675374409656,6728.0033506188865,-1634.3958296661444,-9127.39605631551,-4853.444937338364,4936.641940060076,2260.1639714773223,-5365.814159071122,-4350.263177028226,-1028.4518363613502,896.2901538491944,111.72398737722287,-327.3579474357962,-241.6690511502042
-12944.572228719382,3668.895426318772,5918.742757601215,1702.1093097626203,-4008.061551937836,-1026.9652145061962,5299.2665401900895,2790.1735972383517,-3272.7545957202974,-2295.1500414989046,266.93281983787557,839.2261302733998,482.1563719124448,-64.27747436220625,-297.51605053621734
-7211.670688447537,4011.663345416561,4744.9464037706175,2671.021006427992,-982.5533725126451,798.1689086049307,4853.0903864849315,3215.1270956663425,-1268.981985037128,-160.77620156836736,1776.1355819219834,1227.4335897747485,1314.1800889913989,266.70357058853256,-300.69850897100935
-1042.7467793749536,5779.368961061432,5450.152766580965,2752.4940981978884,-947.6238440479066,659.9133545740153,4386.1140596937985,3096.5649962001744,-619.9212351340095,765.9977373077865,2193.813936749979,1201.0388676339076,1630.8101362904938,534.6468908005835,-288.43432726918905
4303.711946386334,5785.737961256492,5553.68680259811,1757.9755761424124,-2006.9233526892738,406.5807649208024,4349.029124613338,2844.116376863848,-1191.0709009077873,78.11827577500453,1311.536336226234,415.3689231560176,1098.0568386270832,684.7610363833523,-340.07820757255814
6042.688501959997,4078.0486135485185,4629.552129002656,-718.9772067485058,-3199.0750257602,288.80156708715504,4231.472554336335,2576.170225280817,-2255.6805633383765,-1450.7470843951576,218.88481000185914,-495.5757773076907,79.7491528114594,503.98048843409447,-546.0610424364655
3384.134484789461,1834.8578507674652,3564.7560030888976,-2335.0702237950263,-3934.0336039321282,434.7099811408764,4327.594318847568,2317.9445901899026,-3127.9060660271352,-2511.4886869280353,-15.728091480434955,-770.596390079512,-774.5546299859249,-2.2190428351381684,-818.6491849139699
769.1863920323661,1424.4642231833925,4197.73428511069,-1053.0851151223815,-3421.097330819563,1682.312987461255,4932.052779808829,2292.6905809858913,-2883.696757651424,-2012.751815046041,670.6965655961187,-165.74026556217711,-810.576834571209,-385.03856072979755,-917.7381680106466
1651.4959975773997,4458.1830398073835,6258.063921666083,2171.3269065443037,-805.7216742346961,3819.7973037015868,5024.154858298575,2898.2484735985927,-950.8464910488397,-38.207759926738774,1658.947097228467,995.4689535387779,-119.68285948513017,-351.28171956861667,-794.247952228563
3092.8394483492425,6287.156595875595,6381.650213093319,5341.103622034512,2816.169021106,5382.4189247251115,4332.821556848181,3492.3107811663644,892.6676479797954,1410.1906110720631,1942.0323473321068,1645.3756457699292,404.04994309161896,-178.5888139980015,-679.2176713602603
2118.211578946446,3137.4044007032708,3086.3422404027037,4002.479488368048,3073.993152849151,3340.843021866992,1646.9112875501683,2013.193732608675,1292.826433208771,984.9580542307225,783.3148238674494,1072.7022777154602,528.1232691203509,-124.51431360581444,-718.8409541303823
-195.76883510765614,-1596.0304662258907,-1466.8758034614937,2013.5727583493308,3065.318267541297,421.61196447133125,-1825.3597768128773,466.23683587505985,1856.333233414207,107.29465582093314,-832.7749841523442,242.75779331589916,728.0770860352792,-144.17524791192062,-824.2187583275103
-2990.679058484117,-317.8390720538083,-629.9101745792451,2251.0154722577117,3130.0827296514067,-244.23550795054894,-2833.5648065681276,130.19997860929413,2064.536594930416,-613.910911356048,-1667.1930810892668,-130.45806435975732,732.1459894766876,-353.98652546896085,-884.6985566296864
-4993.791891159379,442.97220646715584,506.1090096871388,1503.5548598928754,1865.0991556006709,-824.0520702074311,-3029.1326382892244,-510.6002617576955,1332.5931370027308,-1563.2746992820146,-1960.3948632240645,-445.9214372473515,252.3866309497613,-758.3249233214831,-857.0101371676355
-4340.997623516492,378.7223892233422,1175.8004725766048,781.5354125512263,837.5532198055434,-564.5806121130386,-2389.8574475007094,-322.1581161131423,1175.2569222907566,-1746.8353558163863,-1901.7138265385224,-416.34720453810684,-13.54240947723929,-953.6877464810327,-767.3938212904083
-2058.308377419439,-272.52447121944806,723.2284731385472,21.385799427367886,-186.91556034080253,-51.1640300384359,-1098.286978204746,314.1331476421142,1511.2294432544281,-1038.3389149218685,-1515.190497038347,313.0719661701464,394.1380866050544,-826.6696812163636,-694.6734089205315
174.87781548911323,187.15822286548894,800.0870909975785,260.6677897939557,-480.7727487003436,52.899038582272226,-502.45548112866334,241.0353201348979,1504.886210921246,-661.7702269041779,-1354.8361770677232,1096.5846031470228,976.6428876833745,-730.6151524385148,-653.9347363408169
1812.557335136855,1308.9151670745207,1783.9796444039607,25.53551374657266,-952.1712853282914,-16.324644222938957,-465.2649943043398,-495.19456274334357,800.4693962772228,-1078.5292448715988,-1582.6148340486106,1249.272744468226,1114.5842528881617,-838.9779122013776,-579.5194202601865
1165.4152294150115,2590.0023010308378,2894.1450699806423,-1758.1937576230332,-2524.354080892823,102.5749609388485,-153.9655957533978,-1637.46173212677,-681.2179812965073,-1551.721979024411,-1584.250088438118,737.0844934330647,664.6975852232274,-988.5223801027698,-443.84242291673985
-1909.449077269982,4664.668979218844,4842.451369362756,-4131.559272581467,-4680.776858731224,1647.9004973898675,1570.425467983622,-2869.055171352067,-2522.1903349657923,-998.6134080060448,-723.7458705586688,-188.98812751673518,-219.1529320197755,-997.2996303183652,-275.20544717912077
-2315.488713496203,10117.464343293648,9713.562538606428,-6380.259416469431,-6903.620207651036,5239.315643642798,4874.959403569642,-4206.3346258707425,-4062.4178676262122,893.8275823680692,874.8827729312927,-1244.7501076912658,-1178.4979815372517,-733.1693576824993,-72.62745867408572
2819.1772791837016,14270.744073964293,13149.186138487456,-9699.007647759476,-9410.554419362274,8067.2168884731855,7103.5068479558695,-5647.79818004707,-4700.8027506932185,2962.00760173058,2235.4511794266778,-1868.1275224621286,-1559.5460441951504,-262.1960115977506,137.72293530386787
7684.630819487446,10355.481505753985,9770.852074811797,-10897.75662052015,-9657.29347581463,7486.620868711592,6200.327088416082,-5838.975667330371,-3943.222233192971,3668.2796879845155,2529.759264686726,-1472.9121161852222,-1054.1100540051868,-4.5573579164281455,258.5819284575143
6987.332612669426,5679.576156800702,5595.238084576962,-7333.736770362702,-6284.792776037946,5464.88357867706,4137.079090550484,-4146.650647544575,-2257.8134558926827,2872.0428245498993,1982.9379178823328,-358.750172523312,-257.6030586417084,-133.06239464121472,298.2284682778714
3786.3559560697327,3236.23292189694,3270.189422191619,-3796.403085421995,-3135.8180425686915,3702.1613529806773,2504.208819422963,-2349.71033318408,-1113.3927831044737,1455.5775560144205,1204.953960046546,404.94574048293873,123.60577024558981,-277.4105362764878,382.8389102922307
2731.6350580751864,1652.8709778708953,1805.7913176147179,-2076.874067183011,-1589.2299717681278,2216.7720201463603,1149.442782329947,-1503.4899191027014,-1112.4939150873283,99.85869425285262,388.7169294386473,294.7246939411683,7.194799643982833,-212.64953798162787,527.5330160734335
2822.7900443834797,705.006329532148,1114.962740980146,-1233.3764059470093,-691.354630721577,1317.0317474922965,372.0823314633028,-1077.8106578371162,-1440.7598406754894,-798.8069753293671,-326.67122343625294,-166.41168666328338,-338.2102221619636,-157.9326655662656,615.9630696162129
1076.0010404797376,7.912941226489707,417.1866245091266,-789.7628080599069,-344.5627567443911,927.723064443959,307.00319104571486,-669.6391497380916,-1295.4500359197373,-1068.110977139597,-611.6490503892659,-283.32592391108534,-646.9589100612197,-295.8258048194243,610.0266743632275
-1147.5410466199564,-218.03186126807208,144.80763272443113,-467.86620669097545,-129.7212258877031,1132.8749529186023,782.5045323409673,-239.36977031527306,-667.671952680703,-695.2043190901256,-243.66993359687604,60.78765160182809,-640.7099218929009,-415.6855584248468,629.996194462052
-35.881282816902875,297.4216729688832,721.7282395644223,-755.4400437599693,54.547235227434015,2254.2154959006384,1745.1411733128434,4.672764405300654,309.21322654608775,483.0618537463648,738.6018857323563,600.1617071751308,-131.36400464922775,-191.23927824188885,774.5736115430516
3579.200970914601,2644.1235389532376,2726.8088809779,-1498.1732239751225,640.8222903889323,4424.443213863143,3192.1621815541566,221.35859279586538,1530.5395546215466,1965.0365913542573,1674.865584503243,912.591075829753,495.5757174781504,281.27223895663104,925.987466907563
4746.132215418121,5970.837659623393,5123.967961439591,-1226.8180829235146,1566.7356461727738,5530.144835880459,3703.411901254768,205.0278982863769,1893.0473574145622,2469.6456657139856,1571.6686050418402,549.9049317470067,584.3925777932677,553.501332060558,900.7504746440537
3611.946953448464,6592.106458684692,5404.660016029999,-747.6585528123883,1783.2372869333292,5101.658676529078,3226.393559385295,1.2514794586036828,1565.9182099756913,2193.314656612818,897.6505204638645,-46.77392462684108,358.212715782827,555.6203403218234,777.5082853985097
4469.665741427109,3858.313514447722,3528.097281546331,398.60051924456405,1981.3152971211305,3705.9909911845825,3081.617062702058,926.0210565078575,1615.4322809182493,1840.9792873072133,886.5751590471162,56.532289254308154,424.50668113950474,640.6515184808504,751.3922768859954
5510.7288382804145,-226.24858828749254,-581.9462845676429,-1358.8289788603156,-485.60650173989666,800.5055304687538,1423.195297258524,1020.1572726069403,639.2925419932681,861.0651655081739,795.0675870165202,264.0469320184767,434.40573483385253,759.818546444216,768.267651598402
2901.482151795185,-915.200290464898,-1652.468177196509,-2690.5035427835073,-2333.3137853599683,-679.9423974902038,-625.4918202616165,-595.833567649213,-1091.9918208554163,-493.00519831814756,-405.57787462219585,-519.1669120651235,-127.84129088009638,552.6084021117401,696.2350752132991
-835.8160989001361,-976.5204946586259,-1480.8578495305028,-1752.8410986480364,-1978.9617301013307,-942.4348802375362,-885.8472105872027,-1246.7018284143965,-1782.1944426759678,-1315.3487640754802,-1649.102152757233,-1650.8335507563997,-902.7212109428584,158.1143160844013,591.4637803079654
-2201.0082177286517,-106.67490236300387,-885.9432850157344,-1271.8896968328118,-1285.374408599036,-813.2742239014669,-85.26479771937932,-503.8969692602133,-1334.9474904828012,-1255.7959419546135,-1634.0618968385684,-1925.9430775361075,-1307.986000392651,19.711585600117417,533.1024672508332
-1611.0385630551136,356.03178085373384,-193.2031148874094,-903.0221481351366,-728.175869429021,-318.8040764861371,669.2838455366898,380.5663836637043,-225.82140647828948,-299.7678218293476,-539.2217364416861,-1270.7896811436572,-1220.82089676632,205.47113439451243,479.30962312257765
-247.22580476723016,498.862397561529,205.10867686703594,-453.5624696589988,-600.5427400277999,47.57547484844787,921.2340629655762,852.8356417576655,1058.5598402701025,1101.5513025713647,671.8261190871995,-391.2449636953709,-864.3185819986071,442.757393854103,372.8766210800921
1577.7300158696592,395.8096816335439,157.02513250312242,-628.1312720108896,-671.718335174925,380.23343059901066,742.6103881862123,916.5461960556427,1923.408728144595,2201.4104151525994,1326.7215294015316,153.3224805840914,-479.7611913687927,528.5900963532503,217.46092581365974
3033.8977738333747,273.367719552489,-87.79021102288274,-1324.4279798323614,-593.8794075910525,811.9032895406775,195.02264058775958,495.9718589595603,2078.1034244349003,2576.957473597092,1325.2945115321136,296.0697907404813,-141.64432960856055,470.507354769293,42.160709312677525
2244.035667629405,544.3290785304856,-180.3104476739669,-2130.1713460210876,-483.4703725204532,1170.6741491399114,-842.3304897307966,-527.2270811453772,1673.7774269789716,2264.4322081234045,859.5321547210453,230.97151832741326,172.00922655179914,329.37066025752415,-142.04515003870566
-2224.14130504205,1200.333958848503,-82.10021945492888,-2981.716995786375,-534.7033836885829,1239.3871820224072,-2391.719851823247,-2037.8815627188249,881.8144499747439,1412.2497274257328,83.01049262299489,1.222681535722927,335.3073696936815,74.5209216750768,-339.4368229811698
-8774.407799228084,2083.766205287957,83.50464234001262,-4022.7109565779547,-936.0750414757501,792.9394808648685,-4216.4238963078815,-3675.2222658894816,-115.00527493469622,237.75912279812985,-885.3785645435725,-441.54391640470715,168.74236289973223,-242.0881587999978,-524.7183239057111
-13540.480605923703,3353.976425844222,680.6558428064726,-4678.094702412432,-1053.262034132111,422.4504373562881,-5264.14547468811,-4560.208056279516,-668.281390376912,-630.2425163830028,-1581.7434411939296,-680.9838167616193,-14.141958211305116,-393.5281051130386,-654.8545799637861
-13586.714660959913,2809.5257853366106,543.812329288538,-4257.032349641443,-787.6920889065186,310.3796013472598,-4618.809077057505,-3940.842941826028,-429.9846009774417,-441.9523580775701,-1315.5110985029999,-94.94051116077179,351.50572532218814,-279.1206188713701,-708.3551707510254
-7828.022232006556,760.5262239343203,-1312.7600368025194,-4406.118749605023,-1436.1689365460911,-484.44507411097516,-3231.5046221291395,-2609.5059634602612,-50.03872765803476,562.1898382931029,-156.4086102183359,989.7823889805893,1115.3294574450338,63.02386309825886,-660.5244646335411
1209.8812391398465,-406.93515722717916,-2513.191974401099,-4570.227207398912,-2033.7840824191983,-1270.2768626157226,-2390.642303022934,-1966.7937062254412,-129.9576506416687,1142.3617607372585,844.6913497022546,1478.498980045356,1571.1548639263717,511.4137858774318,-558.5836604435088
6451.309411711964,-1629.8701540809063,-2576.0374215172437,-3589.3987172578204,-1627.9100853357506,-1141.0685503776092,-2273.680502738623,-2151.8628038937286,-296.96174300903647,645.611199538397,647.0721670152747,1006.1333330453656,1317.0502042319968,658.4165486758302,-578.5841483023436
3263.2704863534473,-882.1921029305529,-1198.8544804539497,-2384.408025396888,-220.2496695926751,50.213437346148034,-2762.2975832505917,-2467.537158007203,321.798098716057,-697.6403988303969,-922.6697232635876,362.3686742034331,549.5528620443811,147.8174717455483,-778.9990125573786
-3088.2552237413233,5640.060733055474,2808.4777375275175,-2259.6801650810626,2713.936457796496,2307.4620464309583,-4483.680620421773,-2808.323554389084,1717.7861066937,-2493.5725622000996,-2923.1464681749817,461.3676892088314,-116.55370794830105,-714.5632900499296,-925.5226887486442
-3762.115882571489,11562.453469723421,2893.802051090673,-6130.963300961938,3756.604591847024,2779.553462328821,-7424.680113296059,-3561.6141783719013,2497.215977410195,-4112.108907460093,-4028.354758540942,1154.231543109518,-236.9540629144683,-1163.4117902803491,-810.5521884681987
521.8861117191475,5119.236113549782,-3743.982606395379,-10062.959115586114,127.10013245759475,-336.25841735191113,-8873.42768179611,-4430.418909323694,1451.8058620117922,-4710.266229640264,-3819.6539038036362,1344.8155151296621,-3.691622016193378,-910.6739103071537,-597.0506907220638
2477.829857781302,-1829.36082814693,-5245.993629934115,-7137.80459451617,-2706.9544136116315,-2654.80662097385,-6722.261832948419,-4291.603643068845,-390.6296727409921,-4011.570248643931,-3019.4641216844925,597.5363054331384,133.7802716504317,-485.29702298646725,-542.9003908528728
1493.8658358330533,-448.606802038492,-1476.7482684222718,-2524.795291431403,-1502.0480972101595,-1695.5152924889617,-3672.596654739782,-3214.4871535340144,-1280.4600619263392,-3008.561612851843,-2531.1464062826294,-262.83254791007346,-8.717126735552142,-436.0646384002367,-595.7987802434628
1153.1962127987392,2326.505397285874,582.041544612134,-1223.222168023664,1326.830124255821,494.04468989752456,-2146.772172493453,-1995.8573095493546,-1108.4625170091435,-2648.956351466887,-2594.254205809186,-644.3529378657004,-446.67240942948763,-737.94047288978,-587.0104436557885
429.4691213783573,4298.1939934690445,932.449585088343,-2066.0835402036187,4325.857583373423,2822.2784832863863,-1646.8781172395577,-204.46763139661826,27.89499794956526,-2466.1934957491117,-2657.746933228489,-800.7560997194214,-985.9962993747586,-1066.9115967527814,-529.1830724677995
-2755.1084657154215,7264.40308463178,2965.182663282633,-1457.9286826795128,6158.987265297191,4251.895559726352,-1560.9289835683192,1881.1470581959434,1796.3662319581676,-2155.506784511117,-2239.069655131062,-816.075752719693,-1174.2180125910486,-1171.940223107246,-486.0541740626746
-6594.043850427036,8924.83292350275,5885.739771023358,1441.2917986190596,7010.352918528024,5214.402096999017,-793.8552002363801,3379.4580346174125,3041.5375417288565,-2034.3596601711322,-1603.5491322223625,-572.3206171333006,-977.4871122694323,-1063.810762572884,-419.82594092069604
-8637.575952027484,6799.554075542071,6104.738028037553,3468.6607118347765,6759.828077042708,5946.82781744856,704.6585170086893,4411.583698365628,3680.8851741291596,-1835.7678446016405,-1033.7326835986682,-246.98463161793694,-847.781681544864,-958.6195706931019,-300.2352084398086
-8692.225548171486,4543.224119918008,4627.013533331031,3848.0381522595535,5733.976331677039,6233.024421570661,2239.598146477706,5340.0486213288295,4400.001639665407,-1234.1662120191738,-295.3687428276753,137.93414915744108,-874.6560984345517,-925.6930125396495,-170.5845044168978
-6736.884767974644,4600.850296268452,4126.958557253356,4019.937904856438,5439.091879968413,6774.904203623087,3777.766334512611,6318.39998629142,5422.013233641388,-207.28214666380916,944.1537055545782,918.387966737765,-702.7595291436362,-778.4276953127585,-53.770026673854204
-1784.14719142237,6547.5204566379025,6162.534833984421,5442.983477561783,6717.325528434702,8110.585613415671,5478.539199096668,7402.40539013245,6706.684212290849,1279.6206529645133,2670.4407865059047,2200.932841923928,-128.03723162479605,-409.6821812117563,65.93061970755133
6023.599481701699,9563.285000577362,10550.532033306266,8622.094201431293,9603.34129950027,10310.80610193419,7167.476202843495,8525.745673653697,8008.807637721987,2964.0071027295944,4363.096208557885,3557.229841268783,696.1161353795982,13.960110225484982,191.4391214557177
13978.407996213942,14186.89437343043,14572.0642156114,11330.9483263027,13067.074109797886,12262.403787338051,8041.309217396125,9340.174014984119,8756.44467497597,4210.335473131629,5348.983182996705,4460.835558829777,1474.7478550476444,309.5481139873508,328.4796980356691
18199.59173233236,17050.142377019638,13312.496692801325,9914.615361944629,14612.175589174198,11923.199271258383,7247.248807661294,9243.088645996204,8413.717461032664,4497.201933112932,5437.694180017885,4753.5692471163875,2018.6067263361629,432.973246331171,474.84147455589095
17498.638858096514,12822.459427508396,6332.050944106574,4557.56853350702,12198.601236862187,8388.221283507803,4576.545769748816,7894.83414303279,6909.072589137617,3796.233644092083,4917.142298691017,4499.493750424408,2180.747229138059,361.0711416701954,597.8975090668307
15339.76313878521,4797.4523650409155,-223.79200828909998,-679.4018537673012,6764.960832942343,3156.9117671361228,927.0067641225266,5749.3730213319695,4666.81093939947,2408.695888748874,4137.569684156314,3821.6791223907326,1860.8160553106582,228.3802820362722,703.6878235479627
15850.094008193455,596.353362252884,-2186.3806583503697,-2959.5184546815617,1794.486533026821,-1170.1948743562866,-2313.236945444772,3514.274303393645,2124.8927802923276,577.3355976678229,3595.1115956222866,3077.1382278109313,1318.1491701207797,324.8107807028972,843.5361299127803
19024.8975584783,158.3559931526235,-2367.4525739716078,-3901.6508388992247,-1147.5317296653184,-4209.359741985076,-5060.311590978205,1781.1121335864643,-452.5263941236709,-1438.5563936471256,3569.14120864119,2417.8428888765275,820.109724443406,697.9489468754863,1002.2450305470703
19687.3570160194,-2895.129175681529,-6615.1958012733685,-7643.325215345965,-2835.0443625726048,-7326.960928510895,-7889.3135264459415,541.083272913412,-3287.9212649048463,-3766.3028570425026,3269.5241209964634,1126.3699008804906,-19.643173350442524,1024.4194409536562,1025.7000103666703
10024.55657149928,-9422.561768331147,-15831.411693625194,-15208.92780186273,-5112.4992628046475,-11964.674686751323,-11627.895654254487,-1417.5206655854752,-7151.1505884935395,-7012.979687169572,1418.080247738767,-1622.8176696347728,-1746.7584860196587,776.5414208469608,721.5997203785954
-10667.872564607092,-13834.24198730577,-25781.979264213845,-23759.590204620294,-8441.588918804837,-17918.22513941332,-16301.749217079963,-4560.128164375437,-11621.951647572147,-10708.961934734323,-2178.0759843132687,-5098.916650339483,-3951.9227103355634,-351.7278813609925,177.38761287866168
-28268.622196922835,-8965.224619077888,-28219.711900346152,-26253.704741209513,-8986.604379453525,-21034.005832247025,-18981.67775477323,-7269.510142754206,-14392.465002737692,-12940.420211420318,-5914.408684361134,-7084.097473393476,-5312.640112942577,-1801.559893540168,-147.04301698812571
-29045.836949819484,583.6405037611563,-19098.581236294485,-18872.274492221175,-4996.253500841036,-18027.680413559454,-16946.474308511213,-7543.568835777379,-13687.44850430489,-12380.243431155268,-7588.446798153515,-6409.230564230088,-5056.616840070243,-2456.290854106621,16.5422049037345
-18684.409278027375,3280.6194602407263,-7427.841200954124,-8478.965974006498,-540.9290265037102,-11472.286204851629,-11620.650716873619,-5427.154986941883,-10391.42682138528,-9739.960651945998,-6669.300120754649,-4389.464039088723,-3844.867282638394,-1994.747606526119,358.5945482553199
-11047.499786224414,1072.272038027592,-2550.4459020467125,-3402.1805752973173,782.8142209438289,-6551.909888196442,-6979.073297091626,-3065.717732672644,-6962.362891317336,-6878.364676360594,-4666.375272995737,-2874.893328494705,-2782.3173483021433,-1161.9738646642897,503.4579645168477
-9868.893393322494,1465.2691608381433,-2678.7634841311165,-3319.58363208222,226.04189692840066,-5273.307645510128,-5135.888064547873,-2035.5532810477775,-4983.855902056821,-5034.209388707063,-3096.266412079835,-2293.889817964998,-2224.5187418389096,-599.7187294629433,453.97226514955946
-11393.44247067257,3529.5046476380453,-3974.162570698081,-4545.4150333430225,-104.03620632020403,-6127.203421385667,-5202.541222062816,-2056.4371021421452,-4388.71790293084,-4146.569054766181,-2129.5791351154935,-2102.8137531372695,-1828.9144187354004,-255.15561822997864,360.57306754194536
-11891.374428829786,3777.1025025595713,-6037.1740706910605,-5629.803564798367,200.09542794243157,-7041.0623474662025,-5456.447470100058,-2145.296255446195,-4529.017261490999,-3602.63362227546,-1280.199262093672,-1792.4089961565758,-1189.7642443027328,141.48127762844913,286.0347346749139
-8733.473707864026,2330.830787136089,-8465.250552595986,-6307.484577926002,589.6180837890968,-6967.381802545475,-4947.850826686737,-1637.5857551370707,-4803.264701046198,-2829.2836440267492,-272.6121917308277,-1204.6603598131192,-344.0197969880472,591.8389741371846,243.06240382941942
-1776.9048425940352,1405.9990268812007,-9150.694675656356,-6007.363199951094,608.6141035143617,-6409.118995898246,-4019.4090980511805,-549.6192768808886,-4550.816203102796,-1325.5332145769494,973.2603665493623,-460.7057776589528,297.77462580943427,873.0407970394313,204.46445681102296
5611.98656335275,1353.8573719380022,-7472.027611504983,-4920.491218739383,392.37198983371974,-6115.968901443427,-3032.757348166464,853.1545319982081,-3514.251921909452,809.5583530375598,2397.7747714490774,314.92872080788294,624.2657562349397,906.0865706801085,95.78320369498479
10208.10314362672,800.5400380511524,-5643.244737812795,-4293.384480988386,314.22833740175014,-5985.565277663528,-1671.1340937025147,2413.911362010203,-2105.43040362536,2864.1707101740567,3759.5219228267824,1129.5243390042058,967.0424593919553,890.2479420754387,-93.14620004687633
12358.794553685375,-533.1038122044789,-5388.223475410965,-4346.582364921065,827.9722638201137,-5726.26640653124,176.35944581373604,3984.9699979740367,-802.0528410527777,4348.096251403444,4767.139473136576,1901.0896744460053,1452.2606658095076,1008.4747800380342,-264.0173810814095
13509.833175652895,-587.1466316387688,-6189.436739755921,-3735.511981219605,2584.0348134341325,-5087.234344366058,2277.135714849297,5310.722470534988,190.64491123091753,5134.40426355752,5161.545826304418,2274.8827331503517,1811.7668798201144,1167.9405546770263,-358.2023948947798
12589.611739874188,2754.8463827794158,-5792.470835505266,-1373.5475698898927,5187.1574913231825,-4231.17895794256,3880.4150763427333,5891.680472901033,601.7346764827548,5282.8316285483525,4824.68027016305,1834.5467938539055,1818.1176813310763,1076.8033491936521,-451.2734727818985
7756.934256907344,7954.038752448009,-4016.040934840852,1385.6224005657364,7119.117866605748,-3784.18936387706,4610.61101062138,5849.845282030877,371.02883773446683,5244.953066200099,3845.4407688446017,538.4183713506977,1466.4380280788623,580.0104827540054,-622.4820386179513
-298.9683323084282,12240.5506205419,-1974.473086725143,3577.0841747115487,8188.231011824115,-2679.055966305106,5684.884589712384,6259.637029674496,11.66642157363465,5479.485269911314,2511.3276843560407,-1024.6759984977464,981.4043558967497,-87.56914543976404,-828.8175602965832
-9054.8012651144,11336.772711411513,72.18714222560013,5153.531932647351,8813.034767094814,166.16388010216355,7710.279495630495,7443.238601337709,47.13418608092952,5995.007110973464,1286.6522365459896,-2143.096568331273,692.3164072854877,-627.1902984358662,-989.1061680933628
-16085.89379116433,6210.6887089193515,1636.0594169447586,6039.169366524508,9296.51363386835,3185.3764000773194,9755.056374566051,8526.97122140189,82.112395979769,6364.346611829864,117.70483391788929,-2832.38130159741,522.306952149378,-1026.074105704573,-1085.6354216759419
-19587.008543428154,6836.89933099007,3604.5248665426793,7831.465796235266,10649.563776545494,3220.448563328292,10413.882959681423,7756.904694490911,-1128.3566475101527,5710.855416936155,-1440.0955211051987,-3417.6685457837384,157.99000797862482,-1295.3880017673835,-1126.0555857275099
-18268.856778777954,13060.06350866313,1303.476305929642,7380.536443029278,9913.046995464745,-1029.536203802272,8241.83331918845,4381.277982930655,-3221.046834582857,4002.167360374169,-2777.863374295457,-3596.5060517643924,-172.8445890564908,-1295.705677278327,-1076.9833684872542
-12102.827557888915,10870.289608288997,-5232.245498518058,2762.831767325687,5629.926110375452,-5138.230137417045,4806.7301736737645,935.4882712341887,-4260.968280380713,2550.0382286315107,-2893.6746469056106,-2900.8637865425812,-1.1979458125217555,-941.6041465671426,-901.7785242522741
-4748.843459713927,3745.370286507456,-7626.831411093416,-631.2846996455335,2127.2213528361326,-6212.267721246074,2598.312316995046,-826.4049428824836,-4107.713329258,1949.1619366723444,-2200.91639175419,-1729.068417199036,537.1848781086087,-427.1155165159822,-679.0067793997514
-668.4082445080014,-23.60459611178039,-5992.337297779558,-1671.472393191354,235.41302987889136,-6372.967048998006,985.5919579086217,-2306.8073725395107,-4373.341968310284,1442.2403256966543,-2020.0839859139578,-997.0632061948227,946.2488998004042,-129.1580579047444,-524.565089549689
1360.5205237841078,1727.9909124846345,-2744.7233900875735,-597.9171540183584,-238.67198215455812,-6217.962244514334,-651.7239213822145,-4149.77268226647,-5442.431587894196,604.8179047213597,-2685.7278510912934,-825.812303407226,1150.0845757578875,-128.18986303295202,-406.09872071982886
4800.667147855009,5564.239033241889,-1673.5606678765635,1924.3775240423588,1155.5765691471518,-5202.407364508457,-1222.6354633963915,-5179.761576422736,-6166.557286865292,-55.97693571837188,-3306.41847321538,-543.982814636558,1415.6359595684567,-104.386109852869,-251.2096716336655
8587.785200818591,5342.965937608906,-3947.300801733244,2819.885857198574,2239.503110569674,-4137.965296746393,-675.9145340553812,-4936.509964658753,-5810.083547507431,-174.33443011996587,-3153.4136098794816,86.96741954202571,1751.8446574445775,141.76787399669448,-120.31701147717445
9659.736200558886,2322.0920544567766,-5671.096241892643,1416.6600215321846,1487.38469229525,-3699.5715975046473,-59.61360774978655,-4036.501845932856,-4658.436438100514,9.56047779730533,-2392.6278066254827,550.0423673698068,1843.0126360889903,396.72606060327445,-103.18549303088434
8182.964032035728,8.96651183836619,-5142.55524544781,-578.7191058066975,-206.8961056511027,-3782.2741124375993,147.86999827245555,-3140.069038588104,-3358.5173295002573,219.57583724539518,-1616.7153135119042,462.5317641271196,1530.0101446588942,371.783967534677,-161.00777864749756
6930.571001162883,-924.064473249177,-4109.987457519761,-1884.6635909581555,-1551.3263943226948,-4152.04002143974,317.77023762197064,-2522.46090639843,-2269.980119499267,524.5320114378883,-1205.312074835971,148.71151779315971,1056.1791431209515,86.75012072773916,-169.4862278898713
7497.350964103254,-976.7695079637202,-4409.5452475504,-2298.523629367831,-2235.6153858482703,-4871.024957583503,1085.180702270566,-2114.2837802704735,-1209.9018011164335,1188.0831341537282,-1131.8893030963873,132.15582683072103,693.3580190769691,-241.97654387147293,-70.64993690618462
8354.287553059756,1046.7520394134438,-5981.397125445076,-1178.0055620683509,-1956.1767999981348,-5451.2239861682465,2724.4029278825096,-1701.183621168835,124.6820780870894,2274.7515284701944,-1216.6572840971498,461.80218636338316,400.9225241712818,-509.6417215302336,66.68104471018644
6353.115716933413,6746.718539959788,-6283.7174332581835,2149.544183576358,-24.970007122204663,-4560.473999133003,5011.965118950121,-1107.5828725651138,1585.9882015563815,3358.1984667401384,-1416.030461841744,830.1965280481371,107.85200737170487,-706.1716802638377,148.05385074528417
758.7693322386003,12610.152932075227,-3021.93586911576,6492.420834011862,3417.4847827823623,-1769.554155054214,7401.461039464262,-403.3033061999075,2776.447065728485,3909.7992595538817,-1721.3919500709078,1103.467046758356,-52.68717765312908,-768.326776611281,191.72774448625336
-5080.2859480635,13502.934446903819,2268.5279002407447,9703.45788641072,6976.897622928299,1677.4534619000292,9286.057563726143,269.2941250065618,3656.3217793641265,3961.174396478988,-2010.8869637132836,1401.1346239159152,-62.61606714140396,-672.8583472019119,288.5960992290188
-7263.868944960991,10917.478612962672,6056.108709194515,11280.311339905353,9444.387900630318,4325.715173533201,10541.828076111025,721.9566873408119,4400.922428897189,3855.9750011554042,-2175.449741590394,1805.4545463073857,-97.75823199777676,-510.9222715718585,448.9590493002238
-4412.20075704909,11388.804567575356,6137.03940462173,12611.278442776944,10216.609615332136,5007.152884814071,11133.524871193935,370.0600999869263,4842.248807029065,3635.1185643823314,-2176.2947093478797,2345.0063713019636,-150.09598837812234,-305.38985112419385,620.1634755176063
2747.2873299439902,14327.73435753912,958.0126202738222,12859.910733521994,8053.205853608966,2937.541169469691,10336.853062756087,-1345.2044200864668,4618.227223860668,3119.613090946292,-2045.096998772089,3101.2065589662666,-24.929702543082612,55.41249744811341,799.8586475696305
11394.565849279323,10780.912653138672,-7601.183977950198,8426.474457155338,1939.5272056163983,-1914.4723136495647,7352.031844725931,-4541.897539943135,3579.7321925324395,2063.466515434512,-2011.1247252946416,3871.6318551619197,177.67222567390894,525.7568713753326,987.4752069506314
17219.866223363366,-1191.2655589561455,-14036.749621410718,-1312.729203567409,-6670.07917727027,-8299.649412979637,2401.3996597772666,-8626.82996703523,1533.7982566317007,-112.83897725410554,-2759.1342089010677,3981.8205408599765,-151.9956249221837,806.8259011701512,1097.4440453954626
17154.911389141806,-11590.013314002965,-15776.708203973203,-10700.669732752152,-14014.252492581778,-14168.903408754222,-3360.6092404110254,-13085.224504599571,-1641.9536817462463,-3817.726032394678,-4882.5420420276805,3144.093962026152,-1453.2941944851498,757.7142762088341,1025.7580547316256
10171.725665285974,-15875.47160182809,-20472.30170365142,-14255.379914359008,-18728.0795706273,-18390.241232500233,-6729.322635124319,-17167.22386706206,-4064.747815113601,-7681.934626078762,-7350.212126731215,1842.9387544416,-3230.8626207567627,458.8806876975102,741.6242938150153
-2081.5838212332224,-8394.806771351077,-26227.806776522724,-6890.82191922192,-17579.34368324377,-17219.11836955301,-4580.0100804265985,-18194.303562595305,-3725.442290201839,-9602.944737534444,-8439.24828143394,446.36550488851765,-4535.650678782714,-85.18763970130084,332.54725113724714
-12990.79652487768,8970.590689615226,-18241.705897947955,6435.02875895998,-9327.184199380365,-9807.93453431649,678.46596635158,-15078.418527748518,-1356.4489206393214,-8968.804465179604,-7636.173147146757,-626.9799667053946,-4787.325214341018,-684.1016202682315,22.587977048332505
-15996.668937215656,15865.212966676121,-2817.134482450868,13267.909001090131,338.3550018798694,-962.5982734249799,5154.115370360976,-9249.21349621596,1764.4512071776508,-6177.4431190881705,-5161.178653700784,-580.1578783801813,-3993.8804537980423,-860.2395942731907,-20.32896714418473
-12883.659576772432,9076.289644060662,2953.5730730218024,9865.789109245727,4288.223915931828,3528.152220532207,6474.599106778218,-3398.8166659340745,4251.947489873786,-2503.0998543909554,-1883.9975558996805,594.3295988064731,-2719.4313926300174,-485.15865565336014,98.69689277416649
-9311.897049135127,5747.557604928101,133.03920669681025,4928.6221044647455,2104.979028157513,2514.382820047898,4861.103265254014,-287.2926321967418,4985.49961964809,312.15870440933554,813.2051582457574,1897.8058945862056,-1581.561879494912,45.201246365160955,186.36496938764606
-6529.862188792859,7558.991096396663,-1008.1319743975456,4357.616296952957,-476.35559584345674,435.2639216461927,2991.859116332462,30.371275068248245,4444.320649839625,1606.5143335117925,2244.181204655829,2615.460946383505,-731.3125268607918,392.52749235315673,213.49198250025336
-3400.825957126035,6330.980886263738,-974.5579501159402,5017.484532858084,-994.2464783590799,286.9342156138172,2638.5070923899093,-485.6721821678692,3871.0848926439244,1865.8333901571182,2665.608522950401,2800.3427440206124,-89.1898796278779,557.8765308709899,228.5583848530178
-519.881310764397,2788.4195319703053,-2990.456636716709,4484.551686823051,-926.3831985002579,1324.940565131495,3403.107018707899,-553.270956842105,3882.859108758975,1643.1195345757194,2529.4675148310826,2629.2136129784085,227.1013119279118,622.0989222577793,215.3408725001693
836.8178928153445,377.2660156284821,-5836.885461243831,3536.5963430676907,-1356.133226776138,2096.8527789583554,4145.051645873775,-326.6638985273578,4267.512900227862,1040.948024271997,2039.2846269093345,2005.283978098746,4.11856099525761,549.0834424987585,139.32430173043292
497.13868520308216,-413.9593425051613,-7375.350583533089,3029.2317056107886,-1916.0429024299333,2389.8883059469085,4360.21813421278,-414.12161289393816,4550.254993371748,-36.73278791952896,1297.228413544528,900.698395926659,-667.355432599237,312.26333073057225,29.304547600412093
-1059.0238075646973,427.696706884494,-6554.902138578898,3825.455058985354,-1817.883190608344,2867.4477916962755,4212.029765183601,-1023.3407280072726,4463.709348580971,-1481.491539855263,579.1245486797145,-265.57196586709165,-1316.0557780790195,66.89162558605753,-60.60091259283156
-3259.3959897388377,4100.520553238751,-3381.569252169251,6709.183278097422,-832.5441474540061,3855.167722526394,3841.865498962238,-1979.9749770132541,4049.5183450432723,-2958.715956401904,272.28524018417795,-919.67620505397,-1484.5960044013068,47.767406550932776,-129.58759962546407
-5038.15168849833,9971.255919305511,429.3662794483164,10527.740285415433,309.97927137333727,4718.764519268423,3042.582901979975,-3130.0775247268125,3508.9006518496067,-4174.057345923828,557.795185706537,-925.65511235142,-1119.3997618950602,299.0848077172265,-217.07022017767068
-4815.224429249099,14308.194503962868,2160.9721074374156,12451.19821534732,129.4310691181199,4338.954286321889,1444.7127673520372,-4420.894652602086,3021.680827671081,-4965.422805454267,1298.3400359957132,-621.6329567868293,-515.7412251357122,630.9415522352356,-333.43968344006976
-1480.3126532740328,12729.352637810844,-236.4220469806665,10177.508367409535,-2606.7075187715736,2221.0065218356926,-881.8532587651267,-5535.07672012547,2768.274041895326,-5239.76043359044,2203.513286284741,-355.797936704065,25.88913003801258,857.8038893833996,-442.716676124582
3593.482350566568,4041.1943792074317,-6628.6156135264255,4325.711287412047,-7227.551571902201,-596.1297938051584,-3037.875200050591,-5895.968030772567,2864.053840802546,-5036.170045127498,2974.755725671524,-302.8886609046258,320.01414262262404,905.932946836699,-530.785912401443
5418.940547071587,-5723.8524251056715,-13580.877673804769,-1158.3634025201698,-11066.041411024182,-2400.119300247743,-4084.582744605793,-5268.378381326289,3174.5395517576544,-4710.168727370343,3425.806339151146,-766.1474254708247,174.57352781788882,649.6524623148282,-676.90368520331
223.40809791724607,-8989.115062834197,-16422.678916557797,-2992.3241151949705,-11603.302343239,-2066.609455625181,-3606.190444838916,-3947.6735563370066,3627.2977026041262,-4899.380154706092,3552.031882084839,-2011.0516622232462,-388.8104411613197,38.90654387638995,-929.2160741585662
-7859.98222714012,-3201.3782460188304,-11755.283298110571,1451.3490986375825,-7992.160207610918,1557.1102243413327,-1656.9636211453208,-2235.484840976229,4178.4368861730345,-5386.4780094899625,3513.0900564107155,-3301.6123469919457,-796.7993905105865,-519.277474890286,-1132.2808600799822
-11085.002832130449,9783.001390623045,-897.8047374965566,10248.980300298164,-2202.03132508774,6692.854624522772,940.9328598808767,62.756821244029595,4869.960492905669,-4725.115361233191,3772.5819301086985,-3451.804076474411,-473.50547025992756,-565.8036888108137,-1117.56183784187
-7439.470448429746,16695.10925972776,6133.264298102828,14811.309611938103,1975.1415993732746,9617.105175269122,3141.7636324667387,2596.346347324812,5808.20697198071,-2808.1039146171765,4533.433737723406,-2575.098055321938,428.79628450973917,-195.99649021559696,-923.3899378405941
-870.4080749327544,13559.851606888316,3009.269487076723,13514.232318987624,1175.4960324630786,9247.465456669188,3247.459890095477,3756.392386961491,6179.2829768026095,-1236.6441715618564,5250.3646335941385,-1671.4216582603194,1350.9660804533103,233.75328540074105,-674.8844940938765
3365.5098508357546,2992.215750637214,-6251.598321114605,7014.868376360104,-4016.6089103796867,5370.117629341598,377.96943940013284,2396.4103615825734,4753.596766521668,-1221.1878319218379,5022.397537884257,-1503.0659997988157,1745.181632844684,424.16065206693406,-493.24836902576936
3321.567096159971,-5166.950997212105,-9621.661803775904,-1115.427090954268,-7209.253253578505,-331.2106102571262,-3014.7149164497296,-557.3479173595857,1645.5782747994726,-2482.526380997427,3411.8681538244255,-2118.67179352949,1386.5182263317204,266.27714764818325,-446.90445379685946
2196.930348603864,-2395.2830382811853,-5292.68713317164,-2884.6433066138047,-5407.177576422005,-3128.1761916171636,-3633.763259625938,-2508.7947341109025,-974.3594493758656,-3605.798925018873,1360.0727242736891,-2843.3212977096914,741.2959595960654,-20.99700346727417,-458.2011593877528
3141.0093385318064,671.3615596902827,-2806.674992884525,-506.66992594550226,-3243.233873849674,-2495.018942189488,-2418.045972284231,-2726.063714768813,-1901.7195796309293,-3791.3888728035854,79.9694034622332,-3054.1350884037406,433.06973143916844,-154.24119843271745,-413.0156505139454
5017.7697294169,-38.31499724197381,-3074.484440513724,899.7730276497299,-2652.567133380862,-984.9394474034582,-1317.0944051279266,-2150.126808234714,-1658.8487352772495,-3136.4194173723477,-157.15792965976226,-2589.366773437111,573.7380475064914,-69.0165477034592,-312.78020680447105
5258.567319410329,-1003.261035273823,-3203.0901859625924,957.6144475758255,-2425.060659373604,92.71429545711413,-732.0438602803177,-1521.1841379733037,-975.4092684245996,-2030.912309904336,320.93572296905324,-1636.2036095287058,912.9097930981177,123.42068288873287,-226.37819749677556
3536.883696774615,-1109.892145553902,-2717.0361768712482,802.1170131378509,-1917.810928577109,604.0544882066533,-432.7243672460723,-1135.604402750941,-311.33334562462755,-948.4193845379621,1033.6451658340704,-618.1067074057465,1200.9616093299076,271.38807162646924,-182.02496846281056
1473.820897236038,-917.5695390280298,-2203.9601590164584,727.576794059072,-1550.1818046089902,642.8729409572259,-360.2325351932884,-1021.4230692747277,133.23289630746848,-266.68014982466156,1497.6684410530538,-28.59343046137934,1273.591303546946,251.97469138124944,-151.41173084051266
439.13595118225334,-736.7197177419511,-1938.3814831576904,495.8844582461089,-1786.0032417827176,199.1022113035948,-699.5939649689733,-1139.8759372620273,281.7719119508141,-151.0965350070353,1375.4697431331185,-185.44480663544823,1039.4941200125731,9.629246111195041,-91.64926683111985
370.2602057106491,-820.3181248649173,-2031.738488592021,28.76162362988842,-2606.927232347311,-584.2127842689624,-1445.1911170193812,-1428.3557352655923,107.37235916503352,-558.4941996268947,635.415764794569,-990.6873630522063,568.165069613706,-385.421654839521,21.46269443050369
372.8990488412497,-1066.9327875053336,-2451.5026797021264,-545.9808821007713,-3595.427803479305,-1324.7918089629213,-2161.6558217791417,-1735.6357350582773,-261.8604652756657,-1254.4303343429276,-337.6752940720485,-1837.024238418792,180.06437060867185,-702.2416367908963,179.48137418201773
368.1912266319593,-1335.5976825805888,-3072.5337740675122,-1214.0943893727974,-4114.456687721055,-1606.7316738156364,-2282.347089374251,-1930.907756363562,-512.6789810281548,-1879.166737584561,-860.8954162606252,-1936.9671429089794,276.08411156006343,-679.1272154936684,344.71433996294235
1647.1708600414374,-2312.5894751948363,-3588.197099952847,-1720.1912166616764,-3679.446224750334,-1280.234580363413,-1692.1389417958942,-2117.420098281246,-348.355479027871,-2145.348247488829,-488.18342064775584,-1108.1160933789592,862.7473259732358,-337.85823424562057,473.0503599627003
4468.8939232588045,-3127.3911542649003,-3103.649585705286,-1327.0694083392877,-2563.0205827361783,-976.557833405579,-928.4026406036837,-2485.5660172749026,237.6129826182951,-2133.662921297926,346.6263007509401,-280.001602772299,1252.4930421960382,-144.31195706445874,523.9017131787032
5400.409211556031,-1658.2960483737816,-1538.9990178042506,-946.3973492950162,-1859.5641553812654,-1506.1854994417492,-550.1491974664063,-2891.158985257776,838.1400557215313,-2452.8833453312973,530.9472600775375,-722.8617883878347,624.8519139296375,-587.618158227607,446.9607105922624
356.97485229921506,-331.7767067067747,-904.4780042195407,-1769.7499558950858,-2139.473538283939,-2217.042567922148,-512.3603010948634,-3338.9875261217326,977.7088067108917,-3589.022248424102,-178.0348408666266,-2315.600578542889,-723.207903880761,-1436.368686784376,248.2752424862499
-8146.001205480519,-1668.6122705128207,-2434.6654617960107,-2935.3402694510446,-2731.112405352182,-2842.4080133738444,-274.86998171909704,-3897.2401000014675,1348.8921162504512,-4377.043440504353,-62.57497201677211,-3183.5364430530462,-1223.1379227328155,-1810.1720976607778,103.81253145163856
-11820.03789086917,-5818.97785570502,-4607.292078345859,-3977.9959676403996,-1650.9420884541623,-2373.838667100835,1978.1884301827727,-2692.838220223444,3769.413069356994,-3040.26933434489,2176.389807989626,-2288.328908599703,-120.01024685688208,-1390.876595000253,209.5459752486712
-7567.757258738438,-2613.260399400064,534.3724885618858,533.7210740893187,4408.438303416982,1427.3826027899515,6732.549608371629,236.81880366159677,6971.595048628771,-944.8419244176808,4488.491045667923,-1045.935651495245,1314.9600166686455,-826.1122999285599,495.85618778106004
-725.5965583510678,9028.038202667653,10700.853357176176,6257.624499887745,10027.444473656944,3861.6409129393264,8791.831821378864,1535.4394110790868,7249.140787418149,-125.9808145947078,4699.12874651007,-560.7777843219719,1910.3773755953998,-571.5663637181807,739.4657011407133
3232.7195164242376,7958.995765497228,9500.76589379716,4486.7138957545285,7755.115221497414,2744.507971146438,5937.847589241857,1371.266604620608,4811.4229291624615,11.271359541206039,3529.3957634604894,-495.95651459712485,1826.1334809532864,-556.0143943621687,833.7593136819453
2946.736921505188,-2472.236802087961,-1208.330493171638,-1173.7793446892533,-35.197349979119565,351.38687990287303,258.97543872112215,860.4996981737886,968.439087527221,-29.759136105214736,1610.2038584951172,-683.7747870597992,1281.0235438811567,-728.4109203216232,781.0791293588413
-314.31236608502593,-2323.656258754016,-4079.111062153204,-1629.1818252716514,-4028.4928982597908,63.74878705527033,-3953.355994782466,1136.8617528151328,-2786.3962805088604,242.85886555529018,-758.7481845099297,-865.6813309444894,354.66613672512256,-986.9919388327991,625.3804078214431
-3983.586149477253,1611.2331005773299,-110.45955051153051,1213.514701582971,-1376.6626259165423,1601.8501278427623,-3351.260080597037,2260.485372421536,-4133.377774288864,1081.5816163883374,-2488.795523163125,-711.4512765029517,-570.7241561544804,-1155.4174875751542,443.00003856027837
-5832.367563643381,16.167045914847634,-666.1529655749664,910.2246979225583,306.82949752300397,1651.0897137552436,-971.5935333727107,2677.4164066768963,-3251.889035371373,1876.3323832052984,-2997.1043149404363,-266.26018265021276,-1120.5213747557946,-1145.4826415842103,304.29746024794434
-5533.770175714954,-451.5200600206194,-2172.796882977222,-96.3420928915838,-743.9353608270278,562.2279325330587,10.529005641636331,1999.5743626998208,-1881.2503538089347,2137.215074212243,-2622.8912038211506,265.68974776401143,-1226.4755362981182,-960.6177641319367,229.05402996263285
-4306.833203294806,498.721879061485,-1501.528701309054,228.13646672527713,-1584.638095903373,77.88283592389702,-212.87717450622333,1075.6558754456405,-1012.4489035365962,1914.2397871186035,-1969.935056854005,712.0924129107966,-1071.3797315934114,-674.5715758188769,185.58738546793222
-3293.4104198211694,602.376685901344,-546.225589564094,743.7839857473606,-1388.3659720484495,322.61713109295425,-540.8323911843194,531.3681787168492,-655.6511296116886,1507.4716610037283,-1407.874424969839,999.6397878674159,-864.9084078008644,-380.16763687978363,135.2481900433283
-2757.4937069820817,246.4934158520613,-263.7881503672152,777.1798915447415,-881.3252545587343,676.2561515761743,-579.810391572706,368.4344027650094,-530.3375120882853,1128.8281166547279,-1023.4960623888376,1134.0727515562503,-702.2272607469126,-132.03025185977157,66.10984593207698
-2442.258052677701,57.53391519118614,-308.877842435466,541.4369913147094,-527.2698601971322,825.5913413866316,-412.351078728531,372.4658716084465,-437.8086272756077,842.0988638005264,-774.0573126942471,1144.5882043292054,-586.0200010621455,57.507911146269976,-12.515860894564867
-2075.576467274719,50.25852183758185,-352.19520551829413,297.5612974096549,-360.52453189867765,767.3894666109243,-185.07574690510828,389.51486643451574,-291.4956197972982,636.5842918615429,-592.9327347033773,1057.4095850072815,-495.17727124096865,195.8075815561365,-88.18830047266758
-1537.985166647016,86.56728810393358,-326.6640425935178,118.54937436576509,-297.10140628918566,577.6294885328368,15.175966072806773,361.8302211931434,-68.9072987051938,479.60314330301543,-422.6130586032148,890.950599128651,-418.62961995570424,293.0274352153309,-153.90909941099824
-837.2431218256127,109.89348383115315,-260.585156770347,-26.17550963513841,-290.2205249186627,310.7055459764583,154.88800103813372,287.87528603563476,226.96032068969987,337.2866948690703,-216.11508645198725,659.9926213312126,-354.4234638363305,355.849891029833,-207.94140291850522
-41.47570942886027,130.49886963552456,-192.44498759892002,-195.26715895721793,-340.49757129591717,6.129121246461068,237.55974716360004,186.16684365221144,582.9287362708196,181.0580054374659,73.193603948604,388.3609113314992,-285.4925956420737,392.94513503949463,-250.06215663623172
916.0324233652674,120.84454282343282,-196.59135164258117,-436.0673000066424,-436.9534586872627,-260.6446711669297,294.58967891799944,63.0561962381841,959.7875910585678,-21.946048543281734,499.8170913103486,130.03941495544854,-139.3145802947262,436.87892370922214,-274.0406956667808
2718.124034192958,-111.22201190352033,-352.86681614162114,-664.1669828541908,-491.75879600122664,-390.084605645131,297.7081708581773,-187.98141731182494,1229.479448930003,-347.0972786962579,1088.379818095326,-24.60738712266243,222.1415951419126,562.1792957766753,-256.0063494551179
6716.371964944733,-536.9271085553813,-485.96269278655575,-620.4729584604887,-561.4503328493004,-622.8178173518882,-104.07516721604802,-977.0459902404993,1057.7106118969634,-967.1766054914714,1662.105217301238,-45.34746156805966,861.6516371457441,823.9728869868437,-160.59430690728658
12186.663014386306,-469.87152838645596,-632.1765504448657,-866.7693975702183,-1575.6419805493547,-2092.913516708223,-1745.308074591172,-2937.6542205192636,-150.30954539155198,-2138.50697884608,1597.4235268904433,-169.28999173540967,1425.0328258817146,1088.3203077773078,-21.312052561806127
12086.884859271631,-1452.7066633637464,-2898.1095977366176,-3780.7920147050354,-5048.791428391558,-5850.050371166091,-5135.148485840784,-6006.423393261406,-2795.778157737273,-3863.8339150271167,54.9321992629898,-822.6314764192477,1044.88996903684,992.0660849909787,-47.5237729196341
-149.33040906081348,-7038.093541003899,-8611.027127930067,-9293.577968081121,-9827.756774349436,-9854.561525315952,-8795.353193551917,-8370.455201718458,-5987.089298851661,-5317.177426260967,-2744.7569748169644,-1909.3456811936385,-638.0958417637949,389.55996167657156,-431.84260435545116
-12650.048645352425,-11409.509523178818,-11676.919867229373,-10974.103851325468,-10910.193787183474,-9606.24752884243,-9209.93209018876,-7461.807999622436,-6852.533399278205,-4834.256297379569,-4276.149789211206,-2171.947050939616,-2070.447590635719,-78.27565421726194,-875.7592154804621
-5345.548359974884,-3950.0226626871936,-4062.0226202698245,-3344.7896227729784,-3663.7367323539306,-2664.324270211224,-3159.3140629689838,-1916.3322093831512,-2562.9161939243318,-1118.6575769618016,-1910.3581919339877,-316.1987634197741,-1284.0363512453087,389.8300982296107,-850.7748151757651
12095.657499886858,9637.163009184447,8895.617485197461,8399.542600849149,7437.436919807285,7002.936330985788,5787.427923616013,5493.571361121047,4007.3133744004217,3940.9984241821385,2204.244300764329,2467.177739838117,570.7306921648204,1293.245635508018,-566.3648759849278
12303.280824041014,11970.028321017518,12066.692485335581,12431.744020494258,11481.583965967515,11548.21587145927,9501.728629109159,9452.35434282611,6531.123126508786,6569.561588041308,3273.861068551446,3597.465717698666,615.2518865031009,1408.15111943688,-675.2318520014595
-2654.429063350361,5402.737303030552,6657.9900102472875,8259.404203539505,8212.778696013493,9690.799668092088,7368.03844068813,8881.787195514475,4412.83977169231,6128.592286009229,944.5560598524416,2822.1467495632705,-1126.9142131620058,725.193980132187,-1094.5870014561183
-11239.45707182019,1162.1865115478117,1627.827113484844,2957.420232542651,3262.1414558228344,5120.499214324095,3320.7233373889876,5847.919555027897,1077.3354663318764,4323.329175871201,-1631.9731191036371,1707.3489640981059,-2410.7942658620586,164.48397577505023,-1266.4296290471996
-8523.33645042818,913.6665963400709,344.496539753615,1118.0176194627554,618.2028813201089,2001.6423219285534,384.00077894180106,2921.81377336044,-1179.823589172799,2625.590518020742,-2643.5436739841416,1155.2659359765826,-2322.1723523343085,108.43710109175879,-1078.7162684691825
-3102.914114413127,707.418872350672,246.38654925877532,1112.3084988497653,69.60417350039879,1067.5095834231352,-761.9595601856965,1330.5961903129885,-1996.7430542277116,1563.2226037306514,-2384.263151442009,1002.1315985083735,-1564.8933280433766,268.83837352272906,-782.7479934727169
74.76078409167368,234.98347847831985,14.921961848421915,1009.0731525530315,29.300113039778154,918.1526927817786,-946.2462394398403,739.8884016331942,-1949.0572285672865,983.5851257757715,-1712.3204907082795,834.5659129548903,-890.1925012563079,336.1856905635609,-534.7576882190843
1467.5706538377701,76.9957057102656,-123.79719581782112,714.1329430186252,-71.22501717484937,711.3000380334074,-889.966751306979,518.2052934359308,-1577.3064327399375,634.3594712635627,-1100.3337682745996,517.0128453629965,-484.04081962975323,257.669035578846,-336.38256381684835
2328.3845960988083,77.34898682217235,-106.40020045424438,471.2177026158206,-172.02504665399073,388.3252051430104,-808.0851626881832,363.00317389815746,-1145.582839613006,373.2164967130708,-637.4495704517396,119.16719057529082,-232.63994888393177,112.50348838262047,-156.2726161017986
3087.1397381331126,85.9274194071369,-41.534884193341625,297.0266870646443,-207.69785924537604,60.15757418696441,-686.751960420399,222.06969884902304,-747.7221130979881,141.53017356101304,-282.9069766809927,-276.3855588655915,-15.89678662641515,-33.52188384528512,18.092664911613568
3730.460093857297,102.61911885609034,7.028055464905691,129.34295408799684,-182.24653720163252,-213.9859685213689,-498.0889665384766,111.95439122727731,-412.4434431277941,-90.38040710386997,12.904758037158757,-626.5831216418861,214.3528996063955,-154.8297179271845,184.96203993519347
4198.784664870705,122.68133954708864,0.13311649671246073,-88.25859365986096,-85.70419182135943,-393.7653649773416,-249.17265345756297,47.892383775882394,-151.16014499978306,-352.7878647463243,293.4307093909007,-910.7998430297977,463.746816165287,-241.15960037033466,339.4139949758281
4518.679098293359,53.27324919544249,-78.41253842049392,-363.7446762296118,149.27058859640042,-413.7833188653069,10.572718507800062,14.161768101729479,36.592496626730025,-680.0389683749671,607.254111735321,-1111.8804903252917,732.6927719136478,-280.81947466557347,479.52357937741544
4859.218962210465,-247.31574202588286,-89.0915138247565,-560.9439233581431,601.3959596475672,-204.50639179883333,168.07300559884075,-77.20526884013341,187.0998081098564,-1100.1583128941522,1015.8687444428903,-1206.2756606345752,1033.7910374024516,-259.5426759573809,609.3529448897
5521.834885019,-601.7369170298967,396.817194283946,-362.4678940048576,1134.96512197473,154.62564203245378,61.85970490839196,-415.7127580189307,418.8524079357407,-1605.3871345552793,1585.5741356749502,-1162.3713100825967,1383.5547554304665,-170.06756016569685,737.2057772730659
6665.992252492159,-186.14551002237283,1521.5910846606282,273.1794871785021,1102.90270843846,198.7027395169578,-308.3288038367414,-1195.4281203957437,976.0457063921468,-2085.8839304511066,2335.8256851096457,-950.1525538543409,1755.1689727933635,-32.39583986016976,863.4704822893377
7753.828387776987,751.7971279194808,1699.4709066929931,263.68292221765097,-44.504348401080875,-655.1274052044372,-294.888775483298,-2240.3041652416896,2125.9477895630953,-2272.517545046701,3105.9730632603073,-578.8968656850034,2010.5458827933494,86.91724023234906,962.9536519465286
7464.288958843896,-506.0279670858907,-202.74005087864947,-1027.0520353641925,-595.4546693218199,-1733.6598278796678,1252.8175095636486,-2712.4889214920877,3633.2587892046527,-1886.544349799467,3426.376137433202,-152.99743597543136,1921.634637049141,95.7898989201999,990.480290748074
4903.457259456845,-922.044027000386,803.2895920973441,-399.2997185103758,2015.0634588054281,-1124.03607567655,3658.884862457332,-1950.1717709636355,4153.996425605866,-1030.2283820422956,2695.3510101889,134.1522518462432,1359.669356951927,-58.49250285795233,924.3357753306739
1064.3762001588198,3895.193454186256,4332.0766316512445,2428.7190719369046,3336.0591015858454,310.5129379746199,2990.7179966125314,-873.3333791777117,2102.5580402015635,-335.5181847266182,799.4948537970457,94.65857945920834,494.07827229146545,-352.12141126186845,800.9415481031297
-1501.5929723060176,3.0093115211965227,-2238.5698886891655,-71.8174482447015,-2731.7679849642486,-753.8453264742835,-2108.650367602828,-869.8830622294703,-1797.2470903042833,-240.89992869403528,-1396.5644528084817,-207.5459888876818,-251.7917825994963,-661.7891804472383,696.913201534976
-502.6211760051562,-9660.349928096084,-11569.17377352949,-5365.611688786415,-9468.73032897851,-2957.5972396882153,-7078.679255027069,-1312.6256346902362,-5156.979737894079,-287.6944849900267,-2981.6738106240964,-393.18680202017674,-587.882241080199,-812.4283828854291,680.0416438265643
4688.688725292442,-5570.857363658752,-8239.230077049431,-4748.216614218027,-9054.882373182889,-3183.8491418297936,-8474.757585804578,-1236.5205408189538,-6870.236293184457,-113.00940399056785,-3782.882111381691,-305.39484031990287,-463.4186952742026,-741.8013439225828,782.9761311922367
11476.336525816727,5529.747997147773,2160.4101509595753,1876.3395719185692,-2092.8849142559757,204.891504108834,-4924.5744636430545,655.3498843573268,-5426.359686429668,1024.3941521302952,-2839.8803181771495,348.1511661822469,439.10853463496113,-368.5703385251139,985.9100408880184
13538.377264926792,4838.730397042147,4087.421435791487,4250.584867890724,2414.4620356624678,3088.493176105539,-561.0375989203558,3279.3458212123555,-2003.7490072813778,3083.359749073484,-175.60826667140668,1629.2027835012873,1949.2190128824006,275.1347280845109,1134.8993637455396
7554.5811367032775,1217.5513168322464,1559.0104596296837,2871.435390543494,2585.514917110134,2850.0668603931917,829.5988499680727,3600.657219877088,-304.6348466058018,3604.752815408945,1468.1241823817518,1988.1482768183755,2576.288929906347,553.0024419833771,1021.4363069042324
-658.7351156419188,733.7068674406328,732.4656548124201,1784.7933531950023,2003.150570060121,2241.9617370864867,919.5501859845675,2911.6996884748296,-173.53018868604158,2377.1240813731856,1078.8631213827503,646.498372488612,1583.0924632418776,35.17360512088237,674.207437800023
-3672.896773099202,2484.3020288883304,1931.4901188839258,1208.4796463330397,2045.6162720844047,1429.5899753330195,1059.4432577885734,2459.7639342793505,146.70142307499918,1405.7396192055642,542.9030373664193,-735.1538195444039,254.54021440276762,-652.8264143515923,322.7641648039731
-1596.7372496231249,3267.2998866143366,3312.42910913847,1783.5343034823243,3041.3801178365743,1101.1771182142902,1616.1144138968293,1973.147841086275,829.752626679088,1223.5681734451186,1023.1293702607699,-676.532577169028,-101.59476655554124,-739.2252690510868,92.11907656602324
923.5119698007134,2162.3339404980443,3364.0373547913214,1878.243545303865,4055.75522769271,1470.257534493011,2434.7895876795533,1599.959714526349,1328.7870472400691,1150.9095773701897,1796.2397929933918,342.1892262316244,346.7258751735068,-277.2784887399905,-39.88273501566394
1646.9027054380272,1484.0244447709163,2736.5994184917768,1260.2616411790934,4177.138375568984,1581.8414862889226,2860.3303225089876,1374.385757396151,1360.5369418897924,729.6760023315456,1850.5215776310315,984.8890425377489,699.3211585009105,166.1274941028093,-116.55347017477708
1549.6025537301814,1238.3278416678438,2180.2291219726244,619.1388532477611,3444.0077326942182,1080.531792211677,2531.136531538554,1085.8452794653329,1044.9093071582813,25.580702127275003,1067.502740921652,659.2513553235349,478.5633704402612,247.73073755253293,-173.21286909357545
1608.162031131578,958.0272367531232,1878.6977697051786,32.06244706916202,2457.5642774676503,241.79151565353322,1762.8423491789135,715.5867501111982,713.3836037240592,-622.5457704273324,46.28890411955439,-173.33077622419646,-127.64603419309759,65.98111575743442,-249.61380124902507
1320.837495799809,943.3448681158154,1921.7625509666154,-415.7661600220949,1812.1785333412408,-505.1603291682859,1143.1885664614613,423.7566738464532,630.8338114928713,-880.4717287490259,-585.5726840653215,-713.519644015139,-700.0637568786904,-102.54931872559196,-371.02420222338276
-102.40095476826087,1145.566526493268,2275.0243313444685,-606.0123214354971,1818.0516304226414,-836.2779977602004,978.1786643527407,329.9292269433641,861.6961102391483,-571.2637640782775,-575.1526856628299,-504.9424004179723,-993.1217165469502,-77.80523217812863,-530.179288314308
-2258.898722664638,1301.6355111426324,2810.2578342790216,-689.3195581241671,2339.02612314437,-688.9827544908915,1157.1005853137135,477.33936587479195,1357.4734209559342,286.44483447256135,-63.00197736501417,397.7991483225809,-999.7619924222299,159.9802674210191,-690.1689168303527
-3491.007550310691,1011.0545887191445,3173.4223316882617,-847.4921987514966,2815.639815001147,-63.59640994350423,1522.5018656245393,900.0901889300485,2025.1901941932194,1462.0345967965022,553.5611125704731,1593.6176784563395,-835.6754636130653,525.3174492702007,-803.7609564136369
-2565.9732927964233,-130.06074643307795,2861.589480189041,-507.48282135603114,3038.4696842368094,1137.8094469951393,2225.9402624800105,1518.6036353102138,2605.1667576946274,2534.832131595861,780.5090652782467,2585.7720522131617,-686.8742926902703,878.2946984969817,-853.0124329272456
-671.750012464009,-24.72528346218978,3087.920720828107,1410.6051025214585,4004.1045369002836,2555.234010647797,3444.5374829692423,1934.856104412488,2562.937537419077,3049.2047026896707,162.182466535022,3010.5370307260337,-823.6652692329777,1065.3830884529748,-882.3100466857154
-455.14242332456246,4075.9497676898277,6728.014175686067,3264.8626919673984,6503.399182627894,2384.567322877157,4376.044836522987,1276.228243879571,1130.7085458411686,2671.808405430042,-1515.1721052805176,2771.751979714442,-1428.180382899733,1010.7129547220688,-950.4041883133704
-1729.7083647605464,4172.85173170729,9749.716497183728,-736.1307642402202,7157.487148456912,-1653.0694390071749,2868.353403538332,-1143.758492345805,-1856.160163525072,1504.9440492912358,-3676.4184283763557,2167.0700953005176,-2205.9947056330184,852.7030450290736,-1016.1479764929034
-577.8376227999565,-6402.59816206476,3569.0721930263176,-9353.416137998,2721.780157074918,-7302.409755336428,-734.4270894657428,-3801.579420081869,-4612.914804705402,657.5914722978216,-4996.150004944541,1911.910614247935,-2480.998388842256,895.1542786212121,-953.1383104026914
4847.699357249143,-15280.823487590002,-4775.0188315177575,-14444.754471053095,-1479.908996552551,-10172.870696729651,-2719.5036311023277,-4305.681076863435,-5415.964073081687,1342.350083437663,-4953.379642538911,2507.7683244762834,-1993.6335999207863,1259.8254778628818,-729.1001919665784
11092.7926360948,-15666.204333151947,-4689.132839835761,-14183.797223700434,-555.3367689987997,-9568.92417007108,-1802.8903352375369,-2521.4403485360344,-4791.866175246616,3304.0021035086966,-4262.351161573996,3638.881959581506,-1124.3014705508026,1752.558714053111,-441.9721696386063
12817.852302121635,-5378.381438871182,4652.994189292134,-7519.440330019596,4488.959559164884,-5656.011781177236,649.7924488324645,92.15454405229633,-3950.4271450995407,5041.446482806308,-3759.1795851014185,4401.017737322654,-441.7347360835553,2045.3606839710724,-215.99151954596556
7475.827166005782,6559.62386461159,14295.529220752867,947.416758408843,9923.249308794688,-483.85789256187206,3148.561028729724,2203.8209099916794,-3380.357704747204,5282.621632673926,-3770.767160924772,3919.9239247095543,-442.7029302396568,1808.4474971760424,-169.38655774373694
-588.166516731219,9215.264380867917,16243.79151339849,3127.0348125359274,12289.302738833263,2074.11343861722,4712.276540801606,3833.3739421080195,-2896.8849789642363,4830.057606290152,-3910.9689779815617,2574.4370885367903,-1036.1508652900334,1128.1984079001397,-278.5121346129753
-3604.647087870256,3487.3059792877293,11756.095627466488,-243.7066666613633,10571.546513733214,1536.9174041142835,4681.578856760556,5028.277634004692,-2560.570114833805,4933.57607471688,-3802.110036136462,1622.279904446764,-1536.487262232467,541.6525330260096,-344.7629671489271
-124.25154052677371,-6978.341672093993,4560.159489580549,-6453.450259081067,6230.108672572438,-800.5837834360825,3202.787115769699,5412.662927875741,-2388.2354563128383,5374.855235931313,-3351.7201774841024,1420.429821738746,-1536.0463270427026,307.039668508961,-279.35722051479013
4793.037314729519,-13841.17661944979,-762.3060165439491,-11590.286937644698,2009.8295400899021,-3634.629063514176,841.1456155624929,4821.613472030212,-2500.004081648164,5540.13161464222,-2614.3738604838322,1599.2690350606529,-1132.352431238138,304.27064776636666,-170.63125718227354
7132.138527595855,-13244.40523573646,-1801.9053484879796,-12440.482069097843,101.69731080194862,-5245.485495226786,-1344.2870517908775,3651.711199000389,-2949.532833386968,5190.013854747763,-1824.78466659599,1926.2897723545266,-513.1334478935954,439.7226229331354,-74.13583288115784
6554.239856137538,-7824.578567967188,821.1285310257798,-9527.916416921451,476.21228455891446,-5104.0091263749855,-2678.2156324526395,2444.3950650766515,-3565.012812556059,4338.307117403775,-1286.890304443488,2189.9100209094736,111.16377659552052,618.4080707345937,37.49796897697611
4485.628013794747,-2231.437184706583,4675.526911296627,-5644.907873702657,1676.5354622445352,-4051.9112940807067,-3307.5265879034373,1398.0089626471433,-4172.8901367910685,3095.846687658519,-1262.0567530919993,1997.1442976448466,408.9088032198175,629.138887206892,184.24667619629582
2404.3745041237225,474.88487720558,7156.793269891383,-3372.192129353512,2407.2048548663493,-3173.0835184767657,-3604.01953468792,571.7631041786149,-4582.211279287015,1658.6992798805081,-1796.8365478067349,1117.9578310354805,160.0337141116982,340.6995169663177,335.76537177111595
1174.4913216926411,638.2409161848614,7135.365107608067,-3152.400107223301,2239.707365551145,-2811.4075345113188,-3675.2555058183507,163.91633865527808,-4622.874865964275,358.5609823730143,-2615.2675725953286,-132.7921480807887,-438.3594807132065,-117.38582922609743,452.9647122259315
1322.9473921804986,-676.5405149507601,5047.343860478055,-3959.654655453367,1658.9750566475516,-2410.6535587379067,-3315.8002407862155,269.08860502789474,-4348.765255186472,-515.1147602979491,-3332.851613115904,-1159.7482039956456,-871.5066716532863,-502.8153356797995,552.5083728044597
3235.2447473709276,-3693.8882277396974,2273.6053526984174,-4992.019765025234,1441.8354946983513,-1454.20512265138,-2510.611431800486,515.9901613613516,-4123.330451293277,-941.3962552273142,-3739.890727389568,-1686.8081230171401,-764.0778855721265,-718.3129272523724,685.9855291311724
6353.191256102458,-7046.690009376862,1046.9156537033598,-5207.758114250116,1556.2416192209848,-597.2483702333275,-2038.8416322998853,311.72757469025083,-4405.421762747422,-1000.4067553844932,-3734.130424857077,-1820.5063732443878,-156.83391215929214,-814.4552376461232,856.0109462995275
9334.020892920884,-7008.608696599678,1248.240087769827,-4507.403701547575,457.38009260356927,-1419.1611086194248,-3005.0218302242474,-97.65651003704295,-5181.883212653308,-443.81342621686287,-3023.8908351090863,-1578.0571576147913,721.4229774223161,-787.3465178639397,1017.9269257097185
12229.787005463771,-5851.4105944067105,-990.0897444538527,-6438.923778765897,-2573.5449976735185,-3695.9326504335145,-5184.635440325662,1004.5416559454311,-5536.387788714248,1364.257386885904,-1137.7106839250619,-741.4343130077691,1829.0185917845497,-542.0674810183991,1175.936298215769
16055.84252415445,-11710.82397420481,-2438.93553336418,-12073.186930795553,-3326.0749406283644,-3259.550759562839,-6157.8695735147,5251.157747550845,-4263.492322921165,4652.386568390461,1944.304235041699,543.2625965636955,3227.3415380844326,-168.38977820800767,1373.3068387829012
17903.5425126111,-15648.157014737595,7555.535030029589,-12663.613613636018,3048.750274362176,3187.055909760909,-3689.1945735545005,11554.3422506649,-1404.3980446863716,8300.022063737675,5204.038288837361,1343.9731670940807,4603.489713236751,-83.11057603103654,1521.2983907839355
12157.921227665904,-3285.7651443061914,22775.009379196526,-2524.084865061633,13198.65561813863,12331.730337822106,1413.610690728896,16816.908910474882,1623.027150010407,10535.768833916778,7295.039801411591,864.7852798920514,5274.361693945398,-560.326733121768,1415.0396036093061
-97.63379976905199,12877.035016833708,25609.286850081582,10336.659017690496,19500.27265674426,18087.32047593596,6185.4380151327405,18712.860978373166,3509.4173907136956,10392.297346293859,7593.295679846626,-515.1683589303829,4821.078547177961,-1292.948530863567,1035.4684120656027
-11168.911536740847,15545.601146895271,18216.602142455475,14002.99367195471,18231.25719979903,17063.10135347706,6549.84749449826,16444.73251434201,2908.024399070476,7700.424287900352,6029.9592413387145,-2040.9075076872966,3424.7469858883437,-1843.8924755249227,602.0038835411818
-15980.845172511066,9261.408779709132,15479.008835555618,8052.866748748078,12573.444918351288,12083.94090221194,1859.1700882116293,12068.017871651606,-129.62151206846016,3598.5843132577625,3542.3038902811327,-3404.2129835890605,1826.8626634386053,-2128.0731675001366,304.5354758164449
-14006.683276060448,-2491.103297853621,12844.599236186625,-2034.5018362267726,4675.681409704745,6041.641630934032,-3943.199664363691,7812.946476168538,-3096.3748158993276,283.91995507501395,1924.0253615447625,-4129.400785744737,942.4316064972405,-2112.7516785085963,189.60621749577456
-6860.303396588883,-12665.491475414772,5217.001877597456,-10589.898887202753,-3540.6051849279743,-41.65974155978924,-8474.486803691321,4019.1755272000296,-4829.201011329226,-1514.4642404954106,1622.7263601583988,-3897.092160525335,959.387377017937,-1748.4305103320312,200.55030945063112
1760.1320288682907,-13615.758351588891,-2905.490038485057,-13420.117372836765,-8527.98722390261,-4076.7089715854554,-10859.659318008966,1330.0032114150292,-5637.12516352152,-2427.227431061065,1846.2847074405988,-3227.4045108580053,1268.63325177063,-1267.7921829831143,229.39133597442145
7758.258094697107,-10767.466305100952,-6451.998390938109,-12660.33907218512,-9734.700355816916,-5276.059136865545,-11202.981993384843,113.7769674502731,-5631.133973419673,-2903.454293794633,2062.3213893563416,-2688.067819085081,1390.2966411046036,-919.7375870124415,220.8798749461273
9025.444649478923,-11707.900024506147,-4869.240920578891,-11313.750876865595,-8329.089589944935,-3842.5489682227458,-10387.27878157949,106.99129974161889,-5042.098189033872,-3147.659365637843,2124.0941573358164,-2333.5916166637417,1369.440530126099,-664.9165508584408,191.81976129896037
5415.123839550361,-13720.795597147297,-120.3606851720239,-9214.916297054711,-5375.726280929669,-755.6118201159405,-8926.68535063753,692.3144577749636,-4229.67735373386,-3301.9539331700717,2026.253136500724,-2085.1175176346255,1381.3079699171308,-416.5070454891428,124.40463236468088
-841.0471216269593,-10966.022320966676,4937.457433568061,-5394.230244727726,-1631.290071811649,2703.4775497665737,-6808.791460385843,1407.6996577668203,-3238.2154425433237,-3206.1019858551117,1825.3990339955728,-1915.9662739000496,1343.8197982090428,-244.1013368523361,-23.82877417977099
-5509.369208270245,-4550.7731208068035,6868.615063457867,-1175.422231856527,1402.988649811205,4970.868422061928,-4374.399982461055,2120.3936237100693,-1898.3212288187342,-2536.094487792928,1650.0291318002435,-1708.8649791274463,1109.075198067309,-215.48436868160394,-202.64930598370043
-6340.299141688074,-45.77884385104438,5638.152648204983,1400.8164273563448,2689.423731748161,5252.125347488592,-2278.6200046189606,2671.9907607850414,-401.0061678203421,-1468.3689486571068,1590.8022280594823,-1395.3093211925764,771.4676896230878,-278.7380666544497,-321.71962767448287
-5244.7807993116,1068.7833951601922,4254.236680668364,1893.4491507987827,2545.7917382624832,4517.404747106345,-972.9661586998038,3075.5899000908644,864.2201096449937,-586.4002071468207,1639.5197104684878,-1202.8991858302604,416.794340763566,-392.51926267226355,-400.1055644978866
-5236.433016537106,888.1724330730467,4573.855540951531,1242.525246402038,1660.9730908963943,3972.2289509083153,-528.3649138147545,3542.6654122093996,1917.828252529926,-162.75791440934793,1891.4446463359945,-1384.2882569433814,-65.13363129076288,-541.4567561796958,-537.1669704635408
-6855.50714408419,-256.57975490681434,5826.028806873701,-236.12627001485413,159.23021398140452,3786.1981163261084,-506.56582489822284,4254.7657259980315,3106.181277846442,-17.85387780213857,2521.1475310197925,-1710.5085881583268,-618.6431001582471,-571.9059996657057,-761.1955567193006
-7783.14234219736,-2963.4843718955426,5815.226896754398,-2212.3273366720855,-1427.2196792081293,3910.0955466362097,-271.4377242753537,5189.6208079376775,4459.47277877886,93.26782929530863,3440.270163348238,-1626.7765874720508,-920.9629875290348,-295.2204415246314,-975.3799847080743
-5677.640333081555,-5670.265129400446,3486.1010323038586,-3109.788092848519,-1704.1258763842177,4587.32749985898,346.7225303832529,5950.219579158113,5483.774188874661,133.5139881399431,4159.32403179925,-1020.7152169665588,-839.1811224589467,194.11649585142806,-1062.8044895008607
-1629.3339783648878,-4575.657842469532,1796.1220226714292,-1587.9330392133907,-342.17873960011,5740.0858961891,620.6579561016438,5833.740446783856,5573.303923543891,-232.78257882945576,4138.890886872689,-426.6655879133167,-634.9739694187037,571.1263946972334,-1027.687431867075
1224.4159917198676,-630.0273733011559,3863.9946262919525,766.4525971651947,607.9091192054601,6556.681543802047,-342.4186305085882,4462.25673959664,4718.602183033022,-1101.3498333330517,3479.0102618936926,-189.1485719509015,-560.2466083644099,735.8727076034329,-970.4040636491798
3442.2008339369763,-444.79258153593645,7041.2924860500025,1279.424625880824,-304.01922528322183,6635.329434339176,-2004.9437053494994,2682.678904152325,3934.8656989669553,-1959.3188990271115,3095.8853646184516,173.8538945650606,-478.7318692194125,982.5726902876264,-905.7403644456256
8738.42154218945,-5565.0013214364735,8022.867311468681,-213.50880284334042,-2510.1316025123842,6536.510907750905,-3656.4684687711783,1286.673366268889,4052.1058237111397,-2520.349481280065,3601.7009696743685,1197.8787671327789,-163.32966360427804,1539.7469343789053,-745.8955969690636
16318.546559637523,-12566.573597086364,3927.842339696566,-4486.49914439358,-6716.436791677583,4615.5945867643295,-6426.518049773494,-1044.6018264689715,4053.823731245582,-3478.0169973001043,4201.443758093392,2414.335562023354,137.58345405945585,2183.392525276284,-509.6540455468279
21151.79071842456,-11406.793728612205,-2412.7878040119817,-8371.598728083847,-10375.232725436803,-232.18908554797196,-9922.3938804342,-4935.398034988891,2581.596934224875,-5273.064681063077,3655.7757463149965,2928.2776135880968,-48.43312806329492,2548.6204465779365,-326.1495293000848
20849.343462450175,-5415.81451586706,-2800.8813519787554,-7536.285808911848,-9981.741942247465,-3413.0209463484643,-11210.113615074419,-7707.234195982347,620.2697826277338,-6843.137746203882,2089.4764191610334,2664.07320481557,-623.4293973451826,2539.195024892392,-232.75633332129547
16081.024896656232,-7746.427252873242,-807.2645532265849,-5990.247694913099,-8789.341226898989,-2003.8643638744186,-9848.244888359186,-7690.690638014954,-40.00727082281962,-7141.052505699862,620.397642015972,2167.0831673280763,-1083.147323546693,2285.5030471549335,-182.5648945766033
8282.52062721061,-12397.811995161657,911.5065311228493,-4936.934988061612,-8322.40857002834,1375.0966606823315,-7579.521681581045,-6391.827814635723,205.71184092330475,-6657.565847603449,-546.334927749827,1512.282015657005,-1405.0787764087538,1889.6596796980207,-160.36132248982904
-542.2925479394667,-11116.69956764009,3084.9507814439107,-3039.5961864824485,-7513.440468567013,3769.944941674733,-5717.5806911634045,-5378.006069738594,174.62207773084418,-6208.449648901603,-1884.80034781845,343.09650364873767,-1916.1170243353586,1307.116391012144,-177.87538479266055
-7823.766241327786,-6047.298294256287,5001.164856604605,-736.8201229346396,-6288.472247024102,4405.045282687187,-4906.122771054015,-5234.84135434054,-157.17782561740705,-6083.603665687737,-3207.114609916746,-1094.9763345464455,-2524.034028306007,636.0604591459868,-199.38802789105395
-11359.800099224454,-1259.2288527164549,6421.639369254617,1972.943514572855,-4158.395148077772,4885.526656290452,-4024.022843488165,-5238.459886909219,-170.8068456284284,-6140.141484700428,-4068.327735890085,-2022.7200240105376,-2885.0742887388315,216.47012262541745,-143.5529172389918
-11382.379746156479,907.0182246855875,6273.020150257823,3770.0187162359684,-1777.5499959457609,5722.50776559372,-2218.629147128162,-4463.05325511075,505.6475478821595,-5841.594806997791,-4255.238111376908,-2042.1132517689898,-2849.9445554329463,166.85438148626525,-10.466019732141689
-9944.37530266568,131.20105207289862,5678.752681660854,4041.1627354458456,-485.98216070807325,6276.447098567437,-157.25801148138197,-3095.7735586553954,1684.0975685783567,-4854.192733516989,-3739.046018103736,-1359.9044668027977,-2490.267723334102,247.27432535365568,95.90529212101075
-7233.840752422737,-1004.0889678654847,6590.706848994088,4250.4088328536,-195.74325963893077,6592.1996411960345,1584.1347672521426,-1588.3041569954123,3132.4645528852416,-3186.6901339424276,-2696.5130366661288,-417.727342311189,-2086.63258797269,203.29652331698549,132.40334848504972
-1624.8326386678461,-1286.6706616058918,8726.426492228333,5218.535678176424,-362.2873240929112,6855.1871514988725,2844.818584256933,-142.78822983335974,4574.872489127988,-1039.8740300913623,-1401.6486953981341,510.4879566764422,-1818.1803927307715,38.50333593241538,184.52614577700052
6089.155197115123,-1657.6137668583208,9817.996715453262,6171.761380802931,-636.8841385230727,7326.850349709939,3828.525045199795,1087.019292200518,5461.082612251268,959.9701365234721,-141.979864979712,1402.2118460916133,-1427.8811445933322,-15.647291088821135,320.5978954096064
12079.2474862249,-3148.8084789175687,8231.1417705413,5995.871665628551,-649.6852872011107,7839.972778331611,4701.245374416767,1913.8376561206662,5544.517263519777,2213.7289855374347,891.9488774607748,2231.885472575219,-669.797558629153,172.73345998852125,491.59817338962966
13903.457754590101,-4422.165657380509,5576.631322457817,5022.015329440717,-348.53686740148646,7536.705489954469,4932.707272747185,2086.8739058589827,5276.380029921119,2873.2293243403597,1698.8527538475146,2843.9269123433555,185.60535720617247,446.2274884648642,626.138793935244
12747.14370634602,-3369.1707207103286,3716.5494672049936,3796.302567586569,-272.9407758662585,6385.704487322588,4548.4799290341925,1802.5685942106736,5324.477143125661,3498.105925713881,2404.5506870387367,3179.9649926817738,786.3656138368583,621.9805117636045,709.9828096440581
11606.091303999443,-1264.7974096661192,2658.5502121241643,2722.99676717358,-805.9055275625424,5905.972200085051,4882.60563938997,1906.4671224624237,6310.263701258984,4685.569674233625,3387.381768628981,3511.168869099698,1263.645052818902,810.711916256213,760.9035689643969
14546.130117804614,-1963.6608244143567,3580.975882486057,3983.5964923259744,-1081.6510931165792,8281.003797739559,7665.451259381216,3328.8857287977617,8844.413172448823,6988.402547729411,5064.983029216197,4419.763430797869,2068.6301919776124,1289.390096903325,869.5730241973324
24050.40283770736,-3698.3175335749575,10988.641891144673,11264.372887349316,1313.310105934249,14265.989768516743,13044.229965115677,5855.320388434374,12541.636464974401,10086.723195595321,6845.088560977715,6272.860834791561,3383.676978604842,1915.7435432428588,1177.9127359832285
32529.37944090449,1925.0109531829937,23542.709326622127,22132.410967507392,6363.21285699488,20451.024606374485,17912.624626761826,7442.238314570947,15322.101220262804,12376.614443894581,6967.904228709509,8141.268319216833,4560.879358938761,1892.3629916289374,1568.5464062192373
26081.53745537286,11850.056015990684,29628.766698179843,26860.018249350047,9386.962042414103,21623.67584801735,18517.101457874738,6344.035514811051,14919.435144924497,12139.675909869202,4405.358258345664,8034.4746538557265,4461.300556915335,719.58037221659,1606.767135671099
5464.553028410973,13689.703595650337,23728.279477395216,21522.39687932273,7594.3242525175165,16990.431673956144,14775.386157140012,3267.1994598951715,11307.578274649766,9300.320448670473,388.5003368462926,5340.64269052885,2842.4182747821455,-906.2496871581172,1144.8683969771103
-12640.471462637008,7540.839813750307,13014.449513021342,12450.958190630416,4219.198577918364,10999.463273996187,10116.221068197834,362.4892771122477,6785.382002714975,5633.001808497115,-2829.3734971261993,1861.1489714869622,820.9107836106582,-1912.3820229196542,589.671281828806
-18383.148018871056,1565.272665403729,4960.890733706643,5828.135684499602,2198.2064175320593,6838.829267263024,6701.016232227909,-1307.870910236967,3243.259571219869,2765.600803443694,-4177.579769036267,-456.9251370770306,-453.7678230344352,-2048.2585986538074,318.3276457174767
-16107.192133805263,-251.26957303587466,2349.409836775426,3238.970408955376,220.10910766269222,3879.4080472193523,3986.59728810811,-2672.4710205953133,536.3157827288935,678.7196892368922,-4330.931732719588,-1495.9997242923364,-951.2222804551104,-1759.7430589651003,296.49068137883205
-13447.889536078083,-1233.3266685516282,2226.452046247206,2339.4222872808896,-3256.537472972991,627.8888220475261,1249.352518138905,-4641.67604757743,-2047.5166831962397,-1193.747747636572,-4570.975251047718,-2227.6456580918543,-1295.2754338605448,-1535.432958342358,319.88219226217615
-14025.753990089113,-6987.219351650619,-1081.4002285434726,-809.0977615301753,-8611.541993878225,-4059.808685284353,-2066.6876833434785,-6935.192433915782,-4534.67744696577,-2787.4690276214315,-5318.89505745158,-3090.64791388103,-1653.6366401683174,-1591.3908809987315,281.0176690202095
-16267.957479714472,-14579.082250972362,-8280.610426172494,-6342.260482833273,-13417.864620940754,-8979.192198843848,-5449.919110655844,-8960.928764154269,-6631.180959756061,-3864.9718030723593,-6118.352773597068,-3771.521613551259,-1673.2265106224481,-1766.2421109128184,201.94534522427782
-15609.517706803974,-16525.155554585213,-13842.382771355555,-10695.279905645002,-14625.57442594993,-11580.807583113206,-7494.980234490881,-10015.166667538453,-7870.74777241916,-4168.213074528417,-6531.761979081658,-3984.4866324761524,-1222.0604762438154,-1782.4054572811465,132.9948817583061
-9879.815720947152,-12561.96610255172,-13104.994246986838,-10604.654451336131,-12339.011847448253,-11128.776187252477,-7693.2506526954985,-9866.368839519298,-7939.179694328737,-3452.585513287107,-6211.648016787709,-3638.5213776687274,-450.65664308337387,-1578.3404754702688,64.6735609064768
-1551.4055003690858,-8423.680940196455,-8537.44783417255,-7402.826872065239,-8950.210050464675,-9022.51663698075,-6472.474605721702,-8989.170888263585,-7063.895827561917,-1913.157209848444,-4967.309034319281,-2697.8385224865583,497.25911329915834,-1182.4637439932526,-25.268506772682258
5527.581237229284,-5770.787810639995,-4778.897922564356,-4744.703124134881,-6592.333691105407,-7143.992509941408,-4719.520147409269,-7912.943434339206,-5824.135507890552,-159.488881192395,-3182.510090895463,-1445.2682894311765,1387.0768953857064,-672.6250828023757,-126.16464406332335
9447.882686713401,-4359.480702480633,-3676.4966788519387,-3865.3086143590926,-5897.989022029875,-6138.75530850611,-3029.492876584515,-6878.535964513383,-4697.795387374488,1255.9185195900086,-1553.9390655256425,-442.54873340553723,1932.71838102956,-264.26612003044573,-230.91314117458694
10684.48003568633,-5230.049099644423,-4853.097776031143,-3815.6714224014772,-6628.782530391845,-5775.530895027143,-1424.447307918504,-5906.253899658403,-3838.3006601351044,2209.3716650883744,-451.9252312852513,34.92279685034689,2081.2020840891555,-51.265744859211225,-326.1548987908358
10052.81497333176,-7970.81775021017,-6140.202322084235,-2982.189830270728,-7570.225453897201,-5386.099995483419,237.61724224126135,-4929.067057560341,-3250.942960688001,2735.6799308810387,249.22521128029064,236.0649035411177,2134.0924453179105,137.89520461147703,-397.050175043961
7325.783782841206,-9064.648279086188,-4868.816139351938,-307.3823379429262,-7376.41855471588,-4502.994860364642,1675.994766180359,-3751.4297414523185,-2544.8866993501415,2908.7423212019416,909.9657639729423,427.77877380461814,2365.975221806194,428.87753364025605,-477.7869319040809
3346.646995418339,-6262.09015004242,-1588.8822770788493,2265.5648571992165,-6184.322656555534,-3490.7221956356693,2165.2882454565997,-1989.3203970924314,-1088.1017174818844,3143.5431754331353,1618.4099421303945,472.1844096397566,2503.8490676795914,667.0477999564946,-590.8492554191926
916.1203480380673,-3653.7260852575905,-350.0580857146495,2025.6927361563146,-3909.0658860416734,-1769.2150820543593,2256.682093273792,169.53631486278528,570.4759498964146,3498.6861799432368,1985.967069534947,274.6465655675782,2167.8001712792666,666.9311817005242,-683.2539694783752
652.8480987193251,-1689.4876424666788,108.15306342767083,1443.0090295303544,-809.119696161322,599.6716467578639,2977.6442611766,1789.4395444235706,1368.6925583103962,3710.3165420497844,1956.8745097988838,-32.42472223711212,1594.4106484441027,506.816813035957,-743.6266755933791
-48.117757993371306,1166.927998824099,2935.631143784521,3791.380811787723,1760.551757088537,2602.51630107415,5023.818626013178,3040.1301412915773,1215.3875164339333,4340.310634599367,2157.881234566849,-673.4600181524186,1200.1435459394302,483.32255694479977,-844.8759994039508
-545.3969454137662,674.3039834400047,6198.33782879916,8955.149738049891,1958.3786726470328,2724.860512514552,8323.17645304345,4002.4749744309092,-135.97469932507332,5449.4450634934465,2932.451769695062,-1718.324026668774,1081.009513505957,872.5107174363105,-936.2831624365576
2668.95740140249,-8215.357008665795,2136.0905289573475,9868.194449268593,-1894.674530883715,-480.82574329983544,9517.854489815245,3759.7667289321316,-2084.8551089536227,5805.094157242707,3773.0162345625404,-2324.007507636344,1189.3297595085983,1514.6664871228427,-838.0666805970541
6165.7981102624535,-11002.524800809797,-3511.8689860746563,4863.696159258796,-4393.702145732359,-2816.092692877239,7223.799836778108,2794.6576760384623,-2707.3349711219807,4779.327581375516,3713.4165474506503,-1959.3383294878317,1245.4013709540682,1756.6206144052312,-603.946716726106
3173.611615261279,-3214.029152875713,-1281.9489997159415,2206.2282400992694,-2180.3159437934355,-1420.9607783458775,4461.552166695608,2163.7081268537095,-1693.578375626124,2954.821100382061,2320.0430365865805,-1436.4557359457117,806.6346443877271,1275.3376301564044,-521.8554691675799
-3268.203039625892,1529.3775014950138,2243.6411810630375,2966.296024746177,495.58811761325455,671.6026336024951,3190.8804849499184,1870.017092855424,-561.9610428989167,1179.7876546759983,404.66936981598155,-1680.140285408848,-113.88752228178174,599.4783867392308,-637.0829223685538
-3881.7076152794725,1214.5725626283397,3034.800862148032,4263.845385454964,1573.0647523309492,1491.7973238482368,2948.550488111731,1587.041958803614,-338.2590433236075,1.4927108634878437,-679.4632600915974,-2426.8297496557043,-936.4453262427146,433.38707092586145,-681.4216618666674
3376.299561989943,-84.75194476341139,2643.939685381443,4978.561454999568,1651.4860135549932,1250.6402109087724,3319.366225601487,1673.7668776418232,-633.0755722918228,-202.77008941516561,-315.1338994538695,-2650.6243818874646,-1128.3508246663694,842.0526591294467,-503.68623399086584
11985.177557592788,-1653.1902463532476,853.6880674612921,4543.373549397915,714.857478734124,163.7071116373161,4459.522297861205,2727.777548408248,-603.0490614131813,602.6743913810974,990.6803824851866,-1862.1715789466498,-675.7656533670558,1374.2794393516087,-238.4533577800278
15956.002940148777,-3766.9731578731707,-729.5675750880943,4728.880943402542,332.2548647731543,-491.1825561105848,5839.759983137034,4116.843560800235,-198.54602620524534,1429.2947610769622,2069.306999883826,-790.4274330235834,-137.89014537182243,1712.5985940993444,-37.54505879827332
14215.29511124035,-3343.578597579631,-260.368491835879,4986.943186791974,678.4895029865145,-610.6709335057997,5995.220178457747,4364.805406128136,-187.25240092638143,1201.426780183902,2095.8238755588336,-438.77503926877733,-141.98131119484682,1782.3024827206896,85.76424662165039
8484.17259727911,-1772.2036747393888,397.2224999961086,4076.767307794661,464.62570375090496,-1070.633665072,4533.205982434322,3185.5649918635418,-961.0717832339249,85.99041137103208,1332.0132078079466,-755.5671276801364,-553.3950271099133,1566.319805019182,150.61427342627277
2203.7395190648067,-797.7219636758192,599.6500260270834,3020.6272927507316,185.08523331582558,-1367.2549861990967,2665.925269057172,1543.5249495534392,-1946.3048746454479,-1105.4727653925004,479.2988793960474,-1068.6005213478286,-777.2238929525333,1231.3013590004325,179.29040128088505
-1109.40866022116,-305.8965434557204,571.9346341051951,2117.268932336597,150.1927141391089,-1238.2329132621037,1186.2472930534761,157.9883294354318,-2641.859371264684,-1892.4927331439756,-141.42728842987776,-1149.5693917454348,-691.7192427060479,972.6278646281926,210.71084743083696
-969.6051918385649,-271.0378618316827,343.0962066929665,1369.2419641635995,218.25887498052708,-943.0614955039964,245.43652951091136,-670.9948023658775,-2924.5873470204706,-2108.793590153015,-428.89985580356296,-1071.6109380157272,-509.7452587390031,787.121354932166,252.382828428039
759.0578348113775,-486.6487102663425,85.85694564021219,888.2863642464589,253.9953002514336,-610.8082145474812,-200.82506569912977,-886.4798401109402,-2572.6108357713288,-1602.7242623036796,-192.47770841085128,-714.6504436572941,-288.83374066680665,671.4336316452179,295.6835351292846
2472.366592761931,-569.7371700299823,140.29115669300785,1040.9963227154724,254.4551007738724,-321.83899912772324,-248.62165853125094,-633.6173664090048,-1536.1327847309014,-450.8484080231884,712.5349698973573,82.12475064028172,-10.608498498812196,696.2293229212305,354.9364862774174
3642.9057989978846,-496.15582187616747,589.5741252681185,1577.3941061260484,612.1526044704361,148.61282891890747,204.66429132501995,56.88861992989994,-244.46210829040479,774.1303280758076,2022.914805177113,1101.5983908896021,195.19955703866617,812.3586537143113,452.657597743668
3786.0445408059068,159.81160269263017,1338.2427198451987,1894.3012949444037,1339.8836801591083,647.7624145762647,1085.173904511622,1090.6756269410553,708.8986844927105,1353.5487811867981,2904.960003334533,1668.1086596163686,66.0104709196819,764.2064662698955,569.7565839741567
1554.1669938706384,996.6617601318084,1885.578584355854,2598.9152435983515,2084.9745487635664,662.114393519473,1711.7456737077352,1626.5072536524078,874.6656208668546,1007.0935197488843,2500.499593051132,1207.2111565252226,-546.9941518044482,344.68787848315606,635.3723123735458
-2356.8628941544957,915.6886963458946,1976.3297342236096,3168.830623544867,1991.6244366593776,150.25485732465594,867.4750210445685,582.9676226162319,-192.12357632656546,-150.96612554257226,1102.8198733603526,190.93382440613098,-1358.8251594642206,-220.5137101114963,638.6892991934642
-3788.8337119624343,-719.69691775076,-290.6713152089876,1101.5293007739044,-556.1510486248943,-2067.850015036524,-1403.8423153274096,-593.5548704742148,-1836.4529707289375,-1582.9367620038417,237.57963974613966,-99.42603103920412,-1744.9859287331901,-495.1737384598712,677.7893439078658
-2232.0841792660926,-5459.2782008044705,-4410.81583418136,495.39125242979287,-2107.9328567629404,-4769.400418430691,-2441.562613264368,204.51519962128847,-2248.952984131124,-2385.3829692350528,339.49516568795843,385.65560474736736,-1616.8504504860148,-535.9193132314474,748.3770545328083
-2206.316967879372,-6819.20215151942,-5308.457221488969,1600.024082655659,-1676.3177457167499,-5653.087079138044,-2620.1926878875547,818.6317728872889,-2183.536719799012,-2750.669604740291,50.46629117636746,377.45193181943523,-1619.3316689948101,-696.066068556293,697.8511458440342
-3114.892628746016,-5324.476142321623,-4519.426065980384,1701.7637446836156,-1525.801255686641,-5793.736626953149,-3126.36326578764,461.41106381381485,-2445.6288824270327,-2970.0342221242654,-670.7361762001731,-141.78051779340018,-1774.357950774294,-831.1096049197505,561.1182102274385
-802.1718422157716,-1858.6061481724112,-1916.2366612771382,1534.6232033471197,-651.0464916125459,-4159.111230028092,-2295.813856333048,513.3498190975599,-1709.6515114271524,-2153.513374750222,-484.15135328397224,-169.04319014139412,-1413.9806587264852,-639.9070116762805,546.097068867406
2518.492540706361,-287.9551198257942,-457.8658036389743,785.1444389279004,-321.31142425447564,-2307.241823518721,-1070.279929787095,657.9929148860033,-506.0305848476412,-714.9762152701516,486.207707543876,372.24912566827425,-657.8109263163653,-374.43250971073223,634.9965190780142
2336.0458023913598,66.1503262738158,-40.60723056440547,906.2193551147202,-6.513531656087693,-1573.2735075457988,-360.26965304852365,976.080530572527,369.15352593239993,123.21062195887339,1201.1273134158578,978.2945365400076,-201.05837677913564,-435.06838257620893,626.9488107324943
-179.59765440803116,-320.11013507242996,-513.1068532741951,1320.185125592138,271.8490904414709,-1587.3449100262644,-65.49999512292428,1460.2765507508861,940.3467820966043,219.61487199736797,1247.1251575035974,1283.3364651429656,-213.07951695072057,-745.5283859973706,479.3669747582959
-1240.4390039769644,-1131.5665035270174,-1244.95293182429,1832.6687489007809,807.3623558667905,-2112.787884266575,-338.2223000245226,1920.7553534608387,1004.9687156413934,-288.96224815530775,688.100285285992,1093.431501180117,-433.33973807208713,-951.0896285872836,329.25683240803585
-1124.2661719599505,-2245.044343716946,-2130.333586796876,2896.8173808917686,1917.99127573926,-3166.4702603800906,-1311.143307602149,2491.9105923408024,790.9829913973983,-1386.0248745775757,-196.78002979567276,720.7988772146136,-597.8562962462183,-962.3862220255747,259.87417268943295
-3043.795823110477,-3997.8200060125523,-3792.763679568298,5198.513697589191,3991.8886861185765,-4686.937058913661,-2717.7822392814433,3710.7619982400174,1246.3066839341639,-2824.3895764746853,-1118.652175916479,924.1023393290257,-429.915969845289,-1033.6826981268568,191.69831576129553
-6118.022251869098,-6660.4327032744195,-6318.811593372569,9475.340703144531,7815.901233822868,-6467.1492659608575,-4477.08280258194,5784.025568433504,2835.213683575821,-4152.34054916074,-1988.517514841892,1944.0838297516057,280.9499760080151,-1272.579796583996,35.795924110502895
-5033.183882849276,-11853.63670975861,-10900.753673664673,12060.762634503899,10496.766448655862,-8338.558951661229,-6524.976596894305,7054.123972672792,4477.124928164038,-4570.120763328077,-2477.9319994006223,2952.7318708567755,1246.5503240771607,-1328.6336765475194,-133.89513640148468
787.2943979575042,-13630.247454465309,-12504.307450141454,9537.05580401854,9141.282307664645,-7932.784104725754,-6612.700896431408,6282.453973591718,4856.488916343687,-3354.796857983867,-1961.8228037019664,3002.5307718818985,1666.950606898832,-955.3736055951763,-201.80579616820972
4444.693180110787,-8105.891532418302,-7842.248078055608,6314.048953823958,6491.244563693765,-4492.71811860584,-3790.7204750220367,4729.694280226245,3914.2240526645296,-1163.4247006058483,-541.6694360896622,2141.875745449016,1200.5614025114287,-486.7337301767394,-206.5031568306884
2531.945935996258,-3901.785680617825,-3985.1568467904976,3908.3492484555773,4171.286863686794,-1467.6894223685013,-926.3435175466811,3364.268611731596,2238.593446691654,362.7294605301716,768.0612828821253,1043.0044999637814,367.8815773609361,-261.5419540717255,-229.8582409427458
-121.12104018337142,-2371.199638169082,-2571.3609015107154,1460.0429776188,2022.3936058330864,-544.3900007303567,173.58191143445072,2039.0586516131877,457.9495349603024,514.3017697306753,1206.0234141070955,163.8765467629117,-247.92764701873205,-247.78475465393154,-270.7451701473362
161.8615022545018,-1144.9595736815331,-1482.543622905675,146.02896963371953,810.6075260805768,-580.3372857143139,230.70579434315937,914.3997654659445,-773.2633966779999,-26.687421106531644,945.1670309985595,-232.24986111617426,-373.670818692927,-300.9664030023042,-336.1533544534293
2083.856555077181,-118.74882193583154,-698.8407439464895,276.04509949391996,567.499539375179,-643.2432326783475,306.0403755600954,298.82679747399186,-1191.4550469995522,-169.66606727918753,714.6475929907689,73.81567970373061,80.91202362026308,-223.9195592192338,-442.04085571689853
4398.455063102706,-18.77798503365733,-997.5902255943636,173.48306266384247,9.94913994825805,-469.88955372984196,1126.3139529249781,457.131072178212,-963.3515720084622,513.5121485750241,931.0166341752345,852.3244645313121,816.1199341591644,69.2576916301104,-534.2446992934166
6406.117642794345,-724.9147325160055,-1180.3819451667237,-833.7166590451756,-1143.5330135437557,134.79805765338898,2379.2767616385504,1151.2779141490307,-566.0676522111779,1161.725131355078,1189.6001323001406,1292.1710289401033,1139.9778058335046,287.2849806450559,-559.0054436422555
6172.715520007701,-511.7289201533966,-264.7791369950612,-1506.4628208080424,-2146.4128636028086,163.1157263267424,2646.2115910357893,1033.392903316901,-862.3569439098316,744.5008675628878,1051.4975105894923,1022.8212116316381,804.5134478791654,163.10358699259928,-560.1320468293748
3657.227573086515,786.3255139541225,1186.5453553238658,-1855.2462982169927,-3009.4376239556923,-260.7337429454436,2333.5439884317157,507.65188875716944,-1295.101394556414,-73.07773184251158,571.9821285974647,576.6948733848998,508.7331449000858,-24.216677620698448,-607.8827185512808
960.9245429619546,572.7096581989457,451.67472507862067,-1614.9325245661105,-2307.4293546806052,-1360.850455101272,467.21866198495957,-32.25804837997015,-672.4446423374554,-676.1028109741244,-611.7235148429382,-67.73162457950048,688.4435704583418,40.37004141814766,-703.1756046995084
-1107.7418387464602,-5115.262467303928,-4828.375858490654,-4368.0185333847185,-2709.175033094725,-4672.37169928448,-3333.7273069975718,-2046.9435852447466,-240.90232424794948,-1525.9398567389942,-2336.0422638822456,-1129.6491350883007,863.3190355049845,238.96146042379618,-782.4448340363743
-1320.4471225718905,-6124.576195560786,-6622.471537327074,-4052.1942234343337,-1352.338672131795,-5430.9252861135765,-5252.887152025075,-2950.082929803322,489.7938261589619,-1362.7513456354368,-3103.852728675379,-1520.2651804501288,1053.668037533365,525.1529440575594,-721.2979088437781
449.7573841614796,-3387.420817776814,-5673.081585027663,-469.6143185845867,2408.6821133962103,-3327.3876398364127,-5625.780110542143,-2192.4702802246766,2614.723770358697,572.2799332774986,-2499.142788103687,-736.0366815050254,1681.1713182423869,887.3662952784102,-489.83509717390143
271.2111221765879,-1255.132476711817,-3791.5523567618193,2300.2657478581045,4285.962734603935,-1363.0486718666457,-5271.913200207952,-1888.5384856313835,4047.742694933571,2283.113510762792,-1518.641438434131,177.15463293070093,2166.274812112367,976.1044818504345,-303.4687457941521
-2983.3947327102137,-2850.650987618626,-4118.92974177364,2562.6840092181405,4351.860473014443,-516.8309561963865,-4787.080237311971,-2090.469473122678,3806.2140890053734,2297.2884992062654,-1057.5887324552382,368.2878543554823,1753.5171651342189,664.4579627092146,-334.5582120595938
-4537.742343886427,-4964.912633572733,-5273.308771069724,297.4192834135035,3370.8798340334993,-592.2898258881162,-4925.108340234834,-2469.968625401527,2790.5505646856755,1041.049990609324,-1586.0132589978077,-290.23694494628626,672.8581385514195,377.5424389865638,-442.111146428394
-1368.0423241856513,-6171.781114787918,-5873.773456289695,-1883.2651318611317,2130.1296345226715,-758.7511085938118,-5072.342019244446,-2836.6880679284905,1808.7301898992948,-251.25010704425966,-2713.2600375508923,-1380.2364663835701,-363.6157314058119,452.81698936108637,-408.57882998007165
4455.167883192839,-5245.492866336061,-5260.944171099992,-2428.9645082757966,1181.3459849166838,-1121.294057942945,-5277.560305045625,-3192.4099459969502,1559.727545219728,-350.98963156200637,-3198.2006030949874,-2068.646606832245,-770.7191472555614,767.3483714024848,-222.68083630565704
10597.179343708836,-3717.375855482289,-4989.646381274474,-2267.4328072174703,1958.4488965158703,-835.7656593484049,-5887.115609945347,-3247.0395654566573,2698.8302696263163,1178.6240483693266,-2263.3904102014617,-1977.9729011049212,-347.91487077015853,1142.5011187408904,6.8428743247781085
15734.085838068077,-3682.5929164205186,-6644.8640916927625,-634.79372405036,6017.305599518189,1903.9249545110547,-6086.0958066240655,-2722.5309506411986,4949.667108321421,3558.27849435749,-574.1536338644244,-1733.5595657887748,299.4870613604798,1540.4736714297544,214.64721163708987
15741.156105810825,-640.0534101395851,-6454.701659794999,3296.9823899606813,11058.124195088834,5933.260256134508,-5455.265268922401,-2391.711862868402,6703.1065764572,5434.290692925548,504.5791477792096,-2099.6453143136882,226.31563127334942,1758.7532622451301,361.7118260406746
7756.013875556985,4783.483659910348,-3608.3330793583445,6411.955010006142,13663.34886793409,8394.418202618674,-4950.421107127964,-3046.7022499598133,6659.398161892893,6038.993472809437,367.4704610529734,-3082.520829251233,-643.7756116117685,1623.2402112707318,450.53004111835946
-2071.812798886551,7906.1068064438705,-1437.5542894887203,7305.921273626528,14379.039377007935,9361.490435331616,-4683.821224319812,-4016.0256048888687,5371.627963046496,5723.6832053980215,-337.9070159298892,-4125.485242083513,-1613.5613915193778,1352.2640071451765,559.2105344578715
-5534.127719483552,7175.146702916076,-1119.413686907796,7055.546220877442,14259.26235616559,9953.659447569604,-3388.0314738695047,-3887.793018982353,4297.958494295455,5397.179755776386,-369.6520058689958,-4521.228246628744,-2060.451963830405,1196.156970598918,701.580662987466
-3292.8244904749713,2355.7010395963293,-3429.9330355654074,5486.641628256216,12504.135014149824,9073.251574290412,-1593.2723864178688,-2787.5035794169153,4056.0043185365785,5616.026598182062,924.8628661495059,-3709.8112228329733,-1713.2997330634066,1129.5943682575084,771.1031929186929
-1374.012170477352,-1133.024187488545,-6052.502107646934,2811.364510387465,9724.365780000498,6817.098979158864,-1328.5037865121149,-2289.535053413523,4484.949321772788,6294.587180694519,2742.7231694842126,-2002.9505433204185,-855.7679112277932,1000.1104067854549,704.6789422107347
-1751.6611273577694,-4309.302989260494,-8916.37472346709,-1339.4332954511567,7583.587320902109,5571.735465017889,-1651.4463217614564,-2458.013588203188,4897.672417977317,6819.237503227878,3512.40580461277,-1067.4123033261683,-463.4661358703157,758.4472594724423,633.7346596356517
-1970.877071090837,-7885.192124277376,-12080.05359132644,-6119.873343808585,4294.025602409179,3068.296597190119,-3175.545648966121,-4178.784977556211,2746.5644664016613,6696.541414563919,2953.428935122309,-2574.4056542120443,-1647.6246265086852,391.64568835096514,788.306202825122
-3775.8360518702984,-14535.954358544284,-16635.75935652115,-15512.509372946737,-2832.0864825227104,-3161.9328987253566,-10955.387588120491,-11177.287652167839,-3872.5376620505576,6275.187352128938,2409.945998528732,-5996.145015638642,-4423.661518453848,-451.915924730279,1111.499466718895
-12971.071996473574,-30826.746902993404,-30762.69712500562,-27409.42806854847,-4597.994723266461,-4637.416100904142,-20762.63031639975,-20987.181303071528,-11992.962888874921,5065.630138967119,1959.6864292036357,-9100.532864822137,-7114.516602151025,-2019.8366814109866,1133.6624873076248
-25424.699933550655,-29913.615846080032,-36792.17666664032,-26859.086369681252,1537.388576394148,-7.46248316272019,-23849.03183893667,-25688.108058164864,-17265.859241324702,1580.430245408472,51.23999484959606,-10501.189045242601,-7717.15227191554,-3392.8714051764946,609.7642800674707
-28568.604727514346,-13852.098863908015,-28187.94404505272,-18384.23464018176,5453.337360080157,2757.9514865193487,-21727.583959292864,-24270.17248298228,-18326.28457547149,-2511.2070605725653,-2440.614908284062,-10162.206271027597,-6143.346409693859,-3296.3454756018227,36.030078904502375
-22778.412429531905,-3202.065224186488,-17884.392346025626,-10650.33439623096,6768.890814719817,4535.0555119315995,-16761.569082851827,-20405.765712072145,-15728.437027818862,-2999.5802605141694,-2173.595744992671,-8288.944652804501,-4379.529011955414,-2163.782921198464,-38.15365572932069
-19570.68464780374,-3011.3687000881114,-13673.252613109222,-6997.087519975261,7077.091567019537,6544.634737143037,-10148.72532569485,-15955.297538914216,-11176.133534614675,899.5695849447752,1819.855434661456,-5052.796633656976,-3944.9461270244365,-1534.984318184792,207.15623033619534
-19564.266070214228,-5246.750141133539,-17101.527487076317,-8935.631097450365,7285.892252364588,8161.346439560524,-5875.993750936461,-12728.197499045376,-7389.653742710573,5580.605247128575,6621.347090744317,-1278.9366240170189,-4266.891430426658,-1768.106353877985,311.26946714961576
-14977.78369194801,-6689.0524733593675,-20571.939864412994,-12162.803405565048,8070.785729377344,10212.556031606098,-3859.2741177624057,-11436.334931507585,-5717.746727911666,8249.842855706887,9482.263098453584,1463.069315447134,-4408.573662089306,-2171.3480430438967,161.1735748355319
-7198.193666167022,-9386.057684440142,-21619.960152431853,-14837.973690490466,7321.087206658242,11263.433882182968,-1873.8616361819716,-10087.051403477344,-4798.0063610598545,9582.664754403639,10869.86461545997,2869.968957767853,-4627.468818549218,-2555.4682791655864,-131.0542872461499
-4167.529359278295,-10616.491572444182,-20052.851958077717,-15222.267640818158,6237.879564628312,11613.746119938445,261.25148464705353,-8222.33197076061,-3767.815802194306,10608.361135983469,12030.276973096306,4219.685167160912,-5029.587249136382,-3137.697054036547,-450.8425955076033
-6595.710962193329,-10292.113002699312,-16281.114424724658,-12034.952699650417,6093.891592702672,12048.992068501897,3011.9849065888548,-6723.782354645915,-3557.9456589228557,10671.234166508895,12681.906046645321,5617.376003961703,-5005.8435176301,-3665.7592557629737,-680.2073884052102
-9250.946295231754,-7457.335822326655,-10402.738065877182,-5476.504667408756,8083.221220323995,12943.42683077105,6100.149297689709,-6077.730241816219,-5010.842748064105,8623.56313681876,12058.40290364833,5814.489237702582,-4698.329160063839,-3736.663797483635,-747.8475056226328
-11046.579414064186,13.897979481991683,-4602.049397482822,731.6379298684972,13189.894315792633,15886.319589356835,7954.690855676975,-7444.783346450412,-8179.159578176097,4225.413597749213,10071.663051603098,4619.2919615196815,-4831.627193962126,-3479.7314113935377,-699.2173683024623
-14387.49077518415,7671.996287378023,-7105.7432951454175,-1564.3158474770914,16311.811874118712,19218.995470572274,7203.09850456708,-10932.347904919161,-11950.011244022524,-1004.5602399936432,7621.015690698688,3447.597749451136,-5123.921547777682,-3311.0283076016276,-650.17952762713
-17497.18988005311,4626.743967689295,-18280.754901250904,-11780.275400003358,12988.11027259338,19625.78991289972,5213.7550962095365,-14018.278431125274,-14569.063983186976,-4590.700289035381,6274.385086656159,3772.7144627884777,-4350.178635467844,-3305.617077024177,-679.7531140586316
-14883.667456312856,-4342.9880529626225,-26952.564945382434,-20101.777400871622,7854.2014223921915,18737.596466266707,4916.238327673377,-14990.601127211914,-15780.503623179537,-5718.60046061253,6931.019559395954,5717.5357993036205,-2089.235249060914,-3195.6518293172367,-780.0091514287417
-6176.715659951502,-11250.13289131086,-30050.567370213445,-25054.007258590576,2841.682364951059,17840.06027409955,5590.125427144884,-15137.99262665818,-16796.769755201218,-5976.872641189385,8917.68243582067,8336.24222344909,581.7851141287751,-2985.045523768899,-945.9846194409372
2803.2829810629178,-12806.611847955985,-27074.915514273038,-26737.117741368926,-4298.08537885942,14260.988840209566,5060.5232522556635,-15042.230220997188,-17993.145144498416,-6902.505665109844,10848.743529222373,10765.490988268757,2659.7225041352044,-2913.3303230767106,-1201.9806919815726
8934.286369727892,-8918.32879948734,-19572.330207257164,-22466.64952287597,-8874.462364150395,9876.823477641527,5362.564179635155,-13412.37653315474,-19196.11971353615,-8788.139608099009,11789.896249982972,12506.861976658909,4046.6274445631816,-2876.4762295175587,-1476.3285262854806
10241.237887549683,-7699.351708183034,-13260.880476891043,-14818.877405737972,-4992.354776894686,11178.200233766785,10039.37133262642,-10452.657455996843,-21605.992694136214,-12252.877882316694,11387.661855392389,13658.289404734587,4776.174185278174,-2992.4563341793028,-1760.41181489556
1710.4140731418297,-2656.051159097619,-11351.162756972815,-10430.35155583252,8168.080761360504,23292.11560978146,21045.87699939041,-7646.040729835442,-27173.11131560491,-18675.714507266555,9304.038601383538,15089.663419476372,5363.0942726258445,-3772.945689056637,-2294.969507554705
-11493.16974810301,13701.363720011195,-25623.021460135675,-23149.496306965277,20019.088975630457,43675.38715586002,35862.1970513749,-6705.063262630561,-35559.04856595534,-27398.77211938426,5200.753615775698,16880.69087696626,6904.774420846988,-4479.456711739048,-3066.6102912074775
-11433.291025411683,8593.361843648192,-60422.0987799145,-53764.3739647098,10678.08579164706,52642.42075985364,42477.69796409588,-7953.197247055525,-40580.278770179095,-32711.276757419135,678.4507871810149,17439.55173357467,9168.092135424511,-3244.1456234717575,-3370.311460982417
6142.275499171348,-16539.206141860974,-70143.2268240055,-62358.60823922517,-7780.82540837008,39980.40342174703,35282.04159359224,-6872.262819356429,-35476.48362428901,-29169.397270575242,-837.4751696175575,15870.488795148442,10240.476316516673,-92.65746280003424,-2623.512046673516
23642.850728788584,-16192.38011264906,-43570.98148678071,-41308.40147635173,-11567.388459330352,23895.196821047655,24805.918561241037,-2321.573481749188,-24466.085891046558,-20714.72424621289,512.6137485693807,13372.693497655699,9289.42591904448,2584.072333372024,-1341.8586419741614
29466.637724439293,-4612.410163274918,-18122.43540390766,-20894.70507701939,-9592.78605240433,12762.320627635741,16272.373603806689,-373.5941735206429,-16808.62902472186,-15049.136230438138,491.91469141840304,11020.271821227556,7649.939261755748,3390.6044677316513,-474.4174987920906
29708.67836528556,3564.5750257161117,-5276.698455607854,-9375.214302156197,-7111.833930635697,5722.105376571329,9574.997164626451,-1789.0340884833697,-14014.617971880954,-13372.838895405648,-2260.7834346929058,8900.268514162877,6751.700667694864,3229.4603293649584,-199.3197617430571
32313.686808648024,1759.3450246978919,-6043.800849020885,-8602.074324364181,-5188.951185847205,4931.910180451405,7524.024328566579,-2285.2015047380637,-13466.590423991003,-13695.638936459743,-5679.126950393894,7450.362582874111,6980.047460372571,3340.574304677257,-63.400871023039485
37346.68241982603,-8227.091721575905,-15605.454622259342,-16630.099534256933,-7401.467526505561,8633.01097255117,10463.22224829457,-203.95697381991445,-13757.426223241171,-15226.601347453627,-8983.649798894614,6595.1118808202,8001.515795269672,3910.8663267165643,188.00065520643682
38961.82668575589,-16189.405200205276,-28460.616177023727,-28746.48102713269,-13181.339249937631,13993.022273837969,16773.098782534253,4332.599664834232,-13763.624770689165,-17038.173879894824,-11971.424805954694,5144.674775389868,8771.848562761066,4317.996438306457,410.0416537711637
31249.152978424045,-10096.97553417963,-37053.362606406794,-37589.94465567936,-16340.158327579988,18695.130757184466,23207.66069764451,9910.261010679107,-13015.994370551567,-18540.19832617091,-13693.950449131251,3137.9093825410264,8376.657592806743,4016.2747666020236,442.0157047805637
16384.125808304783,10072.814626419771,-33349.79896189802,-36935.5744292846,-12166.225829860652,22010.195434759728,26676.51293466897,14605.048774330113,-11403.43551671318,-19699.526134630767,-14188.794675544073,1921.4749548881202,7360.116643575788,3239.9092081585245,367.59959701240575
4927.685680380965,27720.63969442864,-17437.84318469806,-26151.407065231662,-5195.876759074146,21994.928173528126,26635.010703942782,17609.04875132981,-8572.115836285431,-19844.326647909646,-14101.072997182942,1600.8042687490613,6828.919059633898,2696.1880221471297,359.016988265332
4288.871396553887,25978.428530091805,-3813.667719032646,-14305.358540327257,-3615.197417725047,17012.215273836926,24419.69250319214,18934.916380249026,-4842.979196664828,-18271.457940214008,-13379.727384564123,1227.5133530353269,6786.345563602698,2666.5232954319245,449.79506918665305
11930.943427503862,7933.118726348946,-5401.718725846439,-12540.619469553054,-9819.111761841492,10258.122558013962,22432.369009102666,19151.102104276666,-1392.9228565643032,-15524.073409516735,-12145.596138744215,319.3596976946391,6666.833617602878,2960.8864385599613,594.1543610089446
20511.178965695897,-9324.710418513872,-17651.952730701207,-20450.7286772089,-18765.823014677684,5858.107281801982,22054.022486349353,18950.126551681038,425.5474575964725,-13433.506535533337,-11528.812128583873,-1566.468961143717,6214.16167087364,3495.2041950874473,811.0655754555734
22357.59432639571,-15350.609075984969,-29551.06116386256,-30577.587510480607,-26320.12621793795,3575.093224759201,22675.26889739489,18772.01158051757,28.82891540256287,-13807.736950745242,-12669.831949116215,-4965.855560328421,4999.599033385688,4154.462613402485,1094.6473187218387
12487.453312404488,-10139.539916474214,-38279.27005329412,-40616.98179186202,-32267.381972077445,2518.0294103640454,23807.237817325597,19290.40319525754,-1322.973202307547,-16777.116160206297,-15597.43262066405,-9316.89888438616,2808.770612830822,4559.539568970085,1339.9586102848787
-3630.865183306967,9077.886627804193,-37451.627834952844,-46102.3533412827,-32608.095740085744,4499.787475350933,25078.04180048563,20865.57482650513,-1060.5900752425175,-20494.434514225464,-19541.142090739828,-13247.307060763735,618.9981355943845,4737.216938039219,1545.4584523210692
-12747.667389408267,32401.07749781314,-17806.225609004552,-35729.774251012204,-22672.82344923173,7580.562972413004,24324.811404562173,22732.388513413083,2630.2576263906985,-22154.325973730167,-23381.32605226045,-15917.895202966243,-401.2484751209781,5220.45207652528,1845.462077621918
-9223.512181488992,31210.185221386288,2106.611513498364,-16278.618649666114,-12978.954748440281,4245.110070719441,21404.048048858036,25197.958617263674,10173.459604385243,-19048.062331849986,-25371.364487736657,-16933.93695311824,-100.52375843594788,6134.756310000869,2234.5117132933037
1879.615875627892,2161.0934379686287,-11208.164217174943,-18598.828472049492,-21441.911089917565,-4378.580716703435,22889.78315815302,30734.57306801652,20824.457851448664,-10221.173053959506,-23871.062241061838,-16209.404653677515,879.6144908736378,7120.9918089397315,2592.7636116640583
11698.352143570235,-8206.671391656871,-41499.0937963448,-45145.99144638064,-39672.81169754759,-4930.144308630056,32389.275650596894,38163.16995777883,30759.601448089394,857.5189495794094,-19558.09899704066,-14829.10997593067,1046.0210620004962,7664.07951830613,2918.378912467053
8821.201140553412,22257.93148817199,-39208.65720816614,-56318.388774217216,-43147.01520572329,3144.031136011191,40183.077235113444,41243.063288213474,34115.0340069875,6980.674813526179,-16041.34975648223,-14554.0713259222,-1444.7116672570585,6680.957289406411,3122.367632440626
-12296.829650837011,42029.058681631286,-16663.741274689077,-45103.132803945526,-35771.52896822365,4923.111949776892,37993.48942911229,38701.97107611141,30671.899520761526,4839.289297303651,-16310.92416200854,-15635.876221555873,-6241.0958963907915,3244.2727435881566,2791.713563239981
-38637.10387567123,39147.718668537695,-1382.0330007558794,-32323.96123696418,-29860.184372689353,435.02253450695696,31211.67663605208,35001.3182238629,26653.933886593473,364.88453007271454,-18720.40066039372,-16505.735690982645,-10117.019526647906,-1262.1683961956196,1778.8150675277589
-51825.38108181848,25976.940911954054,6378.8017038987755,-19051.051899053724,-21097.91064075616,-795.0954935683611,24616.30536150767,30167.337804127426,24550.375686067724,1359.4847508479393,-18308.362424152012,-15907.075397762628,-10786.668585389963,-3899.2909891870804,757.3252758987192
-49821.37303696798,14299.669225115631,-1325.5337963666896,-13715.092568637649,-14359.466263772714,-2019.365509727154,16147.987136440284,21623.969225706693,20469.164357369078,7102.227292867266,-12148.514640244648,-13529.885912556578,-9183.169048187428,-3734.4538380751446,449.9618342433274
-40666.02492998201,17039.664922842447,-8672.11975762159,-17881.876702431793,-15553.167360203555,-6388.352430607809,7699.966985284198,12563.074331678026,13156.574735637725,10462.604329749613,-2843.1888070880777,-9327.017768915863,-6997.8936825508545,-2335.9726517773547,723.6637650759998
-28800.368758812558,14031.244693282868,-5499.071212077145,-16239.66124262694,-15646.688424157841,-8226.757231411324,3833.3907632072533,7941.357234676081,7017.240098259137,8438.058209010036,3747.6834685453705,-4351.7897930084055,-4829.902244730587,-1260.3378146522414,961.1040836232456
-17597.898960354225,4602.333459728908,-3599.912495227932,-10183.186287249315,-11779.018002456107,-6867.949141681609,3231.5741784868414,7255.289505420622,5076.097126974457,4833.3097804209065,4608.262854853139,-1120.9047132403498,-3112.9839153190055,-934.3514662176295,826.3916549570483
-13128.562636365616,1343.9765656366174,-3130.550188156234,-8047.667279554642,-10318.099652137184,-7015.91899857756,2492.3043776865375,7916.224319712005,6315.091880574671,3821.897165616752,2162.305178360203,-1350.0898022594424,-2694.068728033588,-1268.5923956235874,394.0809041126377
-18029.246170202954,5804.679192635921,-35.04871353874506,-9612.461682185742,-13131.622299962137,-9732.582318457622,1592.4830289088325,9642.699417668762,9157.171271705045,5949.45703650766,802.1893098889384,-3786.7243397753655,-3863.581988203427,-2092.146199152114,-116.76565667605686
-25691.192141263484,16859.01945353638,2543.163742699701,-13651.339493139509,-17713.49182393892,-12943.705109258977,1424.28341436937,12395.24141126872,12536.087094291073,9210.612222609467,2307.5881555198334,-5141.183288706675,-5430.537387288234,-2979.756720279908,-507.7735522208046
-24955.750374047286,25635.78731435199,-840.8070764753314,-19013.91173047136,-20895.69850406596,-14940.645617718572,978.860985482137,14143.863703663286,14831.155413996303,11090.681801798572,4545.885762603543,-3573.1047898801103,-5397.759106721956,-3193.76059918811,-635.107379189795
-12781.158696514945,19689.42235620879,-8942.18483800274,-21037.852575315283,-19969.151947675276,-15090.431751562557,-1338.6424806953898,12637.88391349372,14711.25758232305,10427.112361552301,4251.644877106028,-1106.6728499517021,-3208.495078211857,-2309.2326508388524,-489.4580221895961
-449.84275503034576,5066.279501549011,-12469.58091700038,-17468.283910224494,-16282.31696221744,-14490.164132306507,-5536.1470718797245,8242.292763721161,12901.468023471634,8645.717627330927,1321.6339106254286,-1235.2694413004624,-1001.745589297577,-977.8244340566954,-274.6438465437184
-737.0904634938368,1560.5850745403218,-7483.962051129519,-13974.174827724999,-15228.622303628732,-15425.051093331302,-9919.45947051345,3820.7631588663344,11521.066549588702,8363.83853603806,-513.2087402587345,-3828.007373190953,-1259.5993301322046,-513.8116913618522,-273.5457055420222
-9456.321410503042,12147.2554248533,-810.5062241796177,-15472.184663262278,-18709.29468391234,-18062.514730937757,-12388.469102223258,1872.7410282636201,11538.745854033601,10144.818990700855,1628.669820828919,-4794.489153503708,-3281.94399383121,-1313.7865415885499,-540.4903094047205
-9872.985150363169,23000.17485969754,1733.1959302065443,-19475.382738404085,-22974.632819161285,-20138.923208805474,-12417.259412699426,2121.640576100496,11977.951993833414,11961.598413313013,5779.612480240361,-2121.1457389029256,-3995.0935657297714,-2137.128891888184,-771.4006744837129
1840.5385858420625,23197.51214987664,-2528.715813945863,-22747.672316102475,-24388.51767769659,-20444.732128963722,-12211.205164574674,1902.28426842095,11870.688580117525,12695.48829971783,8144.241205183659,579.2118879721253,-2955.54254857318,-1793.5556175902782,-650.1036392602161
8288.522650013294,9578.608413872238,-10212.902626398247,-22274.0072634681,-22448.22154418379,-20161.123213107552,-14475.669035809698,-828.5490639425489,11884.010405124323,14336.745830564074,9091.360983665634,-246.8475459733449,-3665.89153873295,-1347.6896557606574,-399.3370872371036
-1855.8833865275417,3951.0709204930004,-6162.110339157139,-19205.385302667157,-23169.178909683214,-23188.812796979717,-20102.6122056791,-5784.242561911953,12513.06918904698,18386.42706896056,11998.767314225783,-1795.8405067501815,-7421.559050107021,-2829.9900796140882,-638.430793981049
-13932.74649036318,25466.39694432102,3391.6990203851424,-25019.272512918382,-31779.03130936217,-30275.923661537785,-26923.964976008705,-11591.093927994723,11523.802251059999,21658.587350285143,16334.971467853675,359.3323648344624,-9838.345240304094,-5512.132604231585,-1433.8813753638508
-11441.45821161179,34263.63003304501,-4632.423935261189,-34606.49532165397,-35799.09560486509,-31392.741692533447,-28007.178553438924,-15491.242726533043,6610.205874382289,19540.054412333466,17481.88555028989,4575.004299549558,-7524.85574672276,-6377.439596992386,-2020.2420825234558
-922.3707993068809,11583.107183174898,-15308.756618247071,-28491.384179091303,-25125.454531497504,-21436.386355493876,-20011.336265051763,-14680.556087787718,-201.86329279393118,12692.797139059187,14099.592939213533,6431.523081590212,-3346.1413504355482,-4816.265707610613,-1898.9027691146603
4776.126659091227,-5258.789533696844,-11652.000554377875,-13113.86460335575,-11488.2094666566,-10245.43322394006,-10195.63984304403,-11303.04218395007,-5528.754770745353,6085.749064482643,10135.30479893014,6037.044597492629,-1042.2721582546565,-3277.087613377511,-1563.7033729993864
6685.553792715531,-4106.511963012145,-2252.479785753149,-2259.8021633818607,-4134.869040103867,-4250.441759126579,-3926.8902931733974,-8479.025054785037,-9163.71106209439,1901.1355459381523,8559.685121614139,6285.494933435567,-91.89682324372103,-3021.1395823597186,-1604.5338168152168
9867.81938416518,4746.9799686505585,4965.82130087155,1234.0392634803354,-3736.091444712388,-3831.282965606776,-740.9343544796669,-4636.199018888227,-10948.005036303704,-1607.0962515821288,7923.9731631557715,7474.70421006676,1204.0916545989833,-2959.8865756738537,-1857.316964904534
12503.2130782524,7031.05750745371,5271.8989750274395,-763.9574205478359,-7538.044915024556,-7953.415056951097,-1589.9390301984415,216.12111483431534,-9127.281371745377,-5075.57348238631,5950.29931332776,7877.6170894739325,2645.234759272353,-2235.8764071108944,-1888.5222360986409
11652.261385199206,3968.7246835198143,4355.277917069181,-747.8252583075522,-8899.630812758434,-11507.244323365398,-5176.841454946292,2832.394952507843,-4442.396278561826,-6958.538903132159,2829.5895922060013,6925.372806378262,3527.650411246912,-1101.112743609316,-1607.3117979541976
8781.377467393837,3261.7241695033917,6891.779067807177,3256.513520804829,-6643.898201575319,-12070.794261586565,-8055.281589757131,2789.108715994214,255.8181756242572,-6664.996881455399,90.09702679438811,5530.284035701428,3983.039076006423,47.714905037225996,-1173.9187301402626
6897.525491583491,4535.621816859532,10370.18373399686,7725.560527271384,-3855.6471398712665,-11623.882237596692,-9802.935329162832,1618.385424684687,3663.1775632024637,-5203.916033877879,-1688.359086370469,4499.536152696853,4418.281557096051,1058.997965964805,-744.8439067387039
6080.321349387672,6791.468648149905,13594.225261865917,11632.645330770847,-1226.218249087925,-10983.046654859229,-11066.229647300781,-121.97977438085275,5873.718519636157,-3479.9274336159256,-3145.8272328506196,3595.8082734675027,4766.155145274592,1811.6776274580643,-404.69269092661636
3629.494300436334,8534.528316070713,16547.67755291411,15647.393696740784,1912.8619080649573,-9726.4479344953,-11470.234354573435,-1772.414720594651,7228.313086641852,-1565.9224229874326,-4869.301929266473,1985.1335587216818,4539.928237547762,2161.885556307292,-170.53279170396036
-1545.2117283077027,7429.478488178959,18552.538161994256,19905.301002118496,5483.82272675592,-8350.36380569191,-11361.60290139975,-2647.168842608457,8452.697680910225,1055.325225370097,-6373.811048952973,-572.1296742701287,3483.213877941773,2125.6511806013223,5.4101041167823976
-6678.693977535478,4206.571531684514,19521.999517092136,23959.23972565828,8832.649812182366,-7828.112026702379,-12128.481738101413,-3498.0526310152172,9812.944985024984,4773.02989602996,-6504.596940785303,-3185.8944767194307,2039.2388901144232,1970.8272390656373,199.3261051156993
-9241.202740802562,2342.780253040011,20665.54914282606,27674.093989499324,11799.459832500432,-8132.782337205472,-14266.126085553155,-5483.949803528131,10508.840971036863,9002.410832703457,-4960.076712381488,-4939.0539272909855,841.8401461718859,1942.1999500789366,430.3872921425256
-10969.871088107462,1948.82739225697,22661.73323153169,31831.649626636794,15365.983135264854,-8106.449279504316,-16815.07479009802,-8358.941580354243,10191.711095218736,12979.774008763241,-2547.945174245704,-6205.682994776682,-349.73871273260147,1827.9787708434585,606.4680836830541
-14082.87278117218,-1445.592280611059,23949.380227198024,36871.0895413659,20354.96573958291,-7145.633456764926,-19274.267955738993,-11600.229852630577,9327.143820709172,17101.365670775984,860.5213841260761,-7502.86264516597,-2390.4766137479787,1104.8706689318997,619.604213437765
-16689.59732299352,-8094.268215975671,23565.09656800354,41894.96557738747,25901.320055916418,-6079.017374052256,-22438.8934999473,-15992.3082406927,7199.114887897499,21264.226633427024,6533.523264935513,-7476.939437012691,-4959.176245857992,-223.55144868755337,515.8470771116223
-17031.763105606162,-12425.596308998862,23970.839151660497,46824.780294816774,31298.11951216696,-5121.226469505697,-26267.085425898968,-21844.110056156842,2598.521543279328,23452.672610572634,13780.969190311635,-4647.132211526472,-6567.279987657786,-1516.246688019598,417.1929725646808
-17173.03507718775,-14921.580211532772,26312.663916379966,53423.31227422374,38379.20548126709,-2432.1971980264957,-29116.034684174294,-27836.858919673366,-3766.1909117022806,22727.269342696072,20468.95622079631,176.12703068644737,-6912.323526008468,-2701.424724896249,199.8096516897478
-18309.570416505343,-20695.325765603986,27459.14469872341,61834.921888175886,48745.05601859233,3346.190290636884,-30253.477593121308,-33571.44634610391,-11275.35680092869,19664.76671231609,26355.467963538285,6581.800052699196,-6333.085273741357,-4321.86195731922,-421.7493450080498
-19473.47464486638,-29207.130314290345,25406.10236685975,69269.60031303219,60437.079513598925,11322.047591034658,-30087.399082820753,-39626.816950279346,-20939.122945132644,12757.728824643358,30343.905934325085,15484.655614957754,-3149.8007494882754,-5616.568783235547,-1288.471743124192
-21256.546658963045,-44139.39929665086,16244.452439556651,70427.08631421173,69484.38172181792,20660.828648424336,-27284.886791844725,-44160.66313024165,-31596.255569191606,701.316362924917,28208.803918807356,24332.339851021738,4000.5006837707824,-4581.241157237712,-1716.6783215721657
-24582.72362553538,-62977.882811724456,-4691.746384052811,57153.01759679185,70017.31804202405,30368.595325665334,-19454.739405535853,-43544.14430705832,-39024.03432683503,-13210.339317826956,18249.678891093125,27573.418573447063,12442.10525254343,-661.5982829922565,-1221.8589523801743
-28287.510232473807,-59250.49628726925,-22454.957785913426,30794.5508855914,56085.9013400125,35754.067415280006,-7428.186509042145,-36439.73001987772,-40224.86160650636,-23764.632546574296,4345.430944330809,22837.183984888485,17577.02981549872,4336.618325676919,36.528957261438336
-30543.895115076208,-31818.293241098676,-18239.20652994636,10080.337551906943,32182.42344628281,31704.368708003152,3987.248621045975,-25108.36240558959,-35629.63594772764,-28287.733995447277,-7891.914564504312,12832.499293664876,17017.887346786418,7859.582840390902,1442.9597038074517
-30883.51977096756,-15712.745619052881,-4879.946389954466,6977.895175731327,13324.241090094787,20495.5130741455,10394.986778611586,-13480.615349861477,-27957.743196371553,-27514.22566848763,-15145.390789040259,2497.8490052366856,12005.366384797979,8484.31827884502,2342.0305968360667
-30410.915418978773,-18968.268968995224,-3677.2098422588315,11149.815617841276,7871.011644776177,10300.333585963817,11603.393437337318,-4500.697092471028,-20224.852560865937,-24156.17322307923,-17665.050289444614,-4735.498355423115,5851.604987060525,6778.752491491049,2488.752095154419
-30583.590507937035,-22742.105316618014,-12867.851525387452,9638.844255922597,10686.252639994333,6372.473334357363,10606.262636899974,1284.379709119416,-14083.650286333344,-20700.86287195384,-17757.124496927416,-8591.778552526723,1004.39517306819,4339.6767972862,2127.354766385424
-32253.608644911834,-19725.311702630403,-21269.007670046387,1380.1390720407371,13491.845763811414,7990.137591896455,10210.057632719792,5023.106551510615,-9545.844097725683,-18170.96074567887,-17425.008997194505,-10546.191824736323,-2128.4385161078285,2260.556501654782,1625.6505832667222
-35745.99188731593,-14322.565485197803,-24885.822771067524,-9160.125649176747,12468.645192523962,12013.862861983891,11568.38913001029,8104.586231959379,-5840.314783193419,-16443.15111638504,-17505.95650012872,-11954.151597089822,-4221.246181997924,753.3426939534568,1188.0166645917564
-41265.32647623402,-9925.272039295161,-25124.755500805677,-18961.179373643063,7299.440208766968,15753.182755248592,14732.271537201626,11541.88832996454,-2153.860614393941,-14992.536353301148,-18062.686526719353,-13490.517409605804,-5989.981962862992,-413.69500898264374,847.003173021999
-49065.05727742629,-6390.477079701623,-23777.06993630713,-27108.337454420962,-1233.9473933155732,17297.93953940796,19184.49301882422,16057.559314489148,2219.097815547518,-13256.537980621082,-18866.487597112326,-15356.899601246516,-7866.218073140601,-1534.56850294385,549.8651698640439
-59364.06213926492,-1951.5737668762897,-21279.629345366116,-33564.41386401849,-12230.193220025916,15249.112416622698,23842.196556764604,22109.506206310696,7990.2501043842985,-10649.879307291327,-19590.96209660809,-17526.58058087943,-10030.033336381932,-2817.8748317853224,221.4508098851882
-72050.2204719624,5199.458008821222,-16791.54008885123,-38117.01196950656,-24819.990245492667,8621.139472217004,27001.884172157625,29658.136397314713,15902.939011476476,-6470.781765301992,-19812.893630483726,-19849.347700757222,-12494.64532801935,-4358.232303892812,-202.25858201896185
-86131.18008147205,16250.67282808776,-8888.156553507677,-39795.57999551325,-37823.79274890772,-3106.6659391778276,26422.4458542968,37832.106318817954,26538.12909435883,132.0640089530159,-18952.270593179543,-22058.723419455895,-15159.296761789994,-6146.937841301405,-755.7913975062028
-99092.70962541783,31539.570605138004,3600.701153800757,-36878.83944358844,-49181.30947539929,-19670.462819190012,19608.177201315826,44674.05110152286,39905.198453715915,10023.167421828017,-16241.565410511603,-23735.150053706344,-17821.63768004458,-8087.092494238394,-1433.433532625587
-106615.62560328699,50132.40935379553,20739.971328512634,-27364.73240215738,-55628.96367712832,-39487.09335213233,4445.603493458623,47187.74870236436,54925.66329527106,23718.199549916615,-10790.510123277814,-24259.287619818235,-20153.58086579331,-10000.807801456158,-2185.42242083693
-103208.46869757348,68945.57810151533,40855.796840323135,-9574.953701830234,-53084.71704344728,-59308.9707293827,-19708.541958860955,41953.822755162626,69010.66111536529,40781.58713542523,-1840.8232122735712,-22823.79999310129,-21674.98352810432,-11638.020173174458,-2924.590397630469
-84535.87006569098,82283.51455085058,61097.26775751313,17312.26938697016,-38263.055769026265,-74686.09644543579,-50648.6546149906,26590.498384398154,78146.37507715955,59133.00744352307,10699.657069629364,-18627.333098693212,-21797.322300170094,-12706.764717068401,-3544.137852081324
-51256.43454192304,85542.17686926405,80436.7235097766,52348.75093272562,-11707.224478688458,-81659.04613183717,-82510.26735562354,1821.0123244889903,78069.16651727326,74832.3067371918,25612.277184163395,-11285.541108616248,-19975.999057760844,-12927.895909784937,-3942.911809364489
-11436.427165305138,84745.29597418402,101715.70844988996,90165.39341299866,19494.389538683088,-78806.06886044495,-106820.17522154104,-27264.181039981057,66466.66977394409,83030.60153524968,40107.30379927001,-1300.500080294053,-15945.126366070643,-12110.305649348977,-4057.177434353864
22095.266521031965,94514.85501460182,123911.44376746872,117960.86710647597,43374.66298738909,-67614.30955408084,-115731.01284878649,-52482.91497544743,44892.71752255806,80070.81136789815,50458.61858729459,9750.880984996042,-9920.917145248735,-10209.63847476513,-3878.010980924697
39121.38687836449,109321.7473651667,131111.87533436215,120113.31296713643,50922.59318449275,-50612.98292456964,-105679.01496129639,-66175.45827065608,18669.59664634843,65392.629698848104,53321.18807804935,19525.466855652747,-2608.0048581609813,-7272.939871052,-3403.696059216438
37523.17824546987,97782.32548360355,105729.34516407085,92787.59482620994,42925.14598412708,-30504.454067644,-79290.0733626784,-64248.67248648616,-4726.906901056964,42170.540723766244,46768.88248791755,25179.05117072364,4654.566816118231,-3477.868836689262,-2591.9026061005247
23504.745082046527,53862.53991374873,57611.49083547188,51755.29938041382,27609.30924286912,-12057.43004148968,-45796.40776481102,-48057.59215600938,-17708.217560543908,17663.259240425024,31889.041505514382,24030.95711125014,9510.187709042526,370.06921603277954,-1503.5444885867607
8670.37029596006,12472.667086121599,17404.34437580891,19017.10586329098,13485.770318732822,-674.149574652084,-17733.58954709816,-25736.21761448499,-17306.374511989125,974.8246470030874,14702.434333519193,16330.928344349164,9755.26314375915,2737.0063721560527,-494.53343704915864
1978.8612464137734,-3531.01949183691,468.97355963158543,3787.5469091574473,5092.9839648460475,3013.865599976225,-2334.1242125526664,-7795.367627911301,-8789.753587138253,-3911.4923378676544,3035.5386893117256,6881.357908276843,6013.848160224004,2697.3700250315346,-4.251696875843663
3237.984490943596,-3606.855614131005,-1200.231402606574,955.6936085268293,2474.8063458597485,3142.2553389780173,2694.808902339984,1211.8565867937218,-456.9306450853304,-1103.3926440558919,-305.49693682936464,1059.2651749193685,1690.5475902576263,1092.706650043946,-98.24327655726762
7244.868820238661,-1793.4532820328436,567.0962348777501,2335.061795875977,3137.7968971308605,3367.2317634860556,3573.904913059453,3908.549917899586,3924.959914251788,3081.6200479158565,1530.917662856863,143.58680057538976,-419.09617331722023,-389.3241895184099,-430.56358574741813
10712.220722963506,-2334.945470503367,777.3621265606005,3390.702360557471,4513.793440020956,4436.976318762875,4144.153722887448,4498.921495634025,5406.048559123576,5730.72232567902,4459.546659251722,2001.2407459481328,-100.1847154062703,-831.8932858188987,-639.8621307035903
13477.998801135782,-4261.843473661117,-952.3133426748196,2815.660397601948,5079.70437172403,5550.028938758751,5134.2117570678765,5102.3101438165895,6017.4845471546805,7061.733864296278,6698.4350872877885,4388.150726106343,1419.8325170201874,-387.30960868259274,-615.4078134175195
16579.534679794986,-5895.263195585709,-3604.9281508570566,768.7166580990322,4332.701928017249,5948.745252847252,6094.023395163079,6058.931359727446,6817.589494248912,8054.681371666271,8290.972110988354,6405.134784612699,3103.942038730386,421.0385512725098,-435.3423650798748
20944.740168595257,-6497.554942184577,-6239.283753482086,-2154.4630648510997,2392.778845122112,5397.237775573441,6679.515950386115,7240.2278864323935,8132.124013813055,9380.431436593619,9779.522979782705,8069.609341129212,4556.399802263963,1224.2579856275197,-210.61916920501994
26777.298017687695,-6647.221882229774,-8742.490950961155,-5592.824298682229,-435.5877422707418,4068.010051584057,6979.901335761493,8754.446909752012,10208.762484335542,11467.851892740397,11629.381148660565,9634.790211953186,5733.560458975965,1860.855609519479,-15.720492714777535
32654.123289933603,-7675.9359726813755,-11824.101433176147,-9632.163262543012,-3843.9656727649663,2471.905111232303,7590.9025815084415,11200.048881602752,13596.52611083828,14793.644209327049,14209.068307957778,11292.558348080516,6631.665380894685,2236.727830157462,98.54768460822922
34609.824727052095,-10689.783660634872,-16216.581460090916,-14260.642527665746,-7121.749439630264,1780.5126499147598,9868.804850454842,15864.675744377892,19327.759478541175,20052.027094418892,17884.829250874896,13136.476672864412,7160.179975827234,2215.0903213334245,69.72332807095685
28500.12982941576,-15227.225557168305,-21185.508308102697,-18016.883357519913,-8074.633928146577,4603.9361736893425,16407.29105049821,24943.531657205236,28972.981600444095,28159.341156049555,23042.637645065824,15197.842978086395,7157.384624967108,1600.5009400805548,-194.85493386560296
22484.344698629175,-17768.315848353923,-22784.741550226514,-16326.12915728006,-1743.9906141846902,15753.257589985775,31306.332547390095,41449.16128019472,44380.99347686139,40006.914699956214,29968.90218829494,17471.248879943927,6495.248180759564,227.48133063268557,-794.2025855538569
61353.12176132071,-12680.548066603544,-13980.669775989763,-1450.834950155028,19335.85237099879,41512.296416816636,59085.613780202475,68021.75408592512,66644.42422202928,55748.972379724124,38504.11020929158,19874.44783620218,5224.563525875802,-1860.5428443144397,-1750.7930552721532
233987.3718556236,449.9006501326304,9898.42274721903,32655.49727427443,60385.36040703471,85051.84663777336,100593.28494004149,103658.76812939366,93807.73628599108,73434.55512516692,47392.897324164325,22068.41410564593,3658.3836609311043,-4228.3478480439335,-2890.9135885379847
594739.093604525,8521.647182715813,41855.864528703685,80027.97798361871,114085.58376742413,137304.3477905801,145817.77638285127,138704.28880146737,117807.40764148164,87390.66837113445,53544.29541953366,23151.86751309706,2264.468468811817,-6035.343572352769,-3781.570012028912
989805.0832543726,-3097.8021307779877,62258.566056234944,115604.08460759472,152236.02819521455,170071.33382871826,169412.48264571046,152622.06063780282,123770.57491518083,88232.88588475574,52140.72333400346,21570.394647976773,1374.0263533827413,-6334.753463758208,-3849.0668392360158
1019620.3233804994,-20371.805430496606,54611.36256726342,106429.74240637656,136363.20295676394,146801.12716303207,140995.08921065196,122849.79206983151,96728.61056669963,67234.09056246514,38912.786115325194,15829.831291184075,964.5438522508716,-4602.151963595215,-2700.746256490455
419122.94807803363,-11560.559002596317,20860.817621945447,41765.474955140904,52885.00066930267,55996.676045801556,52905.749269344546,45425.086800509765,35346.2643095196,24394.332949735122,14156.467413368682,5972.533575970579,773.4031173022049,-1149.2717357268427,-459.94295336411767
-488582.9465503506,15481.098137112504,-22560.906981154065,-47198.36835238178,-60395.92110655037,-64194.70665599121,-60685.88045707614,-51982.75068335844,-40184.01294019757,-27318.362226042293,-15258.399456710391,-5589.3113525955,584.5496607337326,2914.0971507986847,2181.286681547015
-1039108.0537933843,20710.78605082053,-55316.97443906459,-108379.55681793981,-139379.86287395246,-150478.14925431422,-144822.00105252484,-126315.96303310152,-99408.24486371352,-68852.57575424439,-39390.156511266025,-15292.140519813192,289.370128640663,6189.884655632311,4304.072438185626
-962437.4732217271,1966.3098553214616,-60933.12794703809,-113331.57562613748,-149996.9391318445,-168375.29107791506,-168398.19246899695,-152170.4202151012,-123618.11909846921,-88079.37096432295,-51742.943911010865,-20807.98046479075,-268.337806673047,7662.295168425142,5270.282503884504
-557265.2005216476,-8114.61187504244,-38877.08439345293,-75597.24092700428,-109195.42243164571,-132689.41404195645,-141920.80419798574,-135697.37096094296,-115644.04549517055,-85877.56887271903,-52424.61758067442,-22184.918248744052,-1279.435451725729,7129.137581596053,5017.828608593375
-210831.2430653855,1089.8158983859487,-6991.48993883807,-28674.467218184152,-55815.045335634706,-80398.80711221058,-96284.27206143439,-99987.16169054042,-90910.98506748004,-71297.56945081381,-45877.5233556426,-20963.66150282023,-2736.65883895247,5164.065257405219,3965.939070458918
-53316.44775840549,13763.433116304492,15597.282075192774,3738.2107312205217,-16463.84070250257,-38273.40419165759,-55756.51785103634,-64879.86767868011,-63916.501868963336,-53568.109973717066,-36884.42961522205,-18712.877125563613,-4333.227347938052,2693.804872002847,2678.715527651542
-21347.205445243413,17980.99327084786,23178.083088531894,17117.53804574805,3025.9936205200192,-14000.84063716814,-29201.22704824284,-39182.63929257058,-42178.417771724846,-38073.54726570771,-28431.54318098696,-16336.167892135416,-5647.454172644377,512.704197614248,1568.364364937977
-28476.67373502887,15029.293529332497,21009.301025430403,18031.70538694941,8425.807608421457,-3829.602228888381,-15209.502238281548,-23418.745866831596,-27299.557731278,-26552.55282963531,-21684.037565344777,-14164.73772522151,-6396.2271330386175,-975.6405159778251,796.4046704123227
-33958.25569166662,10521.594953240752,15971.445581748836,14049.858713367903,7098.818756289893,-1481.086343900565,-9180.864065200829,-14818.819837768822,-18054.645583905574,-18749.246885390887,-16744.18821599319,-12261.392297130298,-6530.508869450604,-1734.3532690474508,339.8179521794639
-31521.12840435143,7679.603347900704,11680.257403473588,9427.785691488212,3735.0494429266305,-2338.1440827272704,-7128.005917295066,-10412.594703327333,-12589.750370110625,-13744.890131161728,-13294.357008393848,-10606.112065958083,-6162.12695473711,-1920.578574930872,105.0562401409597
-25583.06026280319,6766.796119240774,8668.50733453716,5429.110234453543,342.6106868376906,-3953.298566779963,-6583.42593578654,-8087.5762691260015,-9375.150595157304,-10629.927171338419,-10932.85759697553,-9143.379562235188,-5432.847670478231,-1718.6802465790452,5.847156391057904
-19898.02466918772,6611.792438611666,6154.077224797345,2011.5380236277542,-2439.1522842559016,-5239.469322605482,-6275.092212320648,-6625.894233673492,-7423.186335895035,-8725.077105692242,-9283.526646398243,-7759.617586707929,-4418.031032650075,-1258.378579738622,-15.246502551905536
-15704.088274864109,5906.910785320206,3472.710799818246,-884.2044274870195,-4309.060702121001,-5721.33382833076,-5657.583670761015,-5478.501164227923,-6217.706251312578,-7560.804688760516,-7965.247559594989,-6248.508494851481,-3117.0853152443415,-634.8671141988116,-6.268283845593686
-12709.784599502902,4164.387154381856,817.8280637558371,-2857.4873740457615,-4961.944072360136,-5251.996586662141,-4679.036982001717,-4568.483183565997,-5520.04857282132,-6694.23184281197,-6496.043830351984,-4358.690664083895,-1591.1063770281426,-22.527189520609255,-40.86850100578471
-9953.439428705098,2235.0089441317114,-812.2521386954074,-3305.9617098314025,-4301.49756724056,-4102.43857366892,-3708.10632978047,-4016.995479867129,-4964.825501792322,-5416.744255707438,-4338.55927796868,-2120.6609857356634,-285.0304668866569,190.76456888215938,-226.9387027933362
-6433.049602426442,1866.5100597607507,-411.63956351259446,-2123.370583895815,-2888.77139333203,-3056.1905894744023,-3153.653357080694,-3379.744174679645,-3395.2898603126237,-2741.5583283923825,-1544.122839635539,-546.242710363882,-287.1108242669904,-512.1476372117879,-628.7748845076611
-2509.8031390856395,3866.7708788191057,1417.483594920407,-813.5732727736835,-2349.05426564045,-2861.606287693554,-2088.9946404272214,-326.9567251543978,1264.5456068536237,1388.4126152112635,-103.91510494026578,-1964.0533894723417,-2776.9992975481327,-2212.158547020537,-1109.295185311657
-1765.3992934518958,3169.9992743800053,-977.643136697959,-4335.129382095348,-5364.712108351692,-2583.572796058129,3614.4421051428076,9419.81264689288,9808.310698616837,3718.76006186347,-4207.611355638748,-8347.492921991741,-7331.836220713186,-3889.336806857631,-1289.7014006128875
-9297.97187010139,-14967.324518341604,-19868.000042003707,-21082.316729224898,-14388.933886954364,1583.0613360961784,20113.388640519956,28040.554371362115,17957.146056152975,-2170.00609336162,-16657.818193555133,-18012.675586736143,-10974.150725042571,-3852.529539165103,-843.0805500911262
-24540.21751790842,-57984.60536566661,-61806.98559303891,-55262.06294054615,-29019.74078032667,13540.424159486518,48969.84155380853,50248.2344972954,17300.30993931752,-19842.30748360585,-34053.83061991321,-25391.617323194652,-10417.620158046388,-1399.4362202880147,125.60224711930266
-37930.78661741329,-100033.41010111842,-109026.53772312783,-96042.20929585813,-44182.981979416756,32200.342501742605,82198.18388851576,65364.66774951837,3172.475465449638,-44638.70977336473,-48442.557298546446,-25982.4302142942,-5335.292559756543,2430.078510675364,1167.5125009690437
-38078.36274173897,-108256.91040085368,-131392.77372455914,-121119.32390876891,-51099.30586496702,52096.01505267734,107306.91353571012,65785.08266738891,-20855.227256824423,-67392.96894006927,-54208.63148191891,-19907.17277785878,1955.9412780880357,6134.6375441965765,1953.0234034809166
-19416.23640264293,-92840.29060703808,-122051.39550009443,-116318.97511333037,-41983.248703784084,68684.8886498335,115641.0424441972,50736.52541643637,-47066.01231841766,-81193.8850777337,-50629.68771496619,-9940.819146080914,9179.347858105642,8986.059182180696,2440.8843488955063
15189.012128165286,-84301.07920763662,-99588.56433812046,-87053.26411178333,-17015.38343200934,79274.30744264985,105140.44120104266,24723.25030768833,-68085.65009896827,-83203.27366619796,-39803.55909527311,1102.4522110136554,15066.479593249802,10830.924691736438,2670.929507666863
55003.284894052995,-85339.08985457849,-78590.50277070024,-49104.811284925585,14199.284974843675,81298.60611554177,79803.34015309022,-4394.467646853095,-78833.80669642147,-74277.23423661753,-25161.52737301019,10919.522331443217,18945.920404615754,11621.49194606929,2638.647576789436
87340.12976844948,-81275.96129056644,-59243.12824126784,-14633.532796040914,39914.956490640754,73471.57033611368,47660.716301106484,-28584.131927954142,-78104.41019972236,-58253.50027272194,-10399.63274458549,18009.9146026487,20635.660009496136,11406.136795185688,2351.6704411683013
104730.77719802046,-67258.09073078405,-38934.74335985932,11488.772073201886,53633.23159576041,57501.02742626162,17060.790555877065,-43132.86300420904,-68466.28853117743,-39965.43067759803,1819.5446491134508,21956.582607423396,20426.4845702304,10378.67012503647,1873.1079806841328
107066.16006790272,-48290.26282297385,-18981.527877583325,28525.05150139757,55256.95211395587,37482.65292331402,-6428.620473296794,-47660.86330770255,-54242.30071909946,-23208.285407381853,10413.396514536273,23198.454510849122,18870.824687179975,8817.569198716654,1302.3804810742627
98907.53697913894,-29900.792494861515,-2207.0802345633615,37398.418360245116,48234.48246677532,17811.091653057018,-20887.32330635293,-44716.25440470166,-39356.55594393166,-9901.359884768253,15561.328460320266,22554.121778842567,16553.604243554004,7013.660975011797,743.8600834840879
85703.35094545936,-14959.962294074141,9866.043214076502,39841.12486943318,36620.152851209896,1590.9855685498974,-27134.66116617213,-37724.37862780988,-26263.520838903605,-371.82008301048677,18052.777881920578,20824.09463072551,13947.655827150076,5215.78760545488,280.7917122214676
71628.66807996902,-4267.470958990514,17423.751002642093,37856.317348507,23579.272181535536,-9728.337945863184,-27352.600691832587,-29605.474332033515,-15930.048196084223,5945.179643971393,18776.093814562108,18614.931463393557,11375.986118637882,3599.529198053521,-43.32835372794638
59055.82874209564,2596.4523832567647,21688.50941548675,33115.41570675895,11079.390268371648,-15970.550796557018,-24034.20666598332,-22219.41965681342,-8278.370329569054,9923.547406794049,18485.375633326617,16336.17481218603,9037.818219937455,2256.322554962402,-231.1323994896008
48884.95716921076,6880.9061719017145,24065.649862760572,26518.032039974096,251.7550605004457,-17704.942323250576,-19381.466807444573,-16353.802179860912,-2700.305774838821,12404.457215456652,17746.959252878125,14247.251413449787,7028.3550588635335,1184.336676945665,-326.388751074568
41190.61229108885,10422.387270692334,25311.109625159283,18234.5322672454,-8041.607780602143,-15952.426937552147,-15044.103185101778,-11993.020115809193,1548.5225155689427,14077.051475726756,16975.222932550725,12491.426475558208,5322.189659144637,273.60917632443795,-401.61478052177273
35749.66348002935,14920.094914068883,24869.071442589026,8332.710656453792,-12902.596199988557,-12147.349063930153,-12049.64750910683,-8651.89694539806,5174.303325032791,15521.344558384844,16491.15719487279,11082.319465242344,3717.4117679991055,-701.2778592074399,-537.8718324144002
32317.619411014868,20287.929738758583,20887.95502069962,-2147.0164294065044,-13594.943562928605,-8244.895248337682,-10869.706518817655,-5592.776631426772,8885.874519569747,17300.48064489288,16510.5682390699,9787.779236149097,1751.2416915540555,-2044.76820578599,-788.8985734772593
30694.11317805891,22851.157207704637,12182.388672830582,-9998.171963128032,-10614.971981246217,-6995.3838324005455,-11396.3563096702,-1777.9486494019186,13503.924653632304,19926.140287226222,16926.996726573634,7875.584684305347,-1317.0167801296866,-3975.671829339017,-1115.1950614158063
30528.85607795676,18597.19229370335,3418.248454792492,-10857.28118908,-8166.145968554853,-11488.20285312088,-12363.117282802716,4193.970565006277,19770.865463214097,23456.584766961,16809.835432997843,3935.261652412683,-6126.7282055254545,-6225.06129517874,-1298.7977414314823
30911.22977494974,16292.751483486956,5898.316189291066,-6667.479153771842,-14685.192473406145,-22071.589429080064,-10869.099301735856,13392.01483706971,27567.602571562224,26742.931820051366,14068.121650605566,-3451.7339292455604,-12123.347448286335,-7626.24256098538,-969.9461870564777
30362.687138844725,34318.421374024925,19580.858124759332,-11050.506637564951,-34508.84344621532,-33032.96592977947,-4046.7554087939593,25087.1404546474,35102.305806222685,27209.363822414314,6467.2231695954415,-13769.996843603234,-16704.13482686115,-6604.4845073829265,82.64920956008802
27875.476013863852,61158.54454402523,22089.40446284187,-33024.14224141477,-58197.24898277366,-36335.98296430232,7575.2657025539065,36194.28199442281,39318.06649452037,22229.754825010634,-5967.088847163798,-23353.170206462873,-16619.918511290576,-2750.262041041126,1565.9478156347973
24070.268407164735,62287.41239966338,3031.996523193631,-58986.27866146237,-70979.99611767476,-30369.412051449086,19402.691648346845,42825.47317029288,37617.01889060144,11324.721436631453,-19633.90599187124,-27302.417507096445,-10917.661463529224,2359.917848004875,2807.7229087513874
20814.448705705556,42797.323823676044,-17288.5501552125,-70936.0389440363,-69446.50893843039,-20529.249300835156,26816.249644168773,42957.14229959402,29832.842594061272,-2536.4830100331083,-28880.469624607904,-23268.684790711144,-2274.9240748101774,6154.453937374988,3216.001665326678
19107.765096083895,28604.752566009964,-25555.403786439616,-68910.34151391312,-59934.08261075617,-11256.292553343406,29320.83366013685,38203.22552751558,19202.150773195553,-14097.907024266131,-30209.385505056474,-14063.78195697371,4690.510298138664,6982.796640153469,2684.605438291819
17911.715400507248,20464.652161912843,-27225.350935089715,-61235.326455821625,-48217.636416327536,-3427.742979400803,29360.99297907902,32188.127626474583,9819.490233718445,-20456.835837635957,-25777.413871435663,-5222.743214900067,7646.434184583729,5605.017144524766,1743.6055681000823
16806.56990649395,14961.614456929816,-25946.482614474135,-52969.83607895129,-38137.563039009605,2075.5366447539814,28087.84474453726,26491.851157843816,2521.310759911193,-23176.49403008303,-19695.171489964563,1118.1050230132862,8180.154917309042,4014.5870285419833,1056.4599020204855
16733.37230101182,12436.921652665626,-23747.19165457233,-46589.56917698406,-31299.976595670672,4528.356314872804,25101.667957473146,20497.782350930967,-3666.6887642600213,-23559.971347455143,-12791.181300640636,5922.592533374746,7800.43234378566,2808.919199410101,728.7406822253814
16238.438416812385,7843.663954535111,-23489.54793015536,-41691.1997430334,-25916.431177703897,5448.544380345379,21290.307303676764,14771.411755921845,-7975.569109565984,-21009.54187735738,-5463.2651409269865,8604.56956071889,6094.097402908102,1431.643295183504,470.18083030147966
13468.426063390663,1322.7150114603123,-23798.589828051943,-36644.83914179896,-20368.19518513018,6542.119461174818,18231.747985601047,10563.70545425166,-9849.47099574556,-16672.638226208288,112.4496049804774,8506.383042432717,3514.6958514646776,43.26688423793303,188.62938773942216
10457.764044004874,-1769.6801870736585,-22435.68209451199,-31681.734778061546,-15494.88367062453,7443.076390485788,15808.859615427042,7421.036802081028,-10578.90548307772,-12476.871270588113,3486.43005406314,7242.153578353407,1539.0083293605837,-729.3130954155525,16.228983986578044
8795.822956995915,-2185.5996393968694,-20494.41741892455,-27590.416410332717,-12024.3909176795,7402.387402734554,13280.12013056545,4643.0118975921405,-10740.265612365303,-8372.186206394923,5937.682135221569,6008.700136515051,338.8931528085639,-951.6558297198683,-11.833665961103918
6035.882017041556,-4198.217499172952,-19393.019412187386,-23855.599045393985,-9048.847321989164,7136.999877771843,11261.868757591312,2823.7232039390624,-9865.836892804391,-4045.0605225605254,7443.612195611758,4198.075129923752,-951.9189517786027,-1146.6235250156014,-4.601292491126188
767.1962424299402,-7341.06145913456,-18381.633248156486,-19779.93330050611,-5669.102269208908,7755.851629799731,10642.084910574227,2086.8605100380296,-8404.093850711379,-319.0425175195187,7227.71026777442,1544.2092803789178,-2477.9401996446004,-1476.5271515660313,-40.81058615357783
-4226.018059273634,-8234.073716537687,-16322.100581421091,-15548.037138828206,-2119.74420123649,9168.41864540152,10784.983408945096,1214.401871645806,-7103.658732798841,2302.9310662547805,5711.26130094212,-968.701859670964,-3575.788366166396,-1672.2082437960141,-87.86568361990724
-6424.638408241597,-6407.721481570766,-13349.78307040406,-11561.444952317825,962.9210748598205,10379.832306280057,10325.3388438294,-417.4887720673652,-5609.037304100791,4260.327383243573,4046.953480652768,-2525.3301077196265,-3856.366042284977,-1478.4528182518136,-64.13496360763008
-7224.795515349978,-4202.245788495515,-10106.3547869592,-7631.504240934445,3569.3115972297,10985.449813383437,9040.072460831583,-2051.098091129166,-3219.502659885721,6037.852422189382,2621.787408719504,-3455.3936237030443,-3620.8028127639272,-896.3291154165455,78.06064083289618
-9233.788187881732,-3013.2731700270874,-6629.507659969676,-3136.2328478274035,6359.106576535019,11409.534940882799,7271.31485564762,-3077.6987663213345,375.0772146232895,7496.120094042127,792.81019054856,-4584.689524969245,-3338.6506336443977,-69.43475197965381,320.4336452702607
-12046.049636128271,-3993.22965385997,-4363.81233588717,624.3679046242448,8403.676384278293,10652.467996709584,4322.898632522617,-2876.496529903976,5210.000906132617,7676.539699723133,-2013.7900037233549,-6059.755589152609,-3024.190068399869,889.2030141011126,576.5627546321358
-12577.409475392757,-7036.196895241155,-5517.662471232108,241.02774632360456,6670.739512458473,6897.530213641042,887.0978547632687,67.10634311255629,9798.912968386268,5653.974373851443,-5091.067613377953,-7007.124755243042,-2253.2105547588094,1817.3965591206904,688.4310702172035
-9713.266803253677,-4002.460275780249,-4712.611316435332,-1535.814438206048,2998.720014242564,3044.70065515976,448.35503844382913,4981.9142690991675,11324.918396958108,2194.6926040795006,-6920.017476984596,-6583.074280670096,-957.504596215223,2304.2813855185823,508.3438419307238
-6636.256026943413,4698.770535030762,2874.269366468851,2548.749499467231,3942.1078339155165,3943.527225268382,3901.5714080779812,8669.776449789806,9383.146750611832,-1226.4440217054303,-7531.339803092973,-5515.164978499018,122.04065502462137,2163.010449694858,163.2886769156721
-4650.674476966292,4641.464977702004,12057.105837313458,13828.277742015985,11770.671732291765,10324.480296722066,10437.62710904102,11576.618160148555,5744.404106738208,-5497.835902348933,-9326.050357703185,-5499.587825589378,934.7451617639015,2352.683860168295,98.9935132858111
1635.2152862334024,-13457.321231137801,14827.721001388929,29084.054280253105,25609.102491156053,21760.904267559792,20472.845869464578,15028.888304413911,363.85228418734505,-12233.887873519112,-13459.895889161045,-5945.900175783305,3271.0660879744714,3853.7420944178907,420.6881275144917
12119.832100009355,-34700.15492003449,3452.630732057963,33846.58406800737,35367.30763790768,31128.72707053302,28004.46155399664,15571.713478061087,-6356.423681548855,-18843.74244992929,-16634.321524726016,-3943.49106608324,7326.615435231814,5177.274762626817,497.02281684919967
13331.56169441234,-23262.686444109924,-3159.929945622474,23784.757012622365,30389.133967165995,29192.640319219667,26264.913148896063,11442.482170659414,-10903.232986832154,-20448.155290934053,-15161.195229728597,153.99313252311785,9126.872873904404,3989.488693295583,-98.2901875840829
556.3249223896303,-3355.030296027234,6809.019253634331,18840.875522250088,22198.730586663067,22204.23814513499,19356.128689076042,5665.477877480343,-11600.553189234646,-16933.449183105964,-10883.585617227951,1815.3059405629517,6251.321133050264,1235.7306520308591,-795.0088622790724
-8413.905879672582,-10803.966522798835,9548.544692313119,21940.178532433933,21947.645241190803,19568.01554925936,14002.839569675254,901.2554756141918,-10946.04985243105,-13075.050056303306,-8323.86037985387,-37.17935469940067,2520.065582240639,-87.290913463901,-870.271107836397
-724.9159664829864,-23441.41293957036,1850.0013706255133,22050.688456235694,23713.1257387712,19939.688885615018,12077.923810987622,-1522.5059060635674,-10953.569830754044,-11662.241519197984,-7509.520656930447,-724.5948344976894,1985.350566960903,438.19750702698457,-471.8434269822804
10467.516215462694,-22134.561630906912,-1660.815207235526,18796.579277056597,22103.103653421218,19603.36135512389,12485.60251909861,-1513.6130615535012,-10991.92302457492,-10930.471341681525,-5047.386415472558,2036.7609568472237,2894.7283279330386,711.4659995104859,-220.92776777625193
8876.047829668585,-11013.969775369396,1199.3448705784126,14888.93265241416,17832.182922862066,17493.19783505106,12371.884419752007,-1310.0758344718233,-10522.16404047048,-9093.625212381747,-1020.8137184335532,4344.061974834838,1914.324014399676,-124.44267231677804,-288.2180950583995
271.14750293527163,-1192.5564692295445,7838.077255918453,13665.038791047727,14612.88283613623,14939.487496990556,9714.869778131604,-3462.05193779316,-10606.134559947723,-7500.528664172655,666.0037926789767,2962.039664724212,-123.37414174586041,-768.8464527815099,-339.00433808566305
1218.8800128120054,-5966.160304784931,12258.662472550779,17332.34735397713,15988.086179716098,14181.449901645714,5297.306820801875,-7959.782149241373,-12098.8493533008,-8056.89387475423,-1551.0507250837454,333.123473944006,-170.21781181435915,-89.33411167484013,-98.05891003878122
14190.54962258167,-20489.097669393737,8161.946684220813,20577.48086955965,19629.14336118985,14846.81261019155,1277.8711122711572,-12150.16975517567,-13857.593740697801,-9935.53015520866,-4491.228100476548,396.4454650716596,2148.9244313550507,1380.8231124018055,345.6072961807244
25689.300154949746,-25101.94268007014,285.3911803319478,18207.304059575687,20264.253125691586,14638.914582239706,-772.6704667199015,-13301.4557942359,-13788.318179917045,-10492.656561964455,-4619.04258146747,2852.4668697478955,4221.090200926859,2326.2207135887543,699.3924061007996
25422.513561817625,-15737.528694876864,-2515.496790355335,12912.913266946578,16934.98976502438,12577.155042967992,-1061.241886607844,-11329.55475149371,-11363.957766343196,-8514.87065041335,-2413.676918855153,4126.626639279527,4097.238235238616,2190.89077940496,771.1607354450648
17578.401134842636,-5196.757393147044,207.26915656077273,9063.350752698154,12418.120250024711,9361.442866594609,-1241.2914861353017,-8594.34602013037,-8022.7061596252115,-5347.932831074045,-1219.5789356367209,2507.831804822611,2543.7403527350025,1459.7987089523679,581.2564580583927
13379.477607664714,-1335.924600421038,3009.5722810572415,7644.710527214588,9859.736609060323,6797.787196837654,-2148.4344821407376,-6970.042717964087,-5333.558021030549,-3532.311232474921,-2892.509335440267,100.61936360598781,1563.358406101158,854.9000855341542,275.168575289225
18662.548419029074,-5107.0186741573625,3396.6531359451124,10128.24609797598,11657.553936593626,6903.588458267842,-2791.6481787477182,-6379.843486311119,-4357.547667382249,-4935.2327974757445,-5319.219213934347,138.12209761012627,2217.5197772678243,766.488971799449,50.301972560747174
30170.195944208892,-14444.415276574528,5761.491701515566,16237.193496360358,15424.196726991438,8211.902436272825,-3468.9379681430764,-7290.178737865226,-6723.671958804536,-8695.556623655264,-4073.208590250698,3605.4985620147595,4116.835171953,1352.927141233026,118.65203942259325
41929.81330762402,-16387.9664892528,8552.579814086519,17191.06634514467,14975.394031803831,6060.166183111108,-7726.813779844071,-12367.143776233039,-13210.893012080605,-10419.33146648889,2874.7743861928457,8603.783283009401,6424.114484154469,2683.597534958617,525.3266579338731
50755.418133143874,-14482.860795742026,293.00421308537443,13335.835369786771,14340.466033299705,1880.92074049125,-16339.944344401114,-21628.386500707467,-20421.44117355041,-6683.987994127343,12064.97510204803,12681.615764132457,8736.522205576637,4245.942874259737,892.2161335038345
51802.73773311608,-27417.377558016615,-6281.564309097811,19892.622944463517,21791.485465987786,1042.0055650866157,-24529.836846316583,-29859.349088243736,-24209.21176100714,-1149.5515113878937,17682.063316934837,14928.124353116375,10374.068884107053,4398.718758523644,605.5970659258312
37178.04373144484,-39737.93819495328,2440.5583289400774,33123.08957869426,30204.628142473994,-471.9650102942477,-30996.39517209946,-34416.006216018075,-26388.937927894513,-827.961194733734,17597.36217682045,15424.210952546315,9588.503614555104,1693.3588874351342,-394.0879051202021
10477.417494401978,-41327.262643111244,18126.87745733186,45733.42498557539,35990.34273365642,-4944.096072599838,-37661.443910471826,-38106.281130999356,-30631.8178033146,-5585.155037738669,15118.635998299005,14527.935527072907,5663.653769116229,-2681.004682614089,-1340.8260201067055
-9299.061692865467,-19203.342004732975,40382.206923653765,55867.240264312386,43057.00689808108,-2391.0490100333764,-39111.527097853446,-40387.90713093514,-33814.70100465247,-7264.939675633826,15128.189193546998,13589.469492795404,1125.981665436474,-5781.878063509344,-1619.4319753521436
-10650.22396951111,9354.081212573361,39410.98805133454,42394.21154090125,38083.17213939507,5508.322260166651,-30740.173359274053,-36857.31927695766,-29889.830822335392,-583.2997176481673,18846.64904788665,14096.052201617436,-938.0257291538724,-6463.307310700707,-1435.2102276042538
-274.7519896907938,-4576.660286082553,8608.371800748218,16764.77066734777,19802.184294995976,4012.7824719421387,-21722.939089470536,-29450.993168686313,-19753.118086559345,10485.342961458437,23031.826556298667,15603.801586158463,-459.38216356902666,-5754.880294834254,-1183.36523337274
10527.852501081392,-32475.38601259632,-1318.297725311973,17318.379081534003,13222.208947124473,-4464.870673121253,-20855.061370530315,-24260.678994587655,-9338.750646837967,18824.60804657734,24234.053404970364,16325.628008053105,665.0175860593221,-4687.544809219301,-927.2202863378457
13108.52696421529,-30734.563686411606,20047.27490921106,37025.28916206014,23741.743659200067,-6959.759626303896,-23677.837041704795,-21926.563931913184,-2165.165522378046,21392.0021211711,22040.739089498304,15289.025447637161,1020.3388804858723,-3753.7628394531844,-675.9384376646532
3019.419695338936,-6766.285452888655,38069.74377079142,45686.684859640605,32807.25742438681,-3704.456261090155,-24123.11235632879,-20063.82426311404,1137.893401530312,19385.284410700286,18175.614723915252,12633.515081364107,20.65629444523381,-3293.8621936925724,-548.0538592613357
-13045.610556453452,11061.474442709221,37336.70242856539,39250.64500400729,31594.671817333307,-2098.9759182740263,-22828.454012889822,-18614.55132976865,1078.7717036787562,15570.323806289434,14333.049171761695,8765.330959957379,-2096.8208602829945,-3125.82815134861,-527.2078880812999
-21917.338192672774,15146.150214203473,28211.094481634864,29201.03735026636,25446.772398875688,-3386.178832698205,-21817.92063274914,-18278.607868429768,-387.8886437886027,12724.656358365757,11596.407313815338,4585.3351352915115,-4113.528281046184,-2725.994905994361,-476.4397160748146
-19193.72842964717,8206.209473553652,16180.7386132214,19210.827151238893,17866.386739896698,-5769.026586777909,-21317.797032679442,-18575.683175244034,-704.5185224409754,12565.475591739987,10698.683759133655,1455.7096328181908,-5146.27003770695,-2126.8394835468725,-409.19667882149747
-10366.31948651313,-9583.50949158346,4484.026244246414,11928.583429163717,9068.187554574957,-10333.513139450457,-21849.574809229693,-18826.04610670418,1226.8623340580932,14781.291760717333,11509.64847256824,-180.25038713400488,-5481.877026850987,-1701.2334408065271,-422.5076950235918
-3135.5915023910666,-26710.142531051082,4356.146800467692,14767.939989982258,3500.1505631022396,-17018.486640803356,-23915.477067305354,-18581.70516004054,4701.211984274751,17486.130677215784,12827.512513842814,-896.6578578528099,-5523.754455915691,-1539.73975855334,-508.49054532591026
-4695.423204600275,-26505.970907797782,18870.268951677393,26995.762788089974,5777.187912847646,-21539.90042933246,-25990.79224636704,-17154.808657102745,8337.186566652716,18918.690319551504,13587.500265019966,-1108.6109947225868,-5545.733794773283,-1741.2658617724592,-648.4628096253656
-16836.25113331617,-7873.243843333959,34049.11844688272,37044.82734179283,12788.05201547506,-21125.82480824768,-25744.728987715986,-14043.533079151539,11000.117070612305,18662.53969351917,13736.36999471362,-1346.5947072254196,-6119.543810875317,-2477.770490975607,-883.9843051870746
-31422.957554175333,11338.604997727309,36379.70942501728,36681.82146478018,16307.36872161215,-17674.27956433809,-21994.38786824017,-9297.67485480578,12456.059624265708,17476.779978944334,13270.759393314302,-2546.449466297983,-7137.010224371003,-3409.0080916284755,-1162.8496558206314
-38248.96471747623,15772.912206883628,27023.44926052672,27272.088982553898,12600.400924386502,-12924.873887862224,-15492.392628346892,-3820.6675705851426,13070.570046242728,15970.889279244588,11522.732900887386,-4449.827533622778,-7455.753926891762,-3827.422714839783,-1304.3016179726399
-36038.683576336996,7051.952124803193,14213.654621451271,15321.143823315953,7000.622608589194,-7644.796428333526,-9464.062837551472,434.9929311823531,12940.656611085404,14168.911015235943,8574.005075915007,-5716.98155991444,-6658.969912480287,-3566.693684348905,-1239.9662419376332
-31017.92819127779,-2462.6470877057154,5274.313033208569,8009.078303050273,5286.274383360674,-4246.764297667794,-6986.828700344799,2192.4848844526628,12611.994211699452,12737.23786770058,5373.583854161561,-6484.649423185147,-5737.43952961098,-3211.441023513878,-1141.2850368293628
-28709.732922583065,-3213.799375932497,5590.094702806718,9741.739579841755,7478.777351718195,-5537.821549053367,-9528.891908212541,1436.7517881318015,13223.899575238936,12575.105411958926,2071.5944230458613,-7923.131592140119,-5684.479136062736,-3342.486742795228,-1127.4081494321733
-28371.696631491523,5554.088239723773,19531.339152795113,21995.02320925654,9891.544731223581,-12929.034788642555,-16439.441523658734,109.01363511891813,16287.153759657785,14558.456784307682,-380.1082150202907,-9999.793213992109,-6775.834492893397,-3672.838148948113,-903.9364636705186
-21604.358084905074,17157.078723754294,45702.39908669107,42922.169007533645,11919.355660562192,-24203.735428036973,-25005.76973530515,2458.231930242036,24415.942997054615,20700.13172324971,-1.701215571999711,-12320.165304670236,-8546.489626992203,-2906.2827826867674,-34.99805512333273
-3350.394468127258,15481.665241218967,70767.09517934987,62769.311584202886,7114.511549962044,-40529.512586220815,-35555.429010695545,6940.0927712700895,35370.749098092514,29202.367686569425,1406.1928260502195,-14774.707508149259,-9493.918451310485,-275.87435376516834,1220.8286357637176
13274.50781806032,-10195.404180326916,57329.349532321205,51107.17710814128,-11818.226927001557,-51929.79879585151,-41963.04799263211,7612.3401777546305,39645.397918951465,32129.332295471086,-313.13797137553803,-16192.340442082637,-8404.022791109799,2627.635458058771,1894.6532854370494
11677.37894082912,-12446.318347640336,23046.635120557952,20845.053682249407,-19276.941838085073,-41311.59217753648,-34334.224691134164,6331.918586372066,34021.08259026955,26349.130462518722,-4830.169196605507,-15492.309484384914,-6298.582313874891,3506.451123022609,1563.2524283366706
-1762.205047779335,3577.9707341213652,10820.799258942005,10127.739518954446,-6593.095174025432,-21220.65436109849,-19640.22104718814,7363.373905338573,25717.655389283893,17758.71739654148,-8699.885161229358,-13735.388897287114,-5030.061888358108,2591.37489642627,870.9164651458359
-9384.621611929797,7697.881011709347,13431.654993471393,15250.442071936319,5907.293693075176,-10161.099044024842,-9274.383587814058,10120.066879013377,20440.06104486539,11692.74060372982,-10551.803456247097,-12423.56550822315,-4647.5755510563695,1760.4512367830362,475.45222654642316
-7452.006892771012,9117.152954745805,20002.912452900622,22846.815649994776,9014.730612942294,-9529.51891162648,-5069.412512409301,12951.131795497688,18196.09552522329,8493.499907873465,-10767.693466003579,-11330.148563813744,-4041.0587874603507,1597.786140339423,336.8940605961328
-1037.306636824056,12789.214938480947,27276.34487151954,26641.038346482765,4071.1797305086407,-13989.302438384875,-4947.552163153396,14411.154543907884,17035.247234572555,6797.010252953618,-9663.043496747468,-9612.460142437298,-2766.712951854187,1574.8363631832892,223.0289048433134
8134.6376365246115,10751.464307927674,29660.41554317834,24611.52829365836,-2780.5966681847294,-17225.24891314707,-5346.620774759613,14466.970664307719,15899.40941598877,6070.010028759335,-7629.213581248178,-7245.826901359034,-789.5368556787311,1628.853547328309,157.61442432931938
16537.042408834583,3785.209306909517,26212.903914761064,19596.033409547283,-7551.0381798366625,-18028.673334582007,-4643.731288383968,14345.360331236978,14991.017611115876,5943.587887741835,-5665.81731412323,-4758.597259475062,1745.9387000072952,1839.0876649506058,200.07396473635873
18541.13463532833,-5159.024025056688,17067.15463221944,10939.670004102078,-12762.58164789745,-19020.021235793145,-5200.618284898748,13224.459836596137,13793.794918444839,4763.183932868893,-5158.229767355219,-3045.2593634331565,3765.7823357195084,1957.4669812805678,318.89488459842084
15213.37229798647,-7390.739391324559,6075.176404192236,906.1377537324178,-15743.734166309772,-18470.259394841934,-7336.556047782448,9961.83065208135,11108.510127801448,1063.4194148219203,-6658.111471208012,-3007.691065509121,4281.26594090464,2018.926882610884,518.7892317078426
12042.747691295073,652.8237040474482,4414.102220799567,-588.2904031602527,-12267.991598601224,-15085.510799182419,-7993.904798282233,6519.098848816656,7367.413632203827,-4114.782367276723,-9149.068670999563,-4390.0010801554845,3845.9687804570594,2282.926199527162,797.1937106801975
10289.7534192518,7722.699847378117,10483.61734465509,5904.144948437693,-7368.180672190462,-12352.84008318415,-6056.283590740636,5293.373860520734,4359.262248632486,-8275.345036287401,-11075.47695893221,-5649.347549828501,3665.5818292586478,2630.8919276395864,1063.2664899452577
7531.083395763591,10223.312361917197,16222.899002493534,12235.754213210317,-5636.165008476061,-11548.377445004526,-2996.9314715245,5991.757831252244,3104.720838650809,-10045.140699844333,-11620.322208993659,-5457.758785806805,3905.1889432992393,2641.84575787214,1198.119132622326
5384.082220513374,10361.12948696152,19857.9033956928,15167.506527545418,-5810.155502951067,-11075.715719499778,-323.92197597778613,7513.9660967057225,3490.007239555975,-9780.77852580454,-10946.176569933526,-4156.78639105168,3824.980138775394,2233.461293062289,1161.2533663883105
9011.206250605674,9068.262083270052,21283.25264652036,14648.537073839647,-6832.931304953225,-10686.966342505457,1789.3673586669877,9388.387871665818,4623.719830033485,-8651.95224023088,-9838.313158022836,-2969.2718999264725,3380.5918068791384,1827.8116709387427,1027.2920873621956
16859.36204013218,6595.704320013064,20199.571687873267,12074.123025154575,-7359.581403971915,-9528.347746388501,3754.2437863841787,10725.076579140092,5657.826823894955,-7197.710861532729,-8457.40042111162,-1616.1010167914862,3171.8867115714634,1627.4298812418674,909.9495738196542
20937.877478953316,5413.614687587319,16683.693398111693,8968.14105148558,-6543.270543909684,-7559.6962586535055,5836.490719031806,12203.055540664598,7614.236219083014,-4280.924089952245,-5478.36376322008,1143.6789796128742,3015.3491443745665,1403.9164387726125,921.0764386369117
20906.837072953964,2952.442919778592,13683.27901039401,7394.3461870938245,-6501.478704407537,-6071.900071365177,10394.920948140867,15702.352902659382,11695.078170269238,553.5308622641442,-670.1613839673922,4823.035152231229,2730.065548207799,1411.4520969490172,1163.029599886022
24610.70451974893,3785.037647570861,18670.605593634544,11581.919744288665,-6141.369255179304,-4068.9796880759127,17032.862020150456,20221.06088082713,16297.44038728778,4240.425677546377,3010.1593356922817,7853.8609962921855,3321.537534221542,2316.6679829823343,1487.0341222472762
30109.805742620658,15388.90338765798,29145.998376151605,19533.362928853094,-4633.147131312606,-2277.878285105233,21730.305502284646,23966.642825412036,18708.065508115025,3374.6239776210523,2860.084980076911,9494.40543808809,5213.450213935809,3616.7565002324554,1420.5265228126195
25917.233944987456,31067.09502619301,36790.87506812366,27712.403169764533,-258.41865102207623,787.9082123348311,23443.428354627507,24937.135675581583,17329.954392471773,-822.2574875248852,190.57959402400894,9589.498562123996,6739.661032521928,3763.2930972377553,842.6852578111128
13245.016715327178,29473.853238179603,29014.417520758245,26826.194370020366,5582.460366860617,5192.660365453266,19534.292026664283,19548.904807247152,11728.264569101182,-4134.700587039985,-1696.3880465742757,7931.139988639891,6013.568477333168,2493.7405974542303,341.6599527193782
4751.375169325406,13011.747782655622,15326.41463792367,14390.618846688118,2859.056766902899,2878.387419308555,9332.053019993637,9635.58880958865,3557.8643219239702,-5259.1729350992755,-2235.497778835985,4635.134491120246,3338.287152559324,1139.7002177992813,361.3274760569097
3343.8470607510585,7265.936870022858,11410.166708250072,5684.071686624437,-4151.261483640478,-3319.363800612375,2103.710673462282,3205.915461774794,-2675.1333179717544,-5726.631300876709,-2967.6710297930476,1229.5635188767974,781.7519323487041,510.1785345522608,605.652239865258
3079.4306428705972,3605.9611847010265,8133.582290050454,1098.969670006168,-7098.8803468489095,-5504.348419771045,944.0510554476504,1884.353344633204,-4394.818665815728,-5857.400167900534,-3594.016767166639,-93.78061849808063,-100.98601473964814,298.05279581453584,626.4411039329834
2826.6297374261394,673.5310119320297,5454.5116375837415,-2879.237017910364,-9313.829556267428,-6855.289781888502,681.9686769863863,1890.2465223012916,-3798.771574374628,-5335.878935253031,-2813.7130693463505,970.5429782589455,533.8670918892024,180.05162329476116,407.9574209994299
4958.825789620831,-2930.6684881568326,2948.201729335684,-5384.019481566099,-12146.36099587326,-9110.115946857251,1160.6298314974283,2596.1122728501346,-3302.4298448351997,-4713.548612872212,-1083.2528490935001,2650.730397510466,1539.703219364733,153.49836026304433,187.63551815616574
6958.8416415392385,-7400.364585667081,1065.5420205494813,-6727.7555023770665,-13797.806021139852,-9822.667953514248,3044.7880224409732,3767.1546988693494,-3514.2129682777413,-4579.088455237454,10.07252428874233,3371.004045809506,1987.4287862219792,153.9120949905158,82.94539879843416
2848.75161948568,-7611.078776711685,1681.5819512203727,-6785.762079004753,-13800.592449402779,-9186.255569075649,4205.068503265809,3819.790727054509,-4577.821247602813,-4977.296294305167,-218.69713616346212,2925.3024127372464,1647.9856342640198,28.33821054090788,23.486910364158973
-7203.263180347874,-4291.129973403691,3857.0315051263055,-5765.71855583226,-12972.10740292001,-8217.257927551782,4355.298349203024,2825.4872873389354,-5782.149867792726,-5309.681503475007,-1024.1393625905791,1906.3987653123556,824.3129698629532,-227.9220715765025,-86.97457747680406
-14607.555290221633,977.1588909764693,6441.624453055038,-2581.3113275636815,-10168.24574586925,-5707.448497850609,4785.970342555548,2241.4453389858613,-5663.5207329513405,-4680.425620061157,-1170.9033421852855,1017.7877529018465,160.59249390434974,-347.84504195989393,-218.4726491481449
-13952.175855952226,3619.401695745113,6320.110688594116,1149.956702501008,-5125.811128296987,-1809.0476984671361,5289.21047667324,2638.473617093533,-3813.121819725682,-2822.708061547642,-99.13651988842128,788.6844654132824,323.0767373221066,-140.65359146112496,-290.70092458857266
-8608.787443561323,3765.6710384905373,4817.2294527174245,2590.3188893857,-1364.470609158825,618.638081859819,4998.536233784451,3171.083162363854,-1630.2291647909851,-581.6418008286101,1488.7384405516016,1143.2494453604786,1138.1512478864543,196.04971846319495,-302.83192920085753
-2445.404930105179,5417.49575472521,5247.151877160004,2774.3453484377733,-792.2359561251892,752.3275586345742,4446.939381152259,3151.6693541103373,-638.0745855839255,702.5193051699719,2231.3775058368497,1279.5491329945783,1636.2310502229575,479.032533059976,-289.64313346972455
3283.063566980212,6007.21196770695,5656.908670363264,2149.75960382942,-1738.3290690949473,436.65280198349615,4347.323542046605,2899.632632347151,-990.427720295497,352.46187295562146,1582.8397581512918,639.2941980279827,1282.1515030341443,671.1315897241598,-316.45921423612316
6092.797791280788,4533.349609540008,4881.517703962501,-116.25941082301998,-2937.048911474861,319.6837497162465,4270.5399671873265,2642.64641180658,-2004.1844186446701,-1093.8525180672127,417.72393287890065,-322.8798949777882,324.8288925440586,582.5727857608787,-485.782744601188
4205.680128941555,2340.041727498093,3754.03088937107,-2192.1945100628145,-3851.4688947817644,325.2597498376858,4244.428555152338,2365.2729311691555,-2986.379765826533,-2376.488917742379,-56.87697520093843,-784.9550544602607,-632.8672079674345,122.70842254383581,-763.2280065852167
1080.7723384127162,1138.1544517729596,3804.5942720033404,-1586.4876571518625,-3685.137259528946,1293.5380395641787,4800.836762148662,2261.097332000018,-3094.6371654061277,-2291.452669128682,458.8338127831952,-376.04463121293657,-888.7942687888269,-333.4033845300821,-918.8131104715228
1220.1118428619511,3701.8502413965716,5893.735712562383,1343.3271758077954,-1626.0348086484726,3293.248599789476,5073.118525978354,2691.7511679373506,-1488.2146800591004,-537.8871473377923,1452.4173425564727,726.5095886803034,-296.67045460601116,-387.3115349708358,-831.8887315272569
2949.1272462434326,6157.029110309614,6558.493481025517,4851.578306479469,2181.2367096938533,5253.548925040841,4596.534466705726,3494.2351288024993,613.5130060625537,1246.0978562706298,1998.7427015515113,1605.252922374148,332.79456176190564,-209.82129329549986,-692.5610102395119
2524.660635506682,4432.532356771501,4260.75170837196,4724.121453261297,3261.713915560995,4122.0519288254745,2483.3184896006424,2503.1189799940485,1247.7559463062084,1194.3563781315033,1152.202403159226,1279.8986669078515,505.2860861669393,-128.53146132477642,-698.7498664573804
385.2158607372685,-1102.65569616484,-886.3815367414325,2112.6503552331105,2905.6623532275703,854.6574855509801,-1214.664519504723,659.213416714334,1686.8496947844878,273.5917340742533,-512.3777496758842,390.1835410250858,675.2645819332527,-130.8667927732891,-801.2887097663531
-2339.130099414505,-740.5793660673664,-1031.2627169407021,2292.57787856707,3304.2394891847275,-145.4744130080951,-2758.2585079294026,220.25265131216156,2135.1416691662607,-421.3890058337327,-1546.1680501791238,-63.76795138458468,780.5023130256769,-280.54684829981534,-877.9764938214485
-4735.370618005858,358.5975249801048,300.85352187098096,1668.6650857557167,2135.077644792205,-721.059223262698,-3008.7036528958497,-384.0436612343192,1496.3306981681985,-1367.865643041027,-1918.7370941225893,-377.8373789939345,377.49711525093477,-668.0002452864397,-871.1363993694318
-4717.025426405139,496.1373452291043,1115.9479684548655,986.6560294669243,1087.1796779241333,-704.2320556482516,-2649.616741664086,-464.3572413079702,1132.3581569906182,-1814.5868229194175,-1954.861831440179,-488.6473076570225,-12.952016446800826,-944.1357202231636,-789.1464168637149
-2608.2349059335497,-190.81475301276473,857.9241392617055,111.86512006071493,-5.070204157941646,-127.26381955088888,-1359.9705745511048,213.08046730125022,1443.4327647293878,-1215.745032552657,-1606.3025448435164,107.30309637266276,257.5695402417664,-867.5672318456027,-707.1423706848946
-308.0356567539613,-8.67047697183142,672.4300505153853,168.74686226534203,-454.77090046858234,50.20786210820779,-565.4777285159367,326.82195027962325,1559.250954248544,-671.3562957419174,-1348.002675298321,958.5589557346367,866.9840774477105,-733.548158249504,-663.5702529366919
1557.021682229932,1027.0803618823566,1528.2969871615098,213.34945838064957,-756.6651678829384,7.021556739597543,-462.7960638579983,-281.540427455682,1033.773117019159,-938.7484249615184,-1521.0166616158883,1280.4495476598954,1136.9702386529589,-802.3776402795098,-602.4072768688693
1607.7666813046244,2291.4941520448656,2635.776289489583,-1239.1396348780506,-2076.4010156358745,7.267519904240714,-306.5547799318046,-1356.8806035619036,-287.3236753660752,-1498.6990645031542,-1644.8661333475598,899.8660001845767,813.5959575732007,-961.4305179976002,-478.7803975957014
-1202.1101665513136,3971.7704426047944,4184.706573575262,-3617.104795469684,-4186.249585002189,1093.2373400604813,1001.9344003301873,-2588.8917179950067,-2104.857940073586,-1254.632447144782,-1006.6651250123625,46.87555862373222,7.9836974212664416,-1015.2091551081096,-316.1320280447129
-2752.0410445420634,8603.955702747708,8405.199027582086,-5801.635771839938,-6360.17445756615,4329.335824936027,4079.928240110632,-3873.9810090309247,-3767.580894616127,382.1943377133903,486.94554391667253,-1015.0994536961499,-984.331769297929,-820.875321872722,-122.2930930905188
1361.656735546871,14018.539330741345,12962.129499854598,-8905.10951831346,-8889.808457531943,7700.9953442037295,6864.597755775636,-5361.484367048453,-4666.819880804212,2567.661954558987,2003.3302449999633,-1802.2894908247627,-1554.262043169519,-368.73484436549484,94.10699999128443
7000.910945864579,11682.750017586744,10913.109886383554,-11102.57086354437,-9980.701522022471,7863.621789772101,6618.738291691721,-5985.124377338864,-4239.637587668612,3661.5326045212855,2560.3841879158217,-1656.9603770715707,-1227.8007993732724,-24.725403547887367,241.56138657940983
7586.411625325823,6475.650373659705,6331.843835345467,-8345.344577344824,-7193.392855419896,5915.863826126015,4580.716719001745,-4623.835889547301,-2649.9533647923,3142.7522552527944,2145.2179652334426,-622.5837829668412,-419.9718100945522,-85.13816560706232,289.5609771270942
4424.285368191578,3714.810920839916,3729.794613623692,-4414.823899048093,-3683.7779899083816,4086.22639953482,2849.318056655108,-2677.1597754324516,-1267.2312537920754,1792.0824132569098,1387.4830622727088,307.4606966238064,86.85436395875655,-263.2772458678181,355.52472876087575
2745.90600763723,1936.6982039548352,2047.5377078729693,-2369.1264232570093,-1865.7056028827203,2513.1053819195713,1425.0626396449052,-1634.5965501241803,-1042.7961732292997,381.57756451468777,575.9123565470891,381.17965452394947,64.79617428032122,-238.41355745736206,494.84496561535826
2898.7643391855636,898.2232814120905,1257.0114833275666,-1375.2305469424564,-847.9223264998127,1471.3531904321694,483.043087033384,-1166.6915251287307,-1390.9984104820128,-647.5232260768717,-188.6727244887577,-73.46936227438232,-253.51498036599227,-154.35046389294718,605.6005185729709
1653.0163097816164,139.96501583853575,574.1748743481719,-877.5812324107486,-389.49838616707353,973.4073770322823,267.3232953753839,-768.6708304302601,-1381.2807792584633,-1060.9886813098724,-599.4959053072107,-302.7412998418224,-593.0062102243387,-252.393327841275,615.0342685039668
-823.6648448690993,-228.77567261612998,128.3518334166446,-522.0011322070374,-187.69037801531192,1020.9836789242773,634.8850830649985,-328.5639770653246,-839.8008147737534,-845.4985093472657,-389.39827186618487,-46.854328281662276,-685.370897366869,-410.44249304859187,615.2284129915779
-656.7542620528268,96.93778287244498,512.6073985129021,-593.8315329916204,20.69401317417676,1887.8706193018218,1469.7526090772346,-34.93461037310726,47.60364242256037,145.55684469861944,479.99116617505786,477.9047009889466,-284.1006729096292,-277.438285239033,733.0093149856958
2804.516389497361,1855.9156993159859,2096.5257126221004,-1406.91606131541,415.42755947134873,3913.4475432804006,2870.099154778385,164.9648152504072,1277.934534363003,1673.7238323497588,1526.4278656209776,890.6235157301128,383.23403338257185,175.20932705053576,902.856717508951
4826.615513050263,5422.851341278785,4771.172751617392,-1317.2934863688117,1441.9712047911776,5477.333372642272,3741.763768327399,266.08026633598763,1926.4655451633646,2463.8775176357776,1696.6749122438757,690.8681974071699,618.3019435567114,523.8154185210984,923.1349108691525
3806.192215294251,6651.930491685791,5448.305241658449,-945.7284951323139,1697.0317624801878,5237.844440837211,3299.0658862897203,-29.43276976887455,1607.209854546484,2264.4636492458385,1017.9407029747533,48.40362763951376,395.41553887223597,559.8099140846753,801.5984608873731
4066.7870526280435,4888.38740525053,4310.055468509781,270.5616952747606,2108.1089474736536,4209.454424442545,3174.8853599069644,662.6560084291852,1628.3160235278222,1952.7220225379792,835.0945943714745,-28.111249972466766,386.1098629805183,605.3770076299235,747.2306209002778
5542.122564025995,369.9939457986766,191.64025444547505,-735.5775053271605,233.61914525962183,1438.0839676710066,1957.6088373905664,1210.9295711760606,999.7713523644903,1152.7308649834492,908.3942137323423,285.7517991770402,476.82584124770835,752.1746697850286,770.1011675181168
3776.838037639736,-855.5407284529596,-1635.7071603883564,-2688.4685557465436,-2172.5510096792586,-517.8411707966943,-290.4544756527113,-220.041667914605,-745.4063165953974,-205.1129248689874,-62.50778262406004,-258.50205137817306,44.26608668248457,632.139685484898,720.1386157956026
-128.49701455139117,-1052.8500030568118,-1541.7020683111962,-1977.2440054934282,-2130.841948750916,-911.5938377275452,-970.6216694336083,-1259.1289683406976,-1743.472076775465,-1199.510944976844,-1449.9263092904798,-1437.1746473628548,-742.727580404174,239.01771167148416,612.1864719003124
-2120.1711295650703,-314.0676005493671,-1058.364670484398,-1332.7708042560985,-1442.2588094151108,-889.7787293273493,-294.26643993477614,-726.9362509176219,-1510.3860379631355,-1353.2039099359781,-1761.4748508268342,-1962.461261869054,-1262.2615366528032,16.877631775702014,543.185995913755
-1837.459996796112,302.00756340316764,-330.7240846990243,-1014.9724757788158,-824.0412543568871,-433.1511724080449,535.2351897108758,209.34872314766693,-515.9728500090547,-583.014878625542,-835.4898287100591,-1468.8456637625684,-1274.9828670101758,147.15069387657218,495.1367038727226
-608.7602198653666,478.85805077290604,149.32715291284768,-521.7638938796717,-594.0415404246503,-20.77650370200152,908.5666116171769,782.576590576293,781.6819986382329,781.8566186505417,429.399772231034,-575.4182787740132,-954.9914441059851,398.1491878393759,402.50273357092385
1143.889743661551,442.8656401199761,203.56199088620787,-522.165763282105,-663.8087230778515,292.39690084153165,813.5153568131142,938.5403506152251,1786.1398951729868,2007.32336338716,1238.6900932161218,69.01447343299782,-563.3393644006364,524.4872093173045,255.73689401061807
2819.8096417174233,273.2234139065139,-38.86712178017031,-1147.9105562566374,-622.9742646297759,713.0799392299332,359.3495429581115,644.082077349468,2101.6379170855334,2557.5940345800177,1374.686896020287,288.8082900940535,-216.67713445455132,492.0543249598891,82.9701304793571
2730.667284263018,442.55675728883995,-178.55278805428506,-1942.2011538276872,-501.7449774409556,1103.381570003609,-558.4155598384141,-242.34805167216174,1803.2382294467502,2388.0512604242626,996.7756838153548,257.3735870468672,105.06991041390512,369.6258362520761,-98.74591923675665
-900.8633993018414,1031.497759929317,-111.88092721078206,-2777.848232205336,-494.2472141314215,1268.1580959071518,-1995.8765410543947,-1662.4063476852518,1093.7625605302703,1647.8822763010712,284.30920055679405,74.40793672024643,324.6773096029146,144.0911419127375,-293.70761164619455
-7290.874273847679,1839.2575493596717,24.272029468506176,-3770.2081627829084,-829.0103878665917,923.9421154757421,-3814.397328351174,-3325.758284265456,103.12193191459954,510.12125064948805,-662.6744655066329,-332.69397240976224,230.37042500322076,-175.6875790007051,-485.9689649451431
-12789.635411246325,3105.874392441343,518.4384057556409,-4638.399539608504,-1097.5731200434725,459.5703523011295,-5166.888845302831,-4481.9305943325035,-616.4240667644415,-505.1880573394827,-1486.7511181620653,-684.2273860521054,-6.2493659787978615,-382.62661198785247,-631.201504405824
-14083.662409228036,3193.438989088028,762.414436111533,-4370.808750880177,-798.8562571818235,371.80593714181725,-4891.819257286395,-4200.355131908647,-530.6344018829756,-589.7213821836363,-1477.621036568371,-306.12733898699844,211.95346580083898,-326.8990561457256,-704.1859544551119
-9612.614566124203,1159.992006050679,-853.6283305530455,-4286.24599227521,-1216.9939312362937,-246.37091963891734,-3530.3133925533334,-2891.888186894445,-104.93947976695816,322.7629897413868,-453.83926013849305,756.0023167599863,942.2123701807674,-32.67598929936776,-680.4989653207963
-816.5248957505369,-158.63843036166125,-2372.741992146196,-4645.290253185941,-1992.3548861661222,-1164.9510710450206,-2510.34128190549,-2020.6636156364962,-74.2293962584028,1101.0698892247378,693.4974043454378,1460.074116550708,1524.51095425782,416.3925440308356,-578.2429083516114
5964.230025347434,-1380.5447053597484,-2623.2395991872945,-3863.489976195485,-1786.1628592113743,-1249.4594020219606,-2251.676275577705,-2075.366738729061,-300.5680041749533,847.7291557756416,825.4959750250456,1169.926796244215,1436.8077746740169,677.5727039025368,-555.2639585153698
4620.353976214668,-1468.1394687532015,-1771.3067052112433,-2647.9022725372947,-688.2997283154427,-345.6318765192931,-2574.7627403665665,-2403.7989793557326,86.61284750787723,-334.816345431758,-476.2250917983409,466.50861750256047,741.0830731338724,319.29483611809815,-726.1072290048753
-1898.6989479425717,3680.6096317477686,1862.3062070813924,-2019.1654713527637,2007.492429060347,1797.6528942884063,-3943.9880388740635,-2706.231808668886,1387.080426106044,-2069.5765501482683,-2502.9450540870002,358.3184574985172,-5.512338382473899,-526.6010391291408,-912.6604061509362
-4275.995484702002,11130.797626666756,3679.77256863134,-4911.175532904168,3959.456713722346,3024.5279469411753,-6747.292525290894,-3347.3273139877997,2463.6906878486143,-3802.5005634988765,-3898.6072000727136,997.6344383775127,-257.0655935100926,-1127.431275056648,-857.0542753082531
-478.2328256808157,7410.84044122503,-2229.398114709593,-9677.206254789802,1168.7989953151487,524.2741910864136,-8856.342857868454,-4282.391219345679,1836.270210459189,-4697.198951614728,-3956.841667835551,1393.0516245334459,-62.202632810301,-1010.9405598207534,-637.4500616133935
2419.9958904574682,-1096.1915950331256,-5687.517914097591,-8292.808291435527,-2451.152178720855,-2444.4401495680713,-7448.106593580244,-4441.603561704021,-12.514704873775926,-4251.010607035026,-3201.044401368632,818.1618177284408,125.04274358308635,-560.7672358601544,-538.8094138039636
1746.2955993169357,-1116.725569162483,-2317.584127061756,-3324.8465877590115,-2004.3168094644473,-2095.046966333424,-4255.028420093176,-3483.6771574514964,-1186.8502152780607,-3192.6481442357444,-2588.139312844036,-104.75092995065381,50.44307377936468,-407.1015818726393,-585.2216875475391
1148.9014338788404,1780.4041769607784,341.86606796791114,-1244.0072296395194,616.0638224117179,-50.67563000934646,-2377.734923505314,-2300.531712783719,-1225.7680950142817,-2684.1411291918507,-2551.8409576897775,-590.861327005834,-324.15850707702407,-654.1267430716921,-596.6454136707343
793.961362947499,3829.5928403166663,832.337868920016,-1852.641015529697,3712.0175559946315,2341.424988457735,-1697.5794184754402,-678.2146236481603,-321.51256010199563,-2527.688780941511,-2680.3728400743726,-771.6489620781227,-877.9188208633534,-1005.5642407883448,-541.8725769605544
-1852.5351219825266,6504.197726101616,2264.755280918062,-1878.3122605568008,5847.706164402682,4005.3721573946214,-1601.0055702783336,1438.1852218204158,1400.6081145268356,-2216.3834872362268,-2372.1330396586104,-835.4285826475173,-1176.390095616192,-1172.137658033995,-495.4382196534723
-5821.587841883544,8917.981309156878,5390.823489544225,748.11558149721,6893.106518437887,4996.508611643106,-1061.102481842858,3094.551875660858,2832.788396765595,-2049.769051470041,-1744.5393179311122,-644.5015692280837,-1032.9134561805351,-1096.540707640932,-440.0817890882653
-8364.534520339637,7459.193364840032,6300.80487062061,3179.5701826359123,6927.735026083352,5828.281707502808,342.7407620015446,4193.628595815206,3547.9719207982903,-1912.6425998773716,-1164.6582279364923,-319.493808546608,-856.0142927163812,-973.5879034411491,-330.4998912931628
-8834.381546620096,4885.474663592866,4967.978256334852,3840.8327559597074,5958.328070478917,6175.334044694918,1895.1728576393125,5126.660690946748,4209.028675756776,-1408.777142324509,-499.74896088867365,28.53693049337092,-871.7217169017198,-934.7487155452533,-198.90035620499157
-7411.750857237709,4374.85360489449,4045.4688849009112,3915.365590296308,5380.427012930963,6592.847673580255,3415.277053636017,6086.175838457295,5162.433128593765,-482.67674639839,609.0058240085184,690.2449773280829,-776.4632024884011,-832.5021763880508,-80.19605361859695
-3213.5529361840436,6006.816760983202,5455.039599031769,4951.5956015752045,6275.321021015356,7720.603118510355,5074.221922922643,7145.193678643656,6396.3520017896835,904.3152850393485,2252.5628988547783,1879.107048841161,-291.6056957217961,-507.9065377994723,37.91126199280473
4087.7669478458324,8741.793751547984,9423.171177225715,7800.696386611546,8827.275838344955,9762.77386355111,6816.172862501233,8277.885076032208,7736.076942679012,2592.152954048009,4017.8734644302103,3272.243738257451,501.567314251383,-75.52525558529783,162.1749914846708
12358.719782455752,13054.12054321614,13950.130007471345,10969.623431813658,12340.909984208885,11947.191300272367,7965.031549991782,9211.059070751471,8667.219645633342,3997.4889264235344,5206.6238337917985,4308.688520867686,1312.7358939077803,256.42361741882075,295.58526834716713
17704.890263171546,16912.96248578647,14226.824874597984,10684.735516300361,14566.596821743158,12284.862492605967,7600.95002544528,9375.086720118828,8601.997730035939,4526.39425013208,5484.350709046701,4737.375608676234,1921.4732193953967,421.6577097830718,442.1966869476762
17968.2037878441,14408.636646175046,8155.646054391423,5935.804574851225,13113.871351166834,9440.25398310622,5327.137240705481,8300.977672342142,7337.78937452539,4028.472698232771,5072.152657955248,4602.3055149402035,2186.556989372797,392.3013700420754,572.738041330043
15703.02711515984,6513.766084129438,912.705552076602,301.8110501803543,8095.066731143785,4352.224204206617,1763.5713787809893,6270.701297359843,5218.736639274549,2773.078060943372,4316.339903259622,3998.7655217467227,1969.255522056545,248.0081621216492,678.1849450534912
15412.5039682581,1043.9731435064905,-2100.8951848176916,-2695.2728965820033,2751.8186823567808,-328.91376970396277,-1635.76300147293,4001.728473234464,2716.24008069079,1021.9786305117892,3670.3655960952888,3233.4966285553555,1439.9340057559186,273.44960681659154,807.2436712168122
18256.337032918556,281.00749958928117,-2144.028297432652,-3567.146692279202,-627.9865922416132,-3559.9585137049553,-4444.167963729453,2111.8482522675645,137.7352103927127,-967.9369139832677,3552.3274630584287,2585.179102542424,939.4064332132793,600.2110978150477,970.154306984927
20180.37169319189,-1789.7970470183145,-5130.165982096122,-6420.818751967526,-2480.7109761706306,-6530.520643515268,-7200.202749546876,835.4415722490882,-2573.858972728606,-3170.925785627255,3435.4335933401485,1534.968268172955,239.75072263799316,980.3092135662253,1044.055347072847
13418.85561030038,-7833.562751178083,-13441.562532334838,-13220.395867395517,-4439.234343760945,-10717.299672919358,-10647.315750934182,-846.6926690077585,-6161.692487972493,-6182.7833009025535,2017.5979493643363,-868.7560906698809,-1273.5728300573057,909.8581677832312,822.9874591096981
-5508.479316035811,-13465.520290088905,-23827.136095456437,-22040.542053001256,-7752.528484759859,-16611.65967822335,-15264.573384727291,-3795.411834620667,-10650.176061063768,-9914.61463790467,-1259.8649811802995,-4349.643958050904,-3470.3129528878985,-28.37269481527983,301.7381235820274
-25483.823256405005,-10930.95713252919,-28743.35768093863,-26583.893559115008,-9305.632025752837,-20826.64667511512,-18740.058453788875,-6810.913292454721,-14038.175076011834,-12658.411419202652,-5174.002568103858,-6864.1005547445475,-5139.191433240333,-1502.6274773435348,-115.84022946418224
-30368.125012929206,-1290.3113687635412,-21895.27705138959,-21213.145170295433,-6153.704106331378,-19210.786782646795,-17824.756854456977,-7739.171770456019,-14152.31777509599,-12748.889572072812,-7456.053118602147,-6760.121412563734,-5242.305300348459,-2415.6407078105,-54.588511418295525
-21219.000969229804,3423.052548612881,-9658.961078320524,-10571.152667779406,-1333.1841417274898,-12994.859897844717,-12921.35547810261,-6023.393854746436,-11247.31141062472,-10432.012412743628,-7047.542059841029,-4856.584475793084,-4141.52479428081,-2167.8967240428983,289.6961083672946
-12163.192001684738,1503.603416411112,-3028.800411242324,-3983.1322145386057,746.0840117347265,-7352.1351178882,-7812.40784401724,-3513.0149853579214,-7646.592844309862,-7466.211855199175,-5121.468093777717,-3129.7974589955447,-2978.4784677749644,-1340.0957896057612,492.88985374372555
-9737.971885969751,1079.2193468693856,-2474.4326127755867,-3118.3880787682974,381.05988876956104,-5296.3501032865515,-5326.8878745781785,-2146.478356913744,-5292.812264738156,-5352.701307486494,-3388.5339097623205,-2368.4940685530714,-2319.8245599994343,-698.7020002812146,473.61874837646286
-11020.063745057449,3131.960742881022,-3624.7822384811534,-4259.662164826884,-91.76385082411225,-5860.468793304785,-5112.917519464397,-2010.4655712620408,-4437.785436910682,-4297.29070467602,-2323.4434651979786,-2143.8259397533543,-1930.7323866122433,-331.26910289449324,381.1472174144316
-12025.5192188086,3940.805612275825,-5486.327313642523,-5407.740359364469,96.4764869851056,-6907.248776977185,-5453.355762998462,-2164.218880111901,-4462.166516129282,-3726.5815605946977,-1483.4105383527499,-1888.0122704432683,-1364.9086623666226,40.398921171655445,300.47586256468685
-9848.84809565802,2685.3415519053856,-7977.302832904141,-6214.076938363287,527.1057095497594,-7063.941899197914,-5127.985104887796,-1814.8184470274905,-4764.350314231127,-3057.002164321443,-522.6899379219684,-1359.6129674187932,-534.7924301008402,495.2008739605261,250.42765972297042
-3565.349313296194,1508.0220416730015,-9239.882171358495,-6181.536707737043,636.796339301757,-6527.264841405865,-4235.068391617177,-833.9459634147277,-4680.661695895584,-1743.3621888446978,666.9956276721725,-635.7287087162256,184.74258020933723,832.9804862600208,216.75928458011208
4101.3629404053545,1359.252275196422,-7966.536498282049,-5170.039875603048,443.5735522528593,-6154.92821319829,-3277.7741324638628,513.2965035588284,-3806.0970042617764,300.40077603025884,2066.804961570837,135.2572449371877,561.9834643184472,912.6880792382977,129.52797166754382
9438.652185270525,1021.5371663907475,-5953.577066853064,-4357.264376969444,300.10353873566163,-6019.366560169807,-2028.4783948457198,2050.5485702396395,-2430.197084238459,2435.208223666052,3468.943188510585,939.7863039888834,872.2494863638506,885.0129168766875,-47.17135185395837
11978.968326935705,-230.0417221049831,-5292.532081074344,-4324.887227788664,622.4993280380678,-5808.63913646599,-282.5996718860853,3633.3520241845,-1078.9384355073162,4067.867231076673,4582.432903729976,1743.0728490501765,1340.038947077379,969.6525839763415,-231.82686746016816
13347.1595390892,-850.0823969619662,-6032.386182313454,-4027.89169235742,2060.697921762403,-5275.693816214802,1804.3646264434865,5054.806163103073,3.0667264958267424,5018.098677192137,5135.180127952839,2248.909216627814,1756.2519192744578,1142.209400687563,-341.03982024370464
13106.438922629839,1728.628392811342,-6055.123594466664,-2023.6816106673284,4602.975597177753,-4400.92426611726,3603.4561141636536,5839.806625010511,572.0816156632773,5287.468259984078,4964.280767667672,2019.0909252927515,1851.2775814277645,1133.73292228792,-424.2174468165392
9218.849957340433,6729.9467850257515,-4462.202998521841,805.5784613226001,6775.733025147283,-3872.422576092416,4472.077198355856,5860.229758610874,459.89135439758536,5239.342404232316,4115.532530534309,888.7487466545135,1571.0123354175375,722.5611121608612,-576.8871867668418
1703.989463780533,11557.531527106461,-2462.3311174841797,3113.4085801970236,7984.276268913043,-3087.293918723727,5342.089619860923,6085.013534419258,70.46964159831614,5395.018508219639,2822.4582265307577,-688.2972274489472,1084.237892377154,60.39535269282055,-783.5231565637132
-7125.61280159773,12134.849108142289,-344.82429195302257,4883.658031202298,8715.458984766281,-592.312585150765,7203.781698188618,7136.092805884623,1.8155365279210116,5865.326796018149,1544.6780395369851,-1939.176545229586,735.6775777185146,-519.1981093183695,-958.4419010734613
-14733.735755301934,7285.119674660813,1248.8897904960363,5799.808151056803,9119.817469363898,2630.971915179311,9345.926820800732,8367.64821299502,143.7306240021908,6337.667657864891,411.87756068118335,-2689.1317965755907,571.6655584108289,-943.733515263136,-1068.4179672762134
-19171.001740306965,5789.705561895989,3257.1377693359013,7395.70957893223,10341.377898727553,3634.7819290378998,10486.779670480204,8189.666744672125,-715.2168318429406,5981.51766259987,-1059.5277428562376,-3297.4291509821987,257.5709198826451,-1251.325991141573,-1122.6511844159709
-19040.601893555333,11991.07420841152,2475.3551101889148,7956.805635009367,10482.248989310014,150.0062775651278,8966.997003804321,5285.165126162176,-2772.041035883053,4423.807956284942,-2557.7950357183604,-3624.6870558097216,-130.32335305658907,-1327.1261651767227,-1099.1713053109575
-13816.563025771906,12251.89011575087,-3888.2730368762013,3901.9064345610977,6694.0524538061045,-4475.118770533974,5530.047037877836,1575.5239205165587,-4170.380328202788,2799.7588754542503,-2981.1800366300463,-3133.5516947339083,-89.71376651943186,-1049.169033986137,-951.1226702879319
-6241.120735396744,5224.908483167969,-7552.649112995912,-113.58569256676276,2737.598677455512,-6141.019015647203,2989.576369249926,-520.2168507243973,-4163.414283744071,2042.6788982379762,-2357.8792814311632,-1986.8727584313124,410.2369699974919,-538.3076987754223,-726.4658777046437
-1275.2456456797884,390.8727433727613,-6585.610671146788,-1589.4962360425925,581.3456743222214,-6332.683228405488,1374.9761254799569,-1915.2902169444876,-4219.209128052733,1591.0839099547386,-1972.3560244642272,-1099.6780157659318,877.7116560885177,-165.55306210018534,-553.0362259242747
847.9608394841878,878.5994428441749,-3464.212681558324,-1058.153305160877,-319.90029875226975,-6332.578219143522,-329.8224715087803,-3752.887791829564,-5180.4477739751965,805.8524433887453,-2496.9112045407223,-848.7377901422709,1107.1773956080322,-116.26720637665193,-435.5078986010572
3864.349219617867,4917.578004866914,-1545.3905840172704,1388.1397562896368,760.6725839061945,-5479.961971157607,-1219.9381647290325,-5064.6131844192305,-6088.612345022856,49.11052037495824,-3220.559480224758,-646.082960370779,1341.5372893327387,-129.1221841815951,-288.7366177739548
7879.7848396909185,5792.563210274978,-3322.0852512728748,2853.399628035165,2143.7228865064862,-4335.713269389533,-844.2410577619562,-5079.04369206437,-5983.532291830492,-188.3235116191434,-3260.431963694943,-67.02729347638547,1683.659248579709,71.8844031671022,-142.0020781224024
9712.016023510037,3037.4113053660403,-5490.495396939437,1861.1472847359423,1799.7887553219243,-3741.9594391734254,-165.5651685846562,-4260.719261008411,-4957.527123698197,-39.79471278053303,-2589.4235762640283,489.8847322472068,1858.954854072293,356.19984188975667,-96.71295101206738
8608.152222080658,399.2933971294612,-5394.475200276498,-160.0255061794383,181.72233512747047,-3734.9335809844306,126.55664304486533,-3323.6780983317535,-3641.4193981526555,170.97756411822778,-1768.928125843927,523.8139158190086,1629.2409189547047,406.8018704771689,-147.6734078252121
7067.4700157435145,-796.3966776542907,-4273.981961615969,-1662.2224001146017,-1302.3645684106898,-4039.7065595286235,246.82835650607808,-2639.139499023505,-2502.731185319314,432.73569855606763,-1263.3317648913094,208.41234857731467,1160.04672291011,163.39947761679807,-177.0688321053837
7238.135592622117,-1062.4736813457093,-4184.473538106471,-2299.4321495648533,-2141.4936972484184,-4681.768601435943,833.5771948204106,-2199.43315203627,-1470.4853446368422,994.0717137581248,-1129.3882730430619,97.72659916299881,764.5229298485881,-171.320811335225,-100.73942714022783
8303.985842202163,266.47382614889904,-5612.758346193783,-1627.1722021871851,-2144.5855470613633,-5398.518395650722,2277.932990693618,-1808.1896457411613,-205.73220829182503,2003.775140669767,-1188.1344222649927,371.40434814120806,469.095241548855,-453.8963030552852,37.92126903811629
7174.12761574289,5205.177490161194,-6492.797308996363,1223.6383857098253,-628.5657497288431,-4948.124267044938,4455.759522287316,-1259.7517709679191,1263.6471739897859,3144.105715992542,-1358.8964680398024,755.2132584267677,169.35450830969825,-670.009259577395,135.6828452432059
2226.5149415143555,11588.397669531045,-4070.237258876828,5528.380015470566,2557.420059367607,-2526.4461044578857,6881.704656130402,-564.7196660562728,2538.1211091445953,3839.441793969657,-1647.4526245832715,1044.4439850347637,-33.607990330447706,-769.4367981731007,179.91121838602203
-3959.5478699428018,13796.760147860843,1078.4728325772687,9142.045311584123,6233.980252795544,914.5329161843631,8915.442596926148,122.55782777698724,3470.2928536192144,3973.266819127345,-1953.1507424789336,1324.3775302460365,-64.25170866453846,-704.5650604662615,259.2523297347721
-7199.979856219768,11461.557196001788,5451.872064597479,10988.988338782874,9001.734460332664,3852.3478079755937,10302.605194107253,663.3279251594986,4244.472725595343,3885.5701639187623,-2151.6011366562957,1703.1310888156033,-82.57405069792617,-549.6000177320268,409.7377212196204
-5498.874666139647,10830.65705455241,6546.731517695656,12306.210576911468,10245.200696321952,5078.399245357256,11084.276439415604,556.5144934335212,4788.5592177521585,3704.6845864022634,-2190.663925325258,2204.8890981291997,-147.512098039585,-361.8093898459945,581.16023596377
837.4820513134,13896.729367931375,2596.2782495716147,13077.308688945413,8878.983182557595,3666.124379896725,10694.17975136917,-817.0384218944256,4740.202299345381,3273.525360498372,-2080.148969490122,2910.245756962302,-73.14961511929664,-43.977136933640395,756.8330898204347
9509.836610103113,12509.48666488396,-5617.26858974985,10005.219662129195,3676.4139610426805,-590.6534360403899,8235.324058990533,-3699.8595061234046,3891.9870668733533,2375.719921234114,-1983.1920574798264,3726.5394372757855,151.10323912295894,423.0504994584388,947.1056949022809
16333.882597977456,1826.0272875719297,-13024.545792433162,1131.040764836928,-4695.663311671606,-6833.322147630112,3662.2704505251604,-7655.4339645936625,2115.2921166437854,523.8568557395346,-2470.962571652672,4045.8646478446185,5.976480352541216,772.4650143818303,1085.34935175915
17769.27139441795,-9750.240523414252,-15512.932042060496,-8885.278923615939,-12540.190776301912,-12909.748992915152,-2088.860916154683,-12037.951885119452,-875.2180163001154,-2872.965605126825,-4298.627743223685,3398.7284398511856,-1080.8022780120234,793.689234329501,1061.3193188018022
12364.201447148153,-15568.98915663116,-18791.157234462935,-14270.682870270528,-17992.074484137633,-17733.572528449477,-6408.6379083582215,-16395.983232373805,-3726.39906928989,-6910.748937037961,-6859.417963705782,2155.923256827,-2833.8988861842254,548.2041363065916,823.2276914096916
915.5169270377285,-11497.77418959004,-25768.524477660398,-9527.635550984913,-18555.203869203677,-18128.924076361433,-5507.32855554079,-18342.261242228797,-4037.298606924818,-9391.147870316194,-8357.564856681478,762.1556106567696,-4318.120287319859,58.128837669129666,426.895260524637
-11056.531674765263,5184.5793335600365,-21365.95715880685,3555.434331386609,-11617.56533517775,-11849.34580532634,-571.3324060895482,-16102.455287015518,-2004.4721936910664,-9328.317548159821,-7981.304896630213,-453.7860879045116,-4832.264749803245,-567.3902607847757,72.15374544624535
-16056.184966659574,15919.576387806042,-5961.238428228782,12712.89613312127,-1579.4981807957583,-2784.9881223626285,4349.210878210956,-10702.54540590631,1047.7361853631048,-6957.684664982544,-5844.550897017358,-712.6299052524628,-4244.555859022313,-874.8201330812151,-32.66976348850267
-13799.327325137177,10907.78417126073,2799.683289254361,11193.583388359666,4072.9714848598783,3069.2233198254007,6496.564412714024,-4566.760155982031,3819.031199431589,-3322.9203567663617,-2629.7416267746094,272.9218349506232,-3015.316275604866,-602.8274709011819,69.13683228821037
-10021.638748912488,5735.751388034539,867.9124749115856,5694.272480146404,2848.606499433182,3029.443506972535,5359.486325981448,-702.219936051438,4972.297083632809,-196.59530580205512,301.9302997542401,1639.8547996146897,-1814.2471616651992,-66.28649497566721,173.38636654462698
-7172.052600677333,7228.96671942087,-1023.9875210755844,4208.718330106673,-74.68141439300175,775.9471631076939,3311.0458008318437,107.05300724459553,4612.455021687646,1427.8114992799235,2024.072753908622,2507.9737019151808,-906.0030091874444,333.0373095767233,209.46538539940076
-4147.258944182274,6969.746807974624,-842.9283429535259,4957.817034545726,-998.5454544014488,153.28189559872044,2580.6733286705407,-387.01030956988666,3957.0191009473892,1862.2601220487766,2631.5606369511443,2791.4836754378234,-215.8164580719735,530.25457348571,225.88562278426042
-1077.5270829708434,3578.23995214088,-2363.6895522440605,4688.274838512615,-909.0807979656995,1073.8498266639374,3193.38627513759,-585.7492679333702,3830.6610325307583,1724.684536109091,2595.1833078773425,2701.771857096186,196.85375423638175,616.6491417525152,223.41264030063945
688.5138331820959,766.8261441780664,-5242.363248958735,3736.072533005461,-1217.925396919579,1976.6360118656278,4018.4291803846286,-369.45346229910194,4172.620631508848,1218.3402708888893,2178.8084227592703,2195.586101136045,105.40984298172634,581.57979118288,161.8348737254294
700.6234402141738,-351.26697157161055,-7207.303689514021,3071.290663338164,-1820.8017040235366,2333.8002089885363,4353.429398129992,-346.91479650390056,4513.749832335344,251.2278893435299,1478.548480621698,1180.9789244233025,-495.15373603996767,375.91237234599873,54.17229133390501
-621.5363798227156,28.96582907585247,-6974.192054943497,3468.104877643857,-1925.3047418054268,2710.068335042939,4265.278646221171,-844.575240655846,4518.116157362405,-1134.7513684173011,720.0712300239777,-26.827824243708733,-1198.307543594566,110.25207237983818,-42.95992141754715
-2743.174132528038,2984.060350399116,-4253.425373844314,5885.744669375338,-1113.1919223321388,3603.161550603921,3951.685621289674,-1741.6150795794042,4163.128045267514,-2635.760015522196,291.1708484651917,-832.2997782162639,-1498.8304029792353,25.1448605770031,-113.58076687867933
-4748.031062571617,8597.041643623412,-358.1088664112972,9710.368177653387,104.66450068767207,4591.337752644158,3283.9771568554943,-2851.425712026588,3633.5915320670597,-3928.9313644685417,443.4030234612587,-967.5884072048815,-1237.1967241704947,225.64319114069284,-193.9766998505763
-5122.615700248082,13696.203939889454,2079.7610359576965,12328.157331229384,371.20308865139623,4582.601790465484,1890.898638946966,-4122.636730119984,3119.7729271030626,-4827.7539909316265,1103.1429747700747,-696.7986311050032,-656.7849412692094,559.8684025939843,-305.7465733048922
-2508.0045901630488,13772.205694352975,717.0018202596243,11101.544903561984,-1749.310737902254,2829.863601909926,-322.3583175591014,-5326.523849239849,2795.803820744623,-5224.045466509581,1998.136703225014,-403.408176495386,-82.33052012843348,819.5428950281373,-420.40622135442766
2498.3012484512255,6459.901170315108,-4939.667726095823,5799.545306805844,-6127.2547285971805,11.942783628309598,-2618.4021474867054,-5902.382170137584,2815.759287110785,-5113.442567307843,2823.02627125481,-285.0543436394015,284.48472008167266,915.3992081854958,-509.6611801195928
5584.036381626775,-3888.9247684744146,-12207.4789253335,-146.75690771974183,-10409.198546737121,-2136.9512563471844,-3969.2637780388213,-5488.869558638366,3092.2982883401446,-4761.127388523561,3353.1936084411145,-591.4477760680724,253.6689421699865,743.4924438558257,-632.9851462200796
1951.0644147393812,-8964.044907570535,-16324.466924288285,-3017.5868477730583,-11852.325522934912,-2403.0647523757307,-3861.4963140171067,-4288.871965662804,3510.129011624299,-4793.538836096275,3547.821158558875,-1674.877750944701,-245.33439225494953,195.98529711643397,-867.3566976066668
-6205.050406605828,-5435.610756263085,-13587.060722475338,-204.81789292498186,-9129.607888839486,453.32062461652345,-2194.692597878531,-2665.5010087588084,4049.197727789189,-5323.374074191891,3515.8197524783827,-3076.529621560871,-756.7687617301125,-427.57126812525973,-1101.972917954986
-11007.462987801979,6842.704302913821,-3455.978216425026,8344.938467735832,-3530.022390455925,5610.293012864568,335.4583431698188,-523.4057556828411,4683.032807317533,-5025.04823230548,3663.3459085938216,-3537.3979592761207,-615.6316439621004,-603.7241820372259,-1141.001324387139
-8726.972552520967,16104.195619618918,5355.860168716716,14352.135069125867,1369.1278497434116,9237.995727000689,2756.0112523480657,2074.120269416913,5599.280987437917,-3280.105748186887,4334.572406677632,-2814.930714405936,199.53158288899704,-298.4075580380917,-977.0348290278347
-2338.575688114184,15015.321613141194,4578.602470550078,14251.845683925032,1867.4727449544557,9626.9840435619,3491.383502574518,3693.169954016279,6212.885705785644,-1483.8784736919852,5135.537080723349,-1832.4498955558543,1168.2097228773478,147.17608483289985,-730.1885163031586
2796.2187043867216,5793.702848714326,-4187.74310405033,8935.378103764542,-2717.743135786883,6559.3665062530135,1232.9880269547075,2928.2581319794112,5275.078065303822,-1073.3686003063492,5200.819875224834,-1459.3217376668708,1723.7174422635017,412.68887338492317,-523.2766836071222
3596.2918227698237,-4340.579332508972,-9818.920757727237,374.88105695830984,-6989.43988362611,869.1918723481175,-2421.1395244298637,116.15556780113576,2402.0069648705094,-2153.523743407304,3872.3200777051093,-1938.2905843018411,1520.249681589781,325.8685692043774,-447.46367858412344
2321.5709934121287,-3519.2675380750584,-6391.920112670172,-3094.923414544967,-6037.246222697048,-2869.6083697368695,-3745.5341018294275,-2234.3567955795515,-519.4205565950513,-3422.0915342888393,1792.3298729620062,-2707.7595224775528,875.6201057629551,38.717637979607616,-457.8420864100816
2741.7540078168063,389.27016533001364,-3015.9692985888037,-1068.5691929810794,-3582.850821927394,-2801.2467469471467,-2730.182957867246,-2783.8841040078732,-1823.1868687287622,-3834.068472689695,275.9770268092815,-3066.307537477449,458.97052738525565,-144.6113873674082,-430.27596167556715
4661.747984213225,262.9207338817283,-2953.0948371467875,737.6471202691449,-2705.560583203502,-1313.0525939913834,-1519.4050490209436,-2304.9893895941373,-1775.6338796539567,-3342.3214691557027,-181.85038326162646,-2750.039787691348,513.2754641732646,-103.4142275071797,-336.8655671042031
5410.3152270121245,-870.2120121898189,-3246.355908841015,995.9587497482678,-2501.0225209767386,-99.41106968840363,-831.6227621958249,-1648.6138534070035,-1142.068147829605,-2298.837291270994,172.58269337954394,-1877.9932846383465,832.3853142683499,78.0166808801171,-242.33316301955756
4030.599176061115,-1130.3392589748782,-2848.567553414748,825.7357244766857,-2044.947220948789,529.9132175010573,-485.01013835369736,-1198.5328016589692,-447.84963634978374,-1171.2106495087946,876.2265518538034,-830.0796306973866,1149.1593004600884,248.63880218230446,-189.37408625736668
1884.0183316414323,-968.9401122086606,-2304.830417292558,749.5887578753385,-1590.6898036752436,676.3139779826097,-347.65499601275866,-1025.7524483606087,55.43237973976994,-375.1656489009287,1434.824265488325,-103.99803972980237,1282.312046693575,275.58353753876537,-159.57745507489065
565.342404189697,-762.7249978941902,-1970.1599158640274,571.8766596673231,-1672.162320987342,340.47370495476855,-579.0047050525517,-1094.3151811281334,276.7730779727392,-126.67082549915762,1463.0133882956884,-80.42224572716623,1120.3195007177612,83.70455204765867,-109.62257291134392
347.9779488806348,-773.6020963542002,-1977.4446482571511,150.05802453186539,-2384.2853247623952,-392.72787878918274,-1255.548757493918,-1353.9425082701737,172.6245613915554,-428.5270476145711,846.039428556453,-773.7756796019107,684.0007820411694,-291.3877347112446,-9.246593999457986
396.7942452423394,-1016.45958582298,-2333.3833042828064,-408.6965020539419,-3386.3491002191076,-1182.2556248570197,-2032.9412078479645,-1673.073866664736,-174.70589246451266,-1087.7737681085484,-128.65650704478116,-1684.0619417055348,238.24883554987005,-652.3072272522531,141.02830377066147
312.86130701209396,-1241.0544790849092,-2920.410513078891,-1053.1049645126334,-4070.032237270286,-1599.1046725178892,-2324.9580732475583,-1895.2379262197496,-484.11656257911005,-1761.1594111623417,-814.6564166744031,-2006.6679620355103,200.14584242640805,-720.6947838407375,308.69743034523583
1177.2306797661088,-2014.9046442787917,-3519.528592586391,-1663.6752173754173,-3865.851633718393,-1391.2300017352175,-1869.1739111000438,-2062.292505552022,-429.44801077105853,-2120.414396472574,-646.9152413355213,-1347.4222862508668,711.275084252239,-425.3625480394092,448.9577315819373
3807.591920238508,-3110.9906625063422,-3345.4504872044467,-1491.0370225873721,-2826.8393589546295,-984.8167860034326,-1081.0417726156527,-2387.203262760286,81.42347982692621,-2136.2376510039344,172.22693519556748,-393.51189318530965,1232.243090958711,-143.24495915899547,521.6665390538171
5625.198885430543,-2140.424572444986,-1902.2676858696848,-922.2574910804183,-1930.3457543181541,-1325.0145272425698,-596.0401318033423,-2806.9889403045977,731.3652413405488,-2309.6683489993666,590.3490645645927,-480.2580834095012,869.9559031909,-426.2467033952727,477.7869807276526
2054.5536285112685,-431.7319527692489,-867.7389781822932,-1531.4845347049645,-2012.89421075278,-2083.2099662055493,-508.83723075548687,-3208.450631755701,982.350670241634,-3282.63189927123,-2.4475279599585065,-1934.7627631239739,-425.92653658912513,-1251.0944360176006,298.0039194099396
-6324.983396146803,-1074.721948284929,-1899.5685668052613,-2614.2918130238922,-2627.0677620871443,-2688.3972431603993,-413.7162737910767,-3830.4175777078885,1138.305548766035,-4349.970459398484,-276.3899820832979,-3146.8218206541014,-1258.9138279281099,-1802.906214281018,118.92096706781484
-11736.185767859068,-4905.074455469856,-4383.334289697589,-4001.126329123303,-2265.48621327031,-2777.9465909188125,1164.6463067878515,-3218.6358500387882,3014.2117990359957,-3520.8670029031814,1536.8774893454613,-2597.9665460798824,-467.96718715098734,-1529.6577978543744,162.01004665292976
-9031.94015860545,-4685.76417981994,-1615.1607841966568,-1066.8335225993908,2667.3109904502667,433.2002698187397,5652.870894632421,-384.16617977477017,6399.621118212964,-1337.0566622363458,4117.697435012559,-1269.6639563535145,1043.8486092265875,-932.0195585971351,426.8001229778954
-2166.7693317540225,6875.108625442588,8925.000059345495,5504.874257861436,9333.271557182641,3671.473726552147,8796.129880145312,1430.6570913893154,7497.212788702209,-213.3088062196214,4823.715651444303,-617.8171073047329,1850.8577447094722,-604.0483973631309,695.6311372099015
2708.0087288960676,9697.998329541448,11078.421338908845,5521.925586661321,8978.712866805718,3208.31247836163,6928.692561423849,1463.6769615434196,5516.306346569029,1.3046285205244885,3863.2864069164166,-487.7450281897553,1886.5596923985613,-542.4805028105816,826.0265485811709
3348.879788313743,-487.5589580080034,1156.754882853998,-51.74735740112362,1804.2112273504038,837.6278182686146,1638.3665007599366,958.1939540812579,1928.7606358939336,-21.58289533939825,2115.7789708647642,-625.2099516808911,1446.7428693723548,-675.0015779842279,804.4276274214646
569.9375947413861,-3430.1109083493607,-4559.3046843074635,-2147.786682438159,-3871.622030455055,-153.94654689734557,-3401.6699479950116,956.595531958882,-2079.8872206864316,121.63253887260936,-231.11049026056833,-847.6092596406365,583.798077917252,-930.260945851521,666.4062770009103
-3248.062972891421,1286.0827635455726,-782.9955514225866,763.7079263751008,-2165.424502038562,1300.478166070627,-3819.7929542093684,2013.0117575623976,-4075.5112129961153,866.1545099538189,-2197.7143475773178,-778.8365548925815,-382.72776357394685,-1131.1438533326407,482.83493749648164
-5621.831789875714,507.31619579646787,-191.58371571933796,1205.1036039116339,247.23724542382766,1813.5831690842367,-1446.8682438765857,2694.895970178881,-3557.341374688997,1732.9624522468011,-2980.4194342178216,-383.3599197551684,-1036.7708974481682,-1164.5732961586536,330.1260713526818
-5738.271019104519,-591.0989247389305,-2037.46925865073,11.14781692954611,-428.82096633201866,799.7162175474098,-64.28771042454318,2212.171071370802,-2166.309537820959,2129.1925509705775,-2753.1369229009824,146.66860172291672,-1233.989654124273,-1015.3459863292726,241.8234459368212
-4596.516781731676,325.58592520829234,-1759.561879759197,85.50432142013001,-1498.2567928371886,104.5111552612361,-121.54990495679615,1264.3496646107856,-1157.0530520576654,1992.4457915593225,-2119.235648252959,623.0254723584978,-1117.5097836457385,-743.7404685767369,195.07045557178225
-3479.7577416378995,654.6131992454634,-706.5107556580593,665.3103268005211,-1489.0635754440516,236.58993455086787,-488.7901994976859,615.5917874828291,-707.0271937809905,1602.9297580565596,-1520.7225433820925,948.2753328812287,-909.7108570095832,-444.59849842315043,148.46892704141095
-2848.5627443795356,323.65867012270076,-281.67133880024335,805.9779282168345,-991.4375711160566,608.8976305010503,-594.9493894033008,383.30222054551365,-551.0302879902981,1207.9089872703764,-1097.1570565029867,1115.3396191038626,-734.6449952348725,-183.59255302984738,83.26017461690111
-2511.351645863018,79.55710840218343,-291.9664125224958,602.3229186325599,-589.1711756124729,812.1971641029884,-460.4588457313141,366.56954295363096,-461.96836330596534,899.5572305004856,-822.7517412647211,1151.622999095602,-609.6661395525805,19.06013545709152,5.5947615276902525
-2172.651114395445,43.96884795761014,-348.6372095284042,347.81330022820714,-386.6560940542987,794.9559341685418,-236.78779683107547,388.69956662268123,-331.4991508467419,678.0333816516364,-631.5497915278038,1084.8990099290963,-514.5347136941864,168.11711760118644,-71.60338977626081
-1677.1978195407148,78.8913917581576,-337.3973626512872,154.61133297395014,-305.9078742790815,629.3070093003278,-25.865788527512194,372.70715141405304,-126.58705773796962,513.0708144180091,-463.1705572547834,935.2793250586141,-434.9845086341884,274.006085601087,-139.90159863760474
-1008.4598147054655,105.5952922194594,-277.45343743510404,6.825404103344255,-287.18176432003213,376.67404516324956,128.64824922482092,308.00970840864704,153.3167287939637,370.1180317448899,-268.86337429736943,717.5884874836182,-368.33525845557153,344.231689725894,-196.59855520764899
-229.86554914700244,125.38617653516056,-205.36097075030096,-151.23249043046133,-323.5395634770137,76.25682248877897,222.22948176934375,210.88382895070666,497.45122439797393,219.4344872326123,-3.052292549450044,451.9691633348105,-304.2137139578145,385.6849167913396,-241.60612533925683
662.2134794799432,133.25248973391706,-183.39252493367562,-375.0665675252601,-414.2607067879537,-209.19732593105323,282.550619637866,95.19862855556613,876.0859014666123,31.367925232934738,387.4159234469828,183.53530987497007,-186.19600464338822,422.9054223687125,-271.02577428493254
2161.285552361445,-27.572193974963497,-306.6927761482306,-627.2812749712523,-487.7570332261476,-371.6665061880512,311.8628081118482,-104.1205005460182,1190.135667247962,-254.9071086563332,942.9411217959392,-2.7411582211837526,113.37387200710816,521.8376106335256,-265.86410362224444
5565.107089731661,-457.8262056087072,-475.27770036918815,-655.3703705904225,-516.1646460528,-516.4579675477644,61.48684117646786,-714.8250718469525,1164.0262431562737,-785.9548263067888,1556.4539783046228,-45.714157062924585,699.3117259340114,754.434530650389,-189.86953106213548
11065.524712084032,-527.8484140219216,-529.3553277258875,-677.4275670427653,-1170.0500600758055,-1565.7523890672396,-1213.1257525766832,-2364.742718345868,250.30277054357737,-1811.9889309331106,1716.6651184742016,-108.14116487257013,1344.1081326319754,1044.9337827622062,-48.96458590218367
13123.048850135086,-886.3877177784979,-2029.7352540372788,-2771.242994531769,-4020.317885369015,-4825.8328555678,-4241.247304006592,-5273.537868716519,-2079.523701674805,-3447.082518603934,559.7450028093016,-614.5718000068837,1258.2803709643626,1063.7235644065909,-12.021937204813185
3481.571988799846,-5450.544668907085,-7201.919944409276,-8078.239524371794,-8847.409404913047,-9155.939252115353,-8096.53010120489,-8032.275516373335,-5328.7521802798465,-5086.430826907899,-2089.49225492508,-1670.375999156979,-186.68984072618247,551.8094915893334,-317.8450226713674
-11057.192197093158,-11169.648274042589,-11708.780642838634,-11314.609972742363,-11291.426541865243,-10230.468909027026,-9617.899166849144,-8068.129603021744,-7056.48962885891,-5212.658103158643,-4222.3006869090295,-2276.467499920691,-1897.738107194312,-37.51590584875987,-802.3987632969033
-8902.260733622139,-6834.697665211087,-6827.501981272094,-5885.0784636291155,-6057.817753951529,-4778.062598915864,-5093.396896897951,-3541.993393525968,-3974.493627833678,-2223.8703563628947,-2779.5179989205853,-916.0320941613411,-1662.5159299904917,199.98734141169678,-903.0136449524617
8867.176342071782,7099.1780478289875,6418.1259906897085,6077.747584131518,5231.4986555535115,5022.19626547407,3977.2552546527368,3949.034554723443,2680.2597051090142,2887.7014397250887,1392.7222683562486,1901.1845747449813,224.19329040958587,1121.193142423999,-614.5606387237085
14294.378807491232,12629.586565369158,12405.073278968834,12414.448182701002,11372.997627991033,11145.783947141594,9283.74635801582,8987.163650776567,6457.648121532458,6279.433668170597,3412.2027838899608,3547.8204097717726,827.0424867510241,1478.4079261274082,-604.3372709465168
876.1682098132097,7034.964112778305,8159.746685056721,9601.185550764314,9318.828997139104,10528.234484533512,8169.718839070736,9324.108729486561,5130.477041050993,6418.084011021474,1616.1663685228032,3087.744860017939,-690.3920490909343,902.9369347891322,-1003.3896217278248
-10463.347444430867,1636.2528704799788,2420.579041722962,3909.1898035608847,4268.285539724597,6150.0940433641,4224.838362465283,6616.625410681215,1793.2606821087968,4766.273494117408,-1157.577482020759,1924.0477392781206,-2241.6127293304467,247.13664595699515,-1264.58506182861
-9713.660212379235,872.0022854064845,426.619046895563,1267.6349974057598,977.0607791690268,2487.8480448299147,884.2983956005369,3484.9664516145144,-801.5997364109594,2961.5727652144315,-2555.254526177409,1230.0594613479493,-2437.5853218541333,87.10218059348023,-1140.936424858935
-4202.799691234154,813.248205865953,276.449961656391,1090.0292671888683,105.175345290103,1159.7759860401966,-620.9205274160728,1580.9836572785593,-1910.873891448688,1753.3179392842717,-2507.5850129777323,1026.6218023218112,-1748.8198400368547,233.22956874529177,-848.5520753623932
-439.0571395990591,320.2279790955687,70.30416191347524,1061.6370152812806,40.13414755909582,944.1706183710412,-942.1964834594569,823.7834600561047,-2003.3452107865483,1088.3108975976506,-1869.7588564104115,886.2651159223988,-1019.8841987355806,335.3017134146272,-585.8939883548792
1228.233934028357,89.31492160112744,-109.15327037157732,781.7402373852593,-43.75752959436588,772.9480917166904,-906.8462772317741,557.7761853698469,-1673.488770514139,703.1037379941165,-1226.8127540654,600.390235179577,-557.7705119695381,284.7781430516163,-379.2486506079457
2144.705000013074,74.71400231945107,-118.13321945446909,518.9073474347911,-154.03923496166095,465.99908061570324,-828.7632946830636,397.3651409935216,-1243.1606235545737,429.0440478607791,-731.8215066137618,212.30357483887673,-283.92560799971125,147.3982019408495,-196.84197629945297
2920.867054637374,84.0667643628847,-56.446659650255,333.93138953594325,-205.38607855792927,131.86090386526976,-719.9644677746325,252.3876489698278,-833.8084274915666,193.57260449893113,-357.200014660133,-188.86862358293453,-65.93595222808105,-1.808833720998905,-21.311436499523708
3597.4856098568353,97.28928207391776,-0.6033437445767618,170.41054340050817,-193.17369124384993,-157.9199499565565,-547.404185606814,133.368841696659,-482.9100009743137,-35.82657710911684,-51.85603718655801,-551.7034090155731,159.90149647898502,-129.82764426789868,147.72200723313222
4107.618844655396,120.87829160876754,8.503151575221835,-32.22329864714578,-116.62718837764157,-363.8290444642954,-309.6957866822211,58.48860777329156,-204.11287254719227,-288.2886667381464,228.25519564753864,-852.4329778940355,405.1250881825685,-225.03270404288565,305.35847164287503
4452.459714079714,85.44137907960834,-56.985587251740725,-299.3359973963991,78.13782410764935,-427.6574768315339,-45.1190182596132,22.210134234837682,-0.8382534240086272,-597.7270877316143,529.5355368055791,-1074.2971797745054,669.0107921834361,-276.61674928726757,448.6300573215614
4764.771420942641,-156.75942883841134,-111.13973524611737,-537.7596488465076,479.2089785909588,-273.1388825080812,149.52421705907975,-42.86024021418049,151.59629518046506,-995.2393314846635,910.4179054093421,-1195.6392206971077,961.0067093755302,-270.4210929724835,580.1285879082964
5326.5952434881165,-552.6282520987581,216.79753760339582,-458.08897946372514,1030.6276572375252,76.09953563417274,115.7861185527754,-304.11626460739734,348.03102456415934,-1485.5918565006723,1438.3810287055305,-1186.4070843604122,1299.2881910302083,-196.17647956027082,707.8093643271936
6374.1001307974475,-385.9169913230519,1256.0808209119332,125.66195330621785,1207.2229167309042,254.26214033983592,-219.3899367648641,-976.7062418566651,803.3937018275609,-1989.8249330816786,2152.1497821903513,-1014.2479611043365,1673.2588563696863,-65.44844027656228,835.5348462558056
7572.6793722035045,631.8148549241996,1874.7342291085174,404.33727077408406,280.07721320689734,-381.73694459276453,-396.5911705776034,-2013.1836502048382,1807.558629130142,-2273.329896830884,2947.517398659896,-674.2307549497041,1974.041769639937,66.17650630534888,944.8937740157907
7721.9061460567045,5.233882797823853,243.96517402733045,-731.7003409992315,-708.9599319498909,-1574.3017025453796,739.2597437819836,-2707.6094225049883,3308.688694000646,-2029.4680157346102,3426.322351705745,-246.02002723473723,1982.871233138899,107.39370330540862,992.4997211235559
5673.065299347583,-1386.1812802603529,27.925059098972227,-902.939931309221,1213.269783883686,-1449.544520815891,3210.987014802111,-2214.832010947669,4222.645380722709,-1240.4423224754776,2976.052537817636,92.00178606910782,1526.6995996947983,-8.717539304125353,946.7791293879985
1932.2793052412019,2905.182008757582,4035.140059901852,1991.6993584634538,3633.4956069493246,117.6159588212088,3607.3259763604246,-1050.7205283604933,2814.7208145060486,-442.46028074438914,1304.6323024130966,136.34029076293945,698.3341521116763,-277.2018575087954,830.4525950556176
-1165.8698674725256,2152.130278534757,232.92652372904382,1100.4370056291575,-875.7357296792577,-272.37609734930834,-758.9859903702924,-780.9901231145047,-880.805168908963,-225.53317697910575,-930.9841177011219,-134.673454363497,-113.07201725762013,-599.5951085276431,714.9292141998598
-1114.2948106890924,-8194.41336323367,-10245.394038675295,-4446.844008751305,-8395.428297655306,-2541.374141173526,-6175.733323750793,-1232.00494139235,-4503.486776718144,-290.15646502057155,-2681.0215715285,-374.39217842484845,-548.6320690738505,-797.1448956087382,673.9834803449731
3194.4882716720936,-7937.9242245529995,-10231.400290731139,-5633.767227473603,-9923.232618850474,-3436.6191808697963,-8592.292983970345,-1356.6264327117722,-6696.327346775427,-194.4940314864142,-3701.956818283554,-355.3034192576308,-544.3054986295475,-779.2849086360281,748.4328681112706
10084.416126163202,3742.5920257720045,196.8857770679146,365.12414136420284,-3810.809949391167,-780.8419333732691,-6054.722208258627,29.214069240545783,-6064.95515196169,629.3087532116645,-3264.0783933008656,121.40291568297926,148.8902492282308,-487.4107060307551,936.0045801775611
13797.831572743464,5825.773092726794,4436.050663705937,4316.5773736330375,1900.1643936018997,2772.211705907762,-1314.915975884073,2830.5216007275894,-2731.7306543341115,2656.217210994011,-806.3165755015688,1344.3562457855953,1617.575192221498,129.4366111745411,1118.3440646418348
9451.790804702348,1750.5982247589666,2062.2042291975536,3167.3223707493435,2702.515194280293,3005.334653540865,713.7173695040548,3712.659886030201,-481.5893756455417,3699.637178065347,1300.7248231600108,2073.286897412544,2585.900292578174,560.7707188904301,1074.3618091609126
938.408201747981,602.2558757707897,717.4654703039923,2033.370627502862,2113.001680594578,2386.2069483557234,916.3497161708744,3048.3592527305605,-178.30159070881666,2699.54749232,1263.1097400628423,1039.159738971939,1906.4530868307797,204.4822438949144,762.459889195711
-3567.290438716476,2018.6163705271597,1548.399073502925,1216.0058089117613,1942.0908453257534,1617.0945644223198,998.5074422378175,2559.683949917434,24.81846552564042,1544.7975938053735,581.5531308835451,-522.9306726959137,498.2412587445249,-531.1520873327122,393.78001891939067
-2275.8178134828463,3325.0604476903936,3100.472052736114,1631.9658443472,2765.285585402177,1089.7536457128706,1448.303981532983,2084.7384233255007,670.9174420390323,1228.1178041313672,842.8276378353066,-819.6279304747245,-119.04380300666833,-783.7491940929847,134.32558489757832
493.8995337648482,2439.25452490637,3453.5703795658264,1948.6472458496767,3884.0782640980433,1375.7207740372849,2256.919918447176,1666.0564887662813,1252.6750446459514,1191.0723910298038,1657.142306308444,97.67565093361827,220.9770612549102,-402.4923129115997,-15.843740395150263
1612.691160445953,1565.768852922084,2887.840740003426,1417.8933073662183,4240.058718727805,1612.3299077659854,2827.8005616768296,1424.966717833069,1393.5894893991745,860.0118571973936,1923.8470933899296,921.5105919025877,664.245036641018,91.98064962155627,-102.14319396771694
1568.7552600528652,1300.3753193369866,2288.534829280161,759.0852725168471,3658.8073319895834,1239.5255295885752,2665.50302291371,1162.9145526491263,1131.307388398642,195.55780318999768,1294.4217509356108,807.0139657427833,577.5152712952233,261.29725345486213,-159.91911584959897
1589.148414118327,1009.4324039432297,1919.5839305194772,160.84190213218181,2671.222652077139,441.20582910601667,1945.3529683123943,799.7555028256631,773.7183341291116,-498.5437392491413,263.56052691899856,17.970239915294655,22.234256086441974,116.1385154882681,-228.61079048736292
1469.995765893297,917.396527941403,1880.74744605659,-335.1687178951037,1907.6698934354836,-363.1980550474573,1248.260139161884,475.5994981484187,621.495280061564,-868.1694845533685,-495.56542963120216,-648.0831221819736,-589.2859182097031,-77.30059246690914,-339.10585663904914
328.1523099729026,1095.4110102974587,2172.7978147554936,-581.8941958063886,1757.751600149935,-804.1478504600367,977.0120191124511,331.3154904767001,783.2265755873995,-694.2842992866167,-632.114264173644,-623.1101668726825,-953.938191653986,-103.71646416506329,-492.0002139467636
-1777.0508332506572,1283.1074598249984,2682.6790839874006,-664.4606351364821,2200.60839679909,-762.594770612087,1097.9798434643726,420.2574995659083,1224.1626802987266,50.27540185154436,-206.42130782027402,147.5621724827161,-1018.5305679853584,90.11233996594758,-656.072746851496
-3383.615638530232,1154.3708702358163,3140.2378802766025,-816.2246461723023,2738.0092948403953,-254.73578786825226,1419.4959773039761,779.4249036048436,1866.6616749514028,1184.8952897604042,428.85102938120247,1320.7985223317387,-879.9644908817601,437.2009301627344,-783.708405787193
-2951.7660874875874,159.80278479695602,2978.302077838401,-695.7177155529113,2976.986209004205,814.8122689307127,2019.7917906207288,1373.9267875651913,2503.4380537364273,2323.424981722603,788.2708537828723,2399.367270065649,-706.450725590424,806.9455111836771,-846.069395113534
-1041.1885400041906,-385.0566379324039,2817.7089574840234,831.879705105633,3637.984019465595,2275.7047419340574,3134.01318696567,1894.865569208523,2665.9249061148653,3001.102885436517,396.96453157175074,2973.49275548178,-752.7808918055248,1043.6955755138404,-873.4785897285867
-285.97359232921565,2969.995919416939,5596.7926781762435,3140.3958381202697,5886.843201637922,2715.676027034602,4297.7106990802295,1578.861587349792,1615.866465525135,2844.765641144484,-1049.8977709692822,2877.3416893632925,-1253.8800320771995,1041.5751169008936,-931.2532622344831
-1491.0948409694863,5221.639580326039,9719.053462573824,864.4177086039775,7467.7114631478635,-403.97561127942924,3497.0614185764994,-469.85480434770477,-1100.1335735851935,1799.909524289153,-3207.7766202838006,2304.0138343343015,-2048.418146627266,882.1244048079079,-1008.054756326577
-1242.1967170755897,-3608.568330812892,5679.346272510909,-7475.969426150105,4002.967583969655,-6152.7826963432335,77.10738722050394,-3324.2778253759398,-4129.189408209645,742.447480943072,-4821.836914563667,1901.3449350179521,-2488.7843386058853,855.480051363225,-983.3858009176981
3344.3214394355286,-13915.80140342269,-3367.8588237484105,-13751.393111116582,-899.509219201667,-9834.764111983195,-2537.636187224216,-4424.448975907284,-5403.299491874165,1037.63889457516,-5055.154361936538,2300.3530479169212,-2158.3836735750738,1154.7769564597309,-790.406216070709
9880.995063599648,-16487.682119769317,-5667.708059068922,-14768.367797794308,-1239.7168585206928,-10007.831506184568,-2215.3170823226583,-3068.41508436471,-4992.788862832763,2808.9309646562106,-4429.396256891871,3373.9652250188115,-1327.9039520396032,1644.3596921205863,-506.8512808581163
13043.96864740121,-8478.656061674583,2053.7824955206893,-9548.574571339235,3156.4799765220614,-6795.618565932101,45.463889953761,-487.32005282174765,-4117.947667587733,4756.078284814087,-3827.7256476072835,4315.773825386677,-550.8817534379727,2015.7428796106306,-255.40149547609366
9216.07617563819,4519.763145668182,12649.601020516744,-600.444591669162,8848.631736657271,-1552.0055980285806,2622.675120187805,1777.1538002400175,-3498.2429827959822,5350.14365064269,-3736.222379059227,4147.275671177968,-372.83745421761034,1915.7804470153021,-161.48975959772503
1050.6916514412526,9418.443796017718,16491.282398316525,3240.013808896592,12123.482221591745,1811.6143979837684,4486.805357858947,3489.941558861931,-2998.8083372715937,4906.895719521894,-3893.628325657065,2887.660760413881,-881.9271550916702,1295.763282846033,-249.5827315510644
-3587.0357719700132,5445.5362761757715,13175.283143449951,870.0983209997522,11274.867831417465,1855.1415083866618,4828.302147505138,4811.593708345519,-2622.614499398235,4854.3135959001565,-3855.903559646092,1766.4224939264861,-1461.9261520905068,645.0088367883498,-342.00782514645437
-1263.1569754988884,-4599.237262277344,6197.441037676041,-4956.0600936163255,7322.139549377357,-160.4221184696352,3648.829679085765,5413.5962231741005,-2409.766529341741,5281.558777242442,-3485.1493061531505,1419.0720296189056,-1579.3902185106606,334.3659617557422,-302.24041067338067
3815.6148979628174,-12922.648162889434,108.90231885168365,-10735.241570352999,2818.788940681262,-3040.3028183587,1406.7078556526417,5029.795281179419,-2441.461544442618,5544.697315080258,-2798.2599296182902,1540.3544459474115,-1249.6312465780588,291.02811364569686,-194.60489485109042
6887.162411240248,-13964.599388892813,-1948.5644246235613,-12650.958681560192,300.30501797506395,-5040.499035956917,-910.172209146562,3938.089754285731,-2824.7742932931164,5317.1887383108815,-1994.270857913773,1846.1563517139216,-664.9099486176635,399.3956970706673,-96.02701684698924
6878.749521818025,-9245.277015438201,8.783275217248335,-10395.046452852828,258.63620352493945,-5259.876761196469,-2449.418038446332,2707.9133060515437,-3419.086186754528,4572.450298873047,-1372.272260232796,2154.3105707886534,-15.846679240165258,583.8267303177286,8.784991874626442
5005.027478047446,-3313.139088736142,3834.7545636485706,-6458.935841033842,1408.2053821681855,-4309.865448795828,-3204.087508350106,1622.0062162439638,-4043.5577110883396,3406.5614521801963,-1214.744180628978,2101.0144401902967,386.3932229874106,652.1864549738473,148.4812062110887
2826.7471599980036,136.7156045388496,6801.163611842003,-3687.5427338982586,2319.9717024914944,-3323.8177242036345,-3553.776833333017,732.6018368462682,-4517.089844854859,1988.9326244052022,-1635.1933231754163,1372.1161131463377,262.47777922972966,430.2424194015074,303.2893327696212
1353.2423356302754,744.1307409365658,7353.595576961991,-3073.1001126228916,2343.3638665617887,-2868.5359244454426,-3687.008301786405,209.59463748240256,-4648.390756791352,625.2967437667348,-2424.5771606689013,153.60250366384247,-296.0520040984478,-11.195506615320227,429.4215966788939
1139.7629566543633,-237.939570193821,5653.522841773098,-3730.2613892457466,1783.6317601350647,-2545.3997103417196,-3447.065828789731,210.63621484275694,-4424.6416005708015,-358.38270924554354,-3192.1396700515875,-967.3360408680196,-812.8629723962113,-429.5991667551705,528.362085957087
2648.7530079149706,-2865.9022366916092,2852.433140234282,-4781.061220778446,1437.1941800220695,-1712.0260158618833,-2707.262366156733,482.0744688782338,-4144.069565155621,-876.8507976646133,-3678.452113151417,-1607.1240619644568,-840.349759677501,-681.9974498844731,651.0560368363942
5608.104806565308,-6453.278748273343,1113.0865951828955,-5286.722371315274,1562.3098817692533,-700.693852948446,-2052.285506848906,409.66863922572395,-4283.3057584923035,-1023.9899683667586,-3782.1220317877546,-1818.3411717819897,-326.8517290696993,-800.8118470196288,816.2814247672331
8700.668803798557,-7391.236686350859,1278.416774770449,-4611.19585579998,912.199149793395,-1031.7329650775303,-2631.6495733036454,-56.739286370192055,-4994.583267629978,-656.4824402595226,-3273.9245277012005,-1677.7753513844511,503.22181906252774,-809.6787863116522,982.8329221988386
11496.833773678485,-5693.92326790718,-195.65930669938308,-5553.6407030361615,-1843.318011264082,-3215.44198384191,-4678.943415690774,505.2697166819428,-5564.07346540695,810.5553333841002,-1689.2362089920848,-990.7716264038484,1549.5705145164907,-618.7578986981238,1137.1088692646617
15153.65628746659,-9817.456962396507,-2826.759328619779,-10806.335422262051,-3703.139957764256,-3864.512045894329,-6198.397197102138,4004.461308765573,-4727.069519884739,3805.1291217073676,1171.2511464499194,249.34884648525116,2889.0064359509097,-246.45983257004423,1325.929356724019
17989.40494174387,-16007.89743201663,4181.323026463547,-13494.789180527148,995.749984512649,1259.1432890576743,-4564.063673935592,10091.82073967794,-2131.336590264328,7532.633810863741,4520.888089464656,1261.276014152029,4325.486844588368,-54.18164263711702,1503.1364595584919
14250.162320455467,-7310.0444554255055,19877.830386631995,-5551.768328710658,10957.100261944093,10329.856237583374,144.88885534813835,15846.305613122982,989.6964409714432,10215.459826885926,6964.503162792881,1085.1305866245639,5214.2744445703365,-409.50877462639505,1467.9581369399218
2896.173099242715,10089.001515341237,26418.343990443387,7875.75560980716,18712.98568022326,17336.49578523729,5336.819554134278,18654.578221818734,3245.77423677962,10655.357581656248,7694.428049276414,-167.053654123045,5024.001974778677,-1130.671535745628,1136.4986033654295
-9098.674813011765,16085.892013435263,19821.06479587806,14220.064380799995,19083.922269704944,17827.650217578983,7001.920316003516,17267.139654323935,3316.342565836526,8512.88012013238,6528.480620281966,-1697.8006060356672,3796.7460579325134,-1742.7397583002594,693.5972848427523
-15502.328123546926,11177.878797403784,15668.547526745166,9941.35140405404,14070.141462450585,13347.183527099973,3179.0313216408445,13096.14544255245,656.6243828792587,4539.877268683765,4092.862254366681,-3125.324218234533,2157.3462776721326,-2085.66121806274,356.2259752111605
-15004.197066159679,510.96522578914846,13925.878234772941,387.35709960461986,6649.542228859717,7493.3324716683965,-2683.5328472490883,8753.302873899192,-2527.8628973040095,898.883947717998,2161.215387308972,-4049.998122047268,1054.405943429524,-2148.7280693785965,201.39341320692125
-8788.645026126496,-11087.63431921169,7230.041871828416,-9099.109206102878,-1855.8693542298818,1233.541995182303,-7605.481612131783,4819.199937640618,-4524.76557022145,-1207.1297013895792,1614.5312018152958,-4017.1905327392537,902.8678881238626,-1854.6807369928424,192.58772869598937
-105.22385546625091,-14092.877370836542,-1321.907696560628,-13230.055915377849,-7745.056034186843,-3397.027537094836,-10518.301804617344,1815.3085265623042,-5526.178072415089,-2266.192057890601,1785.2470858279473,-3380.8568944317067,1206.2303651948919,-1370.584965399724,225.7622013971852
6763.133231680735,-11229.958696058726,-6149.444563138425,-12953.533878544193,-9740.853490224647,-5254.471086121893,-11259.939803138928,268.89552868970867,-5697.190136530495,-2821.865327117551,2024.5172226296895,-2791.328343432305,1382.8914827102096,-986.1014987855635,225.47906904833278
9189.706743354358,-11139.323885997384,-5584.539589440664,-11632.009883373514,-8811.820522407075,-4360.068917727709,-10636.315420239305,31.133114103858475,-5207.412566965098,-3102.2750516653723,2124.9681397177415,-2404.032518382328,1374.7417166060577,-721.9741302548326,199.98384317672844
6602.959325130543,-13550.019103540335,-1367.66384497669,-9844.548512204736,-6158.471006145105,-1544.5892624248743,-9318.118267492513,538.3214431751292,-4425.491062550798,-3276.18491100022,2060.8627559679594,-2133.3574060797796,1375.57870498672,-470.9653428175096,146.28132193437602
606.7791877320176,-12088.079160124513,3960.1627208218756,-6383.110986782101,-2486.773565966821,1958.8539963820267,-7343.568445283992,1240.0961876149377,-3492.265368863298,-3270.7645193267035,1874.5735346804563,-1952.0939655486563,1367.7101809653122,-271.1929790773268,16.434691190363708
-4769.522612177854,-6038.040143007275,6779.40847975185,-2056.1049687751083,848.5137951914289,4628.29232970518,-4923.804071935811,1965.9899963357248,-2233.465427873846,-2742.1560117579265,1680.8951081876567,-1767.2048112334724,1178.5436052194964,-210.93465575735368,-164.7509671931181
-6440.191818406896,-724.6352550169571,6051.9626643064585,1015.7136469767286,2549.8128588905665,5333.194105579319,-2699.796409956192,2564.2843343673567,-733.8726747150781,-1716.8328539954134,1594.5049886682596,-1469.0442372259358,849.2678686279085,-259.728236129653,-301.0238539832394
-5485.645100665032,995.1445350903872,4441.242436880114,1915.77349103417,2661.0013798104787,4696.55901583862,-1190.3414520346255,2986.0534897863727,603.2755625366493,-748.5103564903412,1617.0163363080314,-1217.9922757699014,504.4242031981804,-361.59955647389353,-380.4747187932542
-5059.4418418383875,988.7209594649584,4357.029332619749,1460.6987772535365,1916.6625007099242,4058.314951952373,-569.5357485874832,3418.930900508807,1676.853389404704,-224.3757663873918,1805.1618181362994,-1312.1449577214057,59.558006243759735,-509.50129389447136,-496.96745803559963
-6432.899186238499,135.83796564022558,5563.829749544168,177.06505213060404,549.2586664887965,3806.2140921506084,-509.9932297254643,4066.210942342143,2811.3139061901493,-41.84375433448905,2341.447553281748,-1653.392305327462,-501.6428181250204,-587.8478549909778,-705.8218058137616
-7791.341401376558,-2231.421545374448,6037.707649545528,-1782.6859466609565,-1127.7986447535827,3842.169747755988,-366.06218623022,4970.243164292774,4155.056939024623,66.37411332424054,3224.95374748135,-1700.8693960936134,-888.0837876709979,-386.77241111674437,-934.5332375881135
-6437.320927793178,-5255.196707935613,4132.708963007429,-3100.2675858094644,-1812.817708940716,4375.988311411155,195.43922415872368,5826.119146942677,5313.808309029377,146.41376602037602,4045.67176236319,-1182.750536125664,-882.2066787314022,80.37619150639877,-1056.3054295669358
-2543.913195879437,-5264.447922084324,1883.1611846168234,-2124.508910479539,-718.2820764380263,5467.919716571807,649.0265850044523,5973.034063796896,5652.432113851301,-97.71486507372452,4219.373891883322,-530.8797934607655,-674.1315188407359,507.3930301989244,-1041.2813940749134
742.3669173713689,-1417.5021255422807,3124.9862001314996,333.41650292621154,554.4042577037582,6446.524079416925,-13.992822057523483,4862.468640408588,4957.265389233657,-878.8008603615204,3645.7105550669257,-226.11123823932763,-566.9326049281617,705.2847963012205,-982.0169949323476
2777.5855366411683,28.453496272675057,6428.563116757536,1348.2353489200354,30.73332901072706,6643.294371186916,-1629.7575826801994,3055.1896864955297,4040.858584427098,-1794.6330422845976,3107.576311450256,39.62442957679343,-514.6385591115629,900.307594565795,-925.9008131271382
7180.210077506948,-4008.515803629495,8128.584065709734,336.78463582295353,-1860.9377265892333,6609.597277163903,-3235.272166728812,1613.688689254881,3969.1585708600087,-2393.274323674454,3427.228317950273,912.4598804580019,-252.46499061960805,1390.1341876357574,-792.9845289388802
14649.044272812349,-11289.509220415683,5380.426290061894,-3300.3724217307004,-5608.09760894902,5363.105829667328,-5649.078786196604,-338.53286838389187,4161.098189215252,-3178.1234271066355,4132.970746172238,2172.7547695677285,99.1980856090056,2050.359138789748,-563.421746122418
20484.52552573134,-12663.139778157574,-1327.0936369120168,-7881.877187908671,-9877.061480657356,954.4195165608196,-9216.382644847794,-4017.2739215580136,3038.41822520405,-4824.5954249046445,3903.9786117930635,2894.0193171841665,44.569015156379976,2499.8297441550317,-359.1816842456406
21356.70965900162,-6272.619574590784,-3197.5055923556415,-7994.42102601878,-10317.605887588115,-3100.8902016961015,-11199.472527391203,-7323.961143492901,994.0504860921341,-6582.148685006739,2476.369543150745,2763.9737658884633,-486.30538874147555,2569.10779299909,-248.60366124653575
17498.357213416566,-6550.02904870743,-1189.0163433326534,-6223.2401594263165,-8956.424409910043,-2632.6185266218145,-10298.65348078681,-7884.114815223069,-19.6678274879492,-7178.63942031489,913.9819182896772,2284.0499316454907,-1001.0316797287189,2357.030388661388,-191.91162447880106
10239.979934839534,-11733.467839368079,456.28501474887605,-5252.301787051589,-8445.013017569576,605.5251759480013,-8106.242037490678,-6704.261185664191,146.5951632989385,-6785.448113347907,-275.31539611863775,1697.68025590031,-1323.450231304678,1994.2039388970834,-162.13643061375444
1439.6587628296838,-11940.001130423367,2602.149013548736,-3517.6403881273654,-7727.703253504956,3400.3228689749485,-6048.555534412736,-5536.2469285409625,225.03916830718813,-6286.726761843365,-1561.7344631173578,658.0310782511428,-1778.6155230775848,1457.4603986743577,-170.9377208086991
-6433.474261272993,-7276.743817710475,4580.812685997596,-1307.9754131261186,-6632.8686917832565,4341.269668464513,-5036.348980787574,-5208.6892291747,-85.27877310108065,-6082.537443450665,-2932.950551419257,-783.4339081109382,-2396.084513280835,779.9421594949679,-198.60346385926127
-10920.06579570442,-2207.3271664860567,6205.348308495966,1363.7633616553971,-4722.630239722752,4723.184838794887,-4307.988449198105,-5289.921225390003,-225.51730972522287,-6137.433219223137,-3926.0329797771765,-1887.4037196211657,-2835.843479893755,276.85330870316864,-165.49952244750818
-11575.620877602441,731.6520562326751,6437.174658450647,3518.879331948391,-2257.3330261745596,5541.58257108296,-2687.9152530699494,-4713.123252714776,294.7535171343774,-5966.370392317918,-4276.862948366863,-2114.139402528003,-2892.7981222903695,154.9808221217492,-42.73055200830521
-10340.137174088182,435.4241540344452,5721.901886428675,4044.790433121807,-668.9614067041526,6179.965306442036,-611.3507844787019,-3432.0059496053,1385.1488802215563,-5142.690264081979,-3912.6042183825875,-1554.4822376507184,-2588.799989359472,233.6613099020654,78.62184303099755
-8058.83187002092,-816.2089532536032,6226.463062725595,4139.214017978305,-207.9743175203798,6530.624044882501,1226.0291551935632,-1933.4384088342022,2786.3324572379624,-3623.093333459389,-2967.6496267311413,-636.9751453126288,-2166.953757322344,229.22766536638113,126.92004631617289
-3190.587640465036,-1272.6533971203573,8227.098321214797,4947.670525399389,-301.37352590366885,6787.095858924577,2595.613395394496,-459.60330202618525,4272.866158453043,-1547.3390266565489,-1704.8880724610374,302.765480433599,-1875.3705779520983,76.07163658005072,165.76759314446733
4323.5935242046,-1482.5628402703317,9795.873460163792,6031.785682060051,-584.9647903986695,7193.229395576125,3607.411999714934,832.2688927601696,5331.968660251538,556.4172293648531,-413.976239898936,1200.2377364742235,-1548.149959598594,-24.715797206208094,283.1698959895828
11049.697782888403,-2737.220152705206,8786.07408448245,6138.03044020369,-682.7559905251197,7763.02167352857,4534.086875850184,1775.424246039554,5581.329291266034,1996.8941777499163,677.7637307916176,2054.8347718927303,-868.7880798922538,112.96630413804832,453.99131797394926
13837.52905344476,-4289.2500366761005,6146.362878393329,5275.002362173053,-422.86356516112426,7707.405665270542,4958.496602346913,2107.011210406922,5331.9638694616815,2745.9464984757865,1530.0673859112712,2730.512037205139,5.576489605848224,389.0636395729452,600.0392495658381
13132.265196988283,-3822.8770357706812,4056.8779320038752,4090.3506652951733,-238.22891227874317,6663.440241618636,4636.499981283643,1870.9120275846008,5254.963633952798,3328.891173070741,2237.904147526696,3119.3395001549525,673.0590353708538,590.1482685798655,694.8391996341012
11672.928601652686,-1625.763304806785,2830.4755187992514,2888.699387052129,-644.5558411227873,5842.319091724418,4646.50352762545,1793.1565452947432,5964.869177866579,4329.4765560293845,3108.778299944346,3408.491599045129,1142.357503814269,750.2108889492761,749.3702442333107
13286.618238004592,-1469.65047427861,2974.444138722271,3272.754144980171,-1160.7929432124195,7392.117114936143,6755.060801823696,2865.9726461946834,8119.8060411600145,6357.1350453203895,4625.73156345981,4128.88691394234,1835.63787405575,1149.3852527011118,830.9420212843063
21476.83297106054,-3685.5426134442027,8575.096498077206,9020.541732751492,439.5614862675548,12685.54912726139,11701.547201804968,5267.45387500584,11680.261426380468,9376.341365696439,6513.857491450195,5786.040119598027,3056.3496111112454,1795.2886086798226,1088.6549675307367
31485.80140149928,-158.45174704288178,20770.81056613608,19821.60914989301,5182.986033770995,19319.478423184937,17074.286565526763,7286.345415201756,14906.277996590446,12028.995985215179,7172.974599216957,7817.647119273195,4366.6176787571585,1998.5996935042651,1493.649666691198
29210.31304330337,9931.909726196869,29346.684288090055,26728.269003672856,9122.873016729116,21949.882082723925,18839.055777967864,6835.572652907189,15342.937450847048,12457.613622641911,5198.293996680487,8309.234082747076,4634.97222323535,1070.3835003557297,1647.3435955687085
10619.665703973435,14243.113421728587,25864.346324936014,23385.701595014627,8325.657527994563,18365.69851544425,15853.579875955234,4033.6053237342335,12314.150070192662,10103.351523259462,1311.8940219746742,6116.383906829952,3302.1011123688604,-558.4967168215505,1278.508548884834
-9505.973716822837,9193.082475336576,15416.722038125872,14447.689489428265,4895.68405552089,12247.10447797474,11092.354196429986,920.2527036312217,7768.991766663539,6436.030477584885,-2250.4086682780544,2600.8748762117175,1244.3662604006956,-1766.221767824913,698.7434607398851
-18075.319952871258,2614.150102097423,6352.979872734836,6988.233724365026,2577.444104977695,7630.480717781775,7383.809699413112,-1006.34099565384,3948.7280303633024,3328.5356374404437,-4020.6151145102817,-65.57850254979769,-248.48236817239666,-2075.0823125875336,351.64929827011565
-16895.18216284749,-160.0336245119013,2515.15451349871,3529.1379752888415,765.8338656390083,4527.250245749291,4589.3028805802915,-2317.381682733265,1129.0009140253442,1125.4506560275534,-4328.7159507576,-1320.9459304728061,-872.6156881367789,-1834.698967991732,290.6193034450865
-13817.541273100835,-695.8097181614578,2370.9033161757893,2637.7198100189808,-2278.7452554700576,1478.3187562972125,1910.8592127466168,-4141.8837095855,-1457.0453445015137,-779.5824742554558,-4465.943129357893,-2047.926728008847,-1208.4017410661443,-1563.8422747564562,318.59403210523465
-13611.737475632584,-5247.37690951329,109.23227593739227,193.3901367604251,-7297.273355252733,-2874.961755216113,-1254.9315546756654,-6411.1093779750745,-3987.1626983854912,-2461.574208150465,-5122.30489188277,-2893.2112379667974,-1587.6419054365094,-1556.9750473219356,295.6706660427538
-15843.234294794254,-13113.059912455596,-6514.962917515287,-5017.402821248816,-12565.580614311166,-7980.597774417204,-4749.773335756185,-8558.372757787703,-6208.2306207762995,-3674.8979406673097,-5957.41609895238,-3651.7736797958432,-1712.9265260475845,-1732.7622971264743,220.2303664356759
-16210.895176076541,-16766.915499772047,-13064.777694525888,-10030.08270587964,-14715.077824908203,-11269.0839685987,-7190.7087744241835,-9886.41078179297,-7687.06756837308,-4184.466896451975,-6488.6641924194055,-3982.19312823914,-1359.5432686117267,-1799.2950552157047,147.4445995824348
-11563.89386247775,-13672.029123961256,-13797.707360619575,-11027.403197662707,-13059.897244823616,-11452.671106263622,-7799.344183262562,-9987.394225092372,-8023.41973601649,-3704.916195936951,-6366.829308218976,-3771.4628360428255,-648.0078254028822,-1642.5512577173647,82.03042166401923
-3469.256206884822,-9211.931434427352,-9642.164144240838,-8201.040333516261,-9687.028754841685,-9539.01715371185,-6832.432629280425,-9222.584490558527,-7319.080216618189,-2309.490047701584,-5323.369339396522,-2958.0829886560227,274.5351519199321,-1288.4649874253214,-3.1312095793564225
4162.577984191954,-6291.457483630983,-5427.425750889307,-5188.977445131647,-6988.895849399317,-7497.616541970951,-5125.309520883697,-8159.29829188634,-6109.422827490216,-544.7988175484841,-3600.704263273685,-1729.9765838600438,1205.1919388262968,-788.8937910250124,-102.68843603270602
8830.43681087914,-4514.676108764511,-3683.7261905719333,-3943.2579328395454,-5911.013953380136,-6298.17730692663,-3403.8353354648452,-7108.590656465035,-4933.879137142949,974.789353670465,-1884.702386563591,-626.1710311610875,1847.0356900702832,-338.882900429227,-206.90013874144745
10577.620732089359,-4807.471832989892,-4472.622780335093,-3832.9561346157006,-6381.244066272797,-5828.7853415900145,-1792.5058279978887,-6125.5381827672945,-4008.843403805691,2028.4616356615559,-657.6843307249654,-35.22694528413335,2070.8807480575465,-89.25976264400663,-306.56672463474143
10367.228249544483,-7313.840286251393,-5989.304694569916,-3327.3185079789578,-7426.8900062670755,-5520.8399077771355,-147.2213783075668,-5159.732948216395,-3370.8061520749543,2654.1157358766436,105.37926713529976,194.29647830923162,2109.311121157322,85.77163342318073,-381.930099998756
8134.343492961814,-9193.463092753558,-5453.987660581936,-1042.5531417696402,-7530.96083945368,-4726.7134078121635,1412.1831460846015,-4058.0410723784776,-2758.516687944138,2881.5386385353045,748.3381482165977,387.1878493020935,2302.384893872099,357.80807883141017,-455.95128390760027
4225.806268656442,-7064.695176282824,-2277.8227816220224,1890.9823338620517,-6529.307163814397,-3746.3991102956547,2136.093692130826,-2455.0011045243295,-1484.922153510336,3067.0033826932645,1469.469782126859,486.57486411645147,2508.1923035499417,630.127800332357,-564.2719985350611
1226.7539208479686,-4093.3000189178383,-408.9864350300967,2271.9486174917,-4547.6480659957815,-2259.4455565727953,2202.4180400149153,-304.8323724953417,244.10751058699125,3430.2165666692413,1949.1170456848795,332.1150603252501,2283.716749108935,688.6180962946237,-666.6006582968471
654.7935994896567,-2220.9757034313234,-143.39023221498442,1395.8037710354672,-1509.7779475792324,65.28838629365939,2730.1920284153903,1480.0961245985054,1273.8723215723994,3655.577623111127,1969.815534434363,52.13076835786012,1719.9343396000345,543.9985222161573,-728.7061705517277
220.97398014598545,514.2735245928911,2045.2491186142747,2908.9376202446306,1274.9010820939666,2217.822528359795,4392.20887064773,2753.6407140267097,1341.2247394029787,4127.960507833026,2060.2397641484986,-478.917258662622,1265.6885040971988,458.6923984867954,-816.9523385414775
-680.731644267873,1580.4166125619831,5856.682445010312,7812.024981158428,2296.623550507432,3009.8378429082636,7602.057356499681,3864.022371103125,282.85108562827673,5212.157806910357,2718.6293953360287,-1478.00706079929,1084.8715698472633,744.7481093829862,-926.5393527751721
1629.9132482721889,-5965.063064607248,3749.50012905207,10388.298008572394,-844.2464450250832,400.55342476013425,9598.928693297577,3925.6269056657025,-1691.149693011301,5846.966858671956,3625.265836121169,-2273.8535306956433,1153.2547933441451,1376.9530206536408,-880.7917494162531
5784.174610572326,-11674.818545966322,-2860.9720035092914,6073.563241885777,-4284.063655467772,-2630.8508960357567,7921.513712738899,3009.5499413012094,-2741.9965843424616,5116.955408138644,3847.740131560627,-2102.1209363529815,1262.890892110903,1767.5134880542855,-654.0628341940326
4471.418224168255,-5139.520757367779,-2264.4278443515595,2391.804281305472,-2913.7307187064985,-1946.0467354491402,4979.732027117123,2263.422718457172,-1998.3516164197588,3394.978532717373,2732.7368573801796,-1506.7188099649593,961.734461137471,1432.334513104268,-517.7452068530025
-2011.1043896065987,1034.8638899098298,1707.0093880977215,2682.6645486753123,38.51154767992162,295.5361850351544,3358.1979579913527,1930.9776438369136,-754.1648754189268,1547.8516715566416,814.0630449094972,-1550.014151541303,113.42815851175678,727.7737894298177,-605.7864072903134
-4546.866152445153,1493.5217599263149,2993.394116963026,3975.9908242671595,1420.2513823730599,1404.1211892798258,2950.9344061958536,1645.9898060330877,-311.27281533811185,198.40621817182966,-555.911708654534,-2264.223355893227,-791.2021181711791,410.3902971956411,-690.7653818794339
1300.390185059971,186.01837633544636,2839.1602484517985,4935.651208561097,1737.589727885958,1401.2581716574234,3170.553930963265,1579.2313102163364,-570.4545284185697,-257.52610148657254,-515.5752766507001,-2690.3149228947664,-1150.7494676593044,719.4120865380387,-559.6996008896899
10289.547677072625,-1182.134030775095,1361.844723111237,4659.489535688968,954.2774064620323,428.4382924391629,4137.613970417542,2407.9534502393926,-659.1001385945069,365.3851531633432,666.5046519948677,-2110.4846637999326,-814.3833961144317,1263.969404073187,-296.52966566939915
15576.9384816839,-3415.22916837057,-551.8809286400601,4593.8898554242705,303.4896807135774,-426.8210878188405,5576.8657394906195,3852.090611578491,-288.95834370856653,1310.6720892012283,1901.7044248388106,-996.8816778084724,-228.06828151788415,1657.2812499678448,-75.68062422864244
15054.754807746454,-3674.862003734157,-469.4297337100804,5039.252321745785,627.6752847712226,-564.6275762608617,6125.336450316256,4454.303120648175,-116.48695475923103,1357.8036554015903,2184.748407618422,-438.8114448512513,-85.19480059533063,1792.7069690652054,63.09287178527967
9993.385662129296,-2079.697247396816,304.57943892788126,4336.39699283851,553.8641880565158,-948.7358036390428,4953.057215095459,3535.1775248058957,-736.5472591959569,375.7849992872704,1536.3098948765187,-661.8224761143233,-457.5764127355519,1635.6446965658997,140.28046167485266
3472.8631833327313,-980.6124286163038,571.2519183923825,3244.8216849865134,221.3902921435024,-1345.005415706707,3071.3307770751226,1912.5069122879104,-1738.3067068888488,-859.3010778786845,658.4657232221984,-1018.9639238326971,-759.1343139128485,1305.073814026117,173.68727377584736
-696.7000162607675,-371.72108519836945,601.2416413978334,2312.511929489719,146.70553159156742,-1289.0422370619306,1479.1945850934135,433.5405642938373,-2514.7408769036792,-1757.7957743572535,-24.493236244053094,-1146.2912283675564,-726.6728679963803,1023.1356649000188,202.2224109392028
-1219.3987605199043,-247.939993763469,405.7146960878037,1524.7809024532753,197.9892970312351,-1018.950181473899,412.3254407197294,-538.3926421405561,-2906.385923151573,-2118.032932533986,-400.9256530088684,-1105.9382212223434,-553.582644122277,825.3339964383166,242.64565248409724
325.22904746617024,-434.8331422241418,130.79161173476257,955.5408454325708,257.36957940440084,-681.6811141486751,-134.66375646950974,-883.9089170412935,-2719.3620358082276,-1785.800071782693,-304.16937957376035,-832.8006545028136,-345.14909099438495,687.7191874364132,285.2937740113251
2122.5682824096934,-570.762015723082,88.28806147781411,944.8424829857225,237.71978347920228,-393.2724347353694,-276.11078504765516,-728.0888021814956,-1817.7495803098307,-748.657318506623,450.6634042003871,-136.23711636035625,-75.7007742614764,677.1006154362949,338.5381014420214
3432.3650318998652,-532.3129816046841,457.3024779459109,1465.4795931937297,486.01701975005597,17.93972257495895,52.030480675752585,-141.87653511436145,-529.4381422022216,528.9871015025357,1723.4275800678306,879.1759565486586,167.65959370586722,788.7437164351722,426.7831677606312
3912.0333952108426,-70.5728583681451,1155.7741727496625,1828.1787565314155,1161.9679763668166,567.3109489979529,871.02243640502,851.3105581826594,544.9402614273864,1301.5132442355564,2795.2734293533726,1618.8311336322604,137.76571568767918,805.4515176348644,544.7593411117738
2312.113066897898,898.2858286651793,1806.4316755121972,2363.4143865297156,1928.5967879957761,697.7988288088918,1650.439139674758,1622.386227139362,931.6591481292385,1165.5702539145648,2718.8993051923244,1401.2549147481961,-370.03187475996714,469.81210362158544,627.756293413764
-1519.823299435241,962.2518193125331,2025.975545503755,3233.256562535051,2207.555463867053,360.3621252782282,1241.909861135153,944.0655081672007,162.88479726283515,169.25080961951898,1435.0640171694697,402.37787020904716,-1188.7658421011795,-104.75706004891163,638.7526915524019
-3836.63638194876,29.139549763410386,595.2041907960136,1692.8312153345619,152.1345978505793,-1383.3915631743744,-893.5601022991946,-482.6879062679715,-1520.3774647731198,-1284.7744963505434,324.8351265797887,-135.1809671635996,-1715.8919390092315,-466.014512889696,662.0825314083513
-2607.300408838455,-4482.325958768432,-3699.918748971764,288.90002978427333,-2059.4062091080727,-4313.325700508693,-2379.661682218046,-84.58092875561968,-2275.1334746481252,-2271.219663214627,297.6072509946178,275.34725086903705,-1659.2430283783992,-524.5937114972672,737.7553544986828
-1968.7239051471513,-6832.086405253384,-5288.318933744891,1472.8723159763945,-1729.8502438126393,-5532.751776325117,-2516.535641080387,817.5882946983944,-2141.607962603605,-2663.947255592307,196.50457855653997,457.0527360326317,-1585.6450150431301,-646.6936892840557,723.6273500116605
-3101.4124771662255,-5927.780371383485,-4903.9294868542,1667.219936395275,-1634.8553260055028,-5880.917958129022,-3087.736427646753,527.6384107054719,-2436.5392652167657,-2980.5496868128616,-546.9475055746423,-37.19956916252818,-1764.0932139577217,-824.9578471278907,587.9568049134475
-1617.982621500289,-2576.378323263694,-2498.030072525103,1672.2780380269398,-831.8527137282614,-4660.500912959211,-2593.1727656393305,474.2556719275724,-1971.7365221585342,-2444.592164385983,-631.7619350426569,-228.67272406189426,-1554.4671721805212,-708.0559446271071,534.2928867345165
1970.1869796017218,-479.42720019738647,-663.9736386591337,899.9732205425112,-365.63550477373917,-2628.453272892553,-1304.8039833328396,623.4044508932686,-757.4555343447598,-1020.8811139079155,254.9649564475954,225.67866350436424,-825.816357377099,-415.3466406571488,616.5564017394966
2724.701553190817,51.798169979856084,-59.75479070629994,820.2836708525226,-87.72593207219504,-1663.6689215758922,-486.3943000313389,877.6839149304379,194.32912064363532,6.091124133981225,1093.2245654183234,855.1169516982482,-258.9812979573104,-387.8656635936405,643.7255882604977
372.08837312791974,-180.55023887242845,-347.84421789236205,1226.954941922375,210.3363546403109,-1531.4208019316025,-90.39442666821972,1350.3290705236225,846.3286391514769,251.0224581040667,1296.0302772089178,1255.0129602670588,-181.1449797322035,-671.9576468139473,519.2015908374728
-1201.197446567772,-923.91041998978,-1087.8416135312625,1685.6154284225142,633.3155636400832,-1953.3092742126578,-215.25829959232607,1815.1164463143796,1037.5919554557074,-117.5586108099144,857.6795210704558,1175.5124871508601,-378.9732992031532,-925.2832855842361,356.72971455191487
-1070.5447270557588,-1944.0350088922585,-1867.0658547462037,2578.581615888611,1613.1758766289768,-2871.253079478643,-1033.2513733461055,2331.184195999642,820.1572662644465,-1092.170268121823,15.877116460272049,782.844764964919,-578.6417560176037,-965.924142828406,270.83270364544563
-2359.353255419136,-3545.3798450472204,-3357.4099934202127,4497.8622027166975,3365.0488528305386,-4319.923030242589,-2377.2563340310835,3338.944171866643,1035.3535355549468,-2485.1486356872797,-910.2436948168618,796.3297873129388,-512.9261028387986,-998.7710027029577,213.90401491242716
-5588.609246920439,-5866.128005440484,-5580.061270633009,8412.13278222793,6860.210514374833,-6022.1933791982,-4020.175733646453,5295.172769700319,2407.262530121903,-3893.0372049354028,-1802.1372887528826,1668.7679412487328,73.59207296063676,-1216.4336885588464,77.97030694334936
-5835.003779128811,-10566.725959247697,-9789.254157937148,11942.798123376066,10235.239543627076,-7995.091326209265,-6119.757407913454,6944.203479973818,4182.256341856518,-4606.289341675116,-2435.291509754895,2784.3166041152494,1043.502673620497,-1354.3737541888827,-101.75346984337247
-646.8149152259615,-14028.15763691418,-12809.13224601016,10378.070413610083,9706.96748904068,-8356.525189606748,-6892.314804219845,6594.782982735805,4903.41223987582,-3770.9497952925058,-2183.1867859203303,3090.7985572918114,1653.2437674788803,-1067.6668156034411,-195.69273684614004
4138.80021800762,-9556.65271411718,-9103.53462615861,6925.496174581154,7061.247543304981,-5385.336285062373,-4567.097078903033,5074.394006667902,4216.460271487193,-1662.779937342553,-898.9539014201416,2384.221599327822,1366.2006142080731,-577.9521829523902,-205.36036223942978
3273.451441661667,-4512.0058984507305,-4568.284619422896,4473.454756021774,4697.984861242828,-1967.4281948366656,-1436.7472004695505,3666.785230830528,2655.513068420823,135.70677817148533,532.1311749020745,1285.7156690566737,554.4834806636361,-289.56998449019306,-222.17798101318135
257.5625070323599,-2655.513205474963,-2819.8378556652538,1970.3694341305093,2462.1122258413275,-616.5627469115816,58.48916255831318,2337.8914981776134,837.913331298073,580.3569377545832,1187.8077864416236,332.0345995740121,-143.54983817101225,-239.39520657976487,-260.35476942152735
-129.90366196464413,-1420.1600011228206,-1732.243633506909,295.9389380297471,977.3554613892273,-553.7920900720987,248.39094675089777,1135.4434604198777,-563.3413029335964,97.78531293474657,1030.331921638928,-198.6558844415988,-396.54593524237947,-292.28584920699194,-317.30392584300057
1595.9537980008406,-311.707497682961,-801.7843882684224,184.60509254495304,595.405936866207,-640.0292650027513,243.54391657184706,381.97930790681534,-1162.0393152251465,-213.48401143266435,729.9319868707792,-58.08121833979396,-67.60689879092052,-262.9479939891644,-416.02606386801915
3848.2984916780374,89.3999629930517,-846.3022841721382,314.4964830620039,223.3714470438598,-550.5262636265152,858.0070111704803,342.89298728851463,-1056.7315058971828,309.9170126796926,852.8326587983785,671.3169349540489,658.0425942905306,-6.941196053084752,-518.4815800672923
6072.0298769491665,-621.3292734798745,-1271.7072002046982,-617.0681234288761,-893.7852041963172,-7.446618311319298,2139.871783430472,1014.8747311902869,-623.5202744527571,1090.735641174013,1160.6284280001585,1259.849270655237,1131.9790731623293,265.5958438682521,-558.4837400885493
6487.835452009758,-616.9830089232813,-492.81714351162884,-1352.6269040213078,-1895.0959947438728,253.7457655497035,2679.74496713279,1160.8560085291529,-721.4244536413372,925.1024713793406,1114.8951535842095,1122.8149381612457,912.036380550563,214.769490566512,-557.4320195658111
4315.7337128676045,332.1171968000692,786.4127365327779,-1904.3625718209246,-2939.903657027115,-196.0100934831254,2439.7449088698763,578.4345059628854,-1283.2110516326898,85.75284826520067,721.8641556248069,676.3870458238907,531.0331186201129,0.05798977000051764,-591.6486552332781
1533.57926763217,1276.0717170888465,1216.6442031274714,-1458.1040889336991,-2484.2808443866643,-872.5026911925906,1162.3487065662152,212.19208338144657,-860.0453058418999,-521.2168284580135,-257.96278502823884,128.05296701492125,626.4525695339513,6.03197495119845,-679.4279025987274
-729.0254985815715,-3936.710173570145,-3741.265161488065,-3685.3330500588827,-2535.6793632671456,-3934.571567720621,-2520.6451397042774,-1545.1509007518812,-285.54764137003554,-1344.3815335484906,-1969.1193273685697,-893.3905855970097,840.9359986177478,189.0839481942495,-771.733972951367
-1516.5262129182431,-6389.610231549578,-6539.9424183747815,-4629.500395273102,-2047.3760652530082,-5640.201902736513,-5027.125081699889,-2969.838039183535,180.36022486476398,-1582.2750747414254,-3069.1339103338096,-1549.3691000059234,975.984851499503,447.07410596638636,-753.2791065155079
47.470276957595075,-4155.174436388233,-6078.738994777411,-1285.7080912546717,1633.9773581174536,-3862.6025380112837,-5599.171914026908,-2371.3099297428407,2094.892162733721,57.27905695349072,-2711.821666402027,-973.8688925996324,1512.676625794652,813.1437370945056,-549.3160460018729
664.2327338521574,-1396.781909028368,-4086.274169170886,1823.8553653898448,4052.947645553911,-1734.387741942831,-5412.088972947708,-1894.9482027111458,3880.746786902869,2023.9108163716205,-1722.9829444036739,15.259209808235468,2120.9074747291425,997.1249124991837,-328.39388219380095
-2177.652910893302,-2309.9158261209955,-3874.304916975965,2784.58846318187,4455.0910359164645,-596.6708625658205,-4842.017078633791,-2020.6080676809938,3967.9494160026916,2442.335283858707,-1083.8698068381786,403.2995812723526,1929.9034460392863,753.5812946275946,-311.3539145715726
-4586.767043891418,-4546.212093657219,-5037.268713758152,915.717268813474,3644.2753404209852,-550.07875881962,-4866.069318164827,-2379.9187827165615,3043.399880591619,1380.8744205360172,-1379.443587291942,-76.83150309719298,941.7142893534758,415.4322024881526,-424.5323930287783
-2448.645777503234,-6030.093555573161,-5824.646498648085,-1524.2263948787338,2408.398761839156,-714.2714182678626,-5056.4800457836955,-2754.8263106444674,1996.257488211454,-22.987223409986726,-2462.6705324497675,-1135.1577663263595,-164.5005923114665,405.00727928343247,-432.8735061562092
3048.5184087524603,-5659.879496908414,-5488.936803626561,-2408.7694042418557,1325.2921680844947,-1027.699612059164,-5190.652305685021,-3117.847567747664,1511.5515614921464,-475.7543826192953,-3205.7217503310153,-1983.1318485015383,-753.8445355190394,687.1412339286564,-272.8227376056205
9210.065282653926,-3895.0221782924305,-4851.035381636353,-2352.8421909923068,1508.0528315027923,-1073.998113175413,-5741.191686623115,-3289.3758755203894,2305.4182389072407,708.3175068092634,-2589.816267036,-2046.8896665604645,-500.47128382998943,1052.7523202918912,-45.20125551096669
14809.838866020737,-3762.28672633444,-6251.652225491647,-1250.3780802796396,4847.359234434699,1055.4235492992573,-6126.928785960364,-2868.674900096645,4407.906468834614,3010.94869528899,-952.9127198279639,-1753.7277527965634,187.87958879026087,1454.1960787104313,171.07890345536765
16460.838509282396,-1739.2154542336627,-6831.741268233175,2328.602780812918,10048.765233993427,5073.694572178409,-5630.017127342807,-2390.67907195876,6439.570345057664,5107.395102709799,364.42465875041,-1948.6353415240048,329.6386073916416,1739.69573406372,334.82259051270114
10106.841351064038,3642.9248908933823,-4297.073315850078,5922.404063719525,13309.271534418094,8021.190725710232,-5014.354490153936,-2819.4081194005776,6828.20039394441,6010.520495766288,489.1968480364511,-2828.09601870621,-407.4945793445767,1678.9221360332417,431.6277193207494
-190.96960820412858,7476.659991912669,-1793.2992190863936,7225.904236639467,14283.381425404603,9181.361409870262,-4791.654292759403,-3848.1155211311348,5695.39657231928,5829.279227971108,-191.37709923395292,-3917.812022610338,-1420.446064878873,1408.9072911822836,529.4073356922997
-5428.333413713178,7781.298271907186,-969.9585118326567,7216.268292642169,14402.541520991066,9885.74571701087,-3801.936398340882,-4048.1441594480625,4472.3451109215275,5433.177731100757,-476.23729895907144,-4524.096110324214,-2025.126698479671,1219.2179250345164,670.744448761773
-3983.2748342651207,3561.600844465005,-2737.7904495719663,5953.911642695519,13056.10223483986,9463.953595237945,-1916.7551228115876,-3036.346893238974,4043.806896247405,5512.814436085206,529.4879292916862,-4007.927949434251,-1859.5488628126222,1145.1155422563957,767.4343636406995
-1568.734919966529,-586.3122746938185,-5545.170026281047,3538.5269914932405,10349.987588798245,7311.9966896749165,-1252.2172383543455,-2315.1821314991375,4342.037480078926,6124.395144186809,2367.6038471639977,-2402.980905224798,-1055.3873202972063,1040.7644038638878,728.475568752769
-1590.0350090343936,-3362.3015281320577,-8097.228718593502,-295.8115431816762,8008.667571279534,5766.720808992781,-1612.000665165,-2384.7955784490528,4906.7282762084915,6752.079635673707,3480.2545758345523,-1102.9877361430053,-446.359093582277,821.0773260681813,637.0172838405628
-1976.4739817090112,-7270.454937761097,-11542.613000166008,-4896.3698012064315,5427.493584920923,4048.4080549665605,-2420.8348197844416,-3437.555040953369,3629.954475162938,6770.3224156325405,3133.5878561322684,-1997.6860150451844,-1208.4944387123942,498.55275900881117,727.8664250595456
-2869.5050063307917,-11859.488054252073,-14782.768775490842,-12678.733439359932,-1189.852773171696,-1755.1455829989784,-8611.96711139412,-9065.030299652022,-2045.302789837741,6388.204382465241,2483.1281431916987,-5157.931281498264,-3713.701100028322,-190.69626373509772,1044.0629040747367
-10173.684627292425,-27524.79657991593,-27280.941147340287,-25398.361141552985,-5175.456687229018,-5102.440919851212,-18939.195157032,-18953.24958577435,-10268.495888813864,5508.509482421484,2143.702956682835,-8518.973380049449,-6627.738680901258,-1623.9232122112926,1179.5522716773914
-23004.20886616069,-32365.485259210967,-37093.299478373854,-28179.742314328647,41.543195943713755,-1096.1736561717819,-23778.73014472192,-25265.58476760857,-16428.26578395682,2568.516215831831,636.9265939444342,-10343.853099380327,-7811.62977269167,-3178.63606635476,761.4499237903065
-28980.301173394488,-17522.855452909764,-30689.70926982688,-20388.959098757558,4926.350738759378,2363.438631632688,-22468.237011860743,-24926.148538987934,-18442.112763418627,-1755.451196825095,-1995.5343882357108,-10379.83510563305,-6607.132933354724,-3460.272038445152,133.25489700491767
-24244.090884151872,-4682.575114424302,-19955.30875428997,-12213.518992063688,6544.7514219437235,4058.9351067045773,-18150.298536229777,-21384.735528087374,-16579.313888669967,-3339.3301971767405,-2602.578266817068,-8847.486590104048,-4687.28606169903,-2427.6872862927044,-67.1095682564594
-19774.645420234003,-2415.2581415093828,-13799.874053742411,-7264.827455768906,7098.744191825647,6147.293722826788,-11587.188176467998,-16946.161809747235,-12251.239944394027,-222.91166087017103,692.4741899259825,-5888.849779250342,-3930.3259576783653,-1587.1745052859474,150.55202606719115
-19744.725249930747,-4955.3143664622985,-16049.446709284714,-8220.565563085718,7132.8898633873,7750.553864644248,-6552.666244442803,-13262.757529515497,-8066.900549805464,4647.41433860329,5643.867766610745,-2106.256742962034,-4194.01313702218,-1674.61016378391,312.03588218666624
-16569.664288392105,-6184.961488502692,-20002.217382648647,-11450.802822941485,7978.121448574077,9770.143880271933,-4279.2347574091045,-11657.64177464557,-5962.252448375407,7818.239692013684,9017.155621206342,981.6631425424257,-4391.571314214895,-2088.089102443681,212.64240103788745
-8803.13335864793,-8836.905262056252,-21595.706629600816,-14341.524730698357,7612.976555780735,11143.67180878615,-2341.2308228036827,-10472.472362393459,-5025.594630145634,9314.282668057484,10595.512511595007,2600.6147301840856,-4546.656276698108,-2454.019509426753,-57.761097229619054
-4234.570518133097,-10481.647230122431,-20637.032105749313,-15437.320132243462,6414.18592179501,11522.352844217616,-259.93119963364546,-8638.261454060781,-3975.728465025225,10414.546860763956,11778.69992782723,3874.0206223039895,-4954.750252230082,-2991.1134260393924,-381.37297824722975
-5842.49740267596,-10522.27428797644,-17314.222249324273,-13086.460059545145,6016.99755319061,11952.761329400031,2316.077171264049,-7014.762498016411,-3477.5151229328076,10808.00423569277,12624.412721787952,5359.400277854667,-5061.7803287095,-3576.813865661761,-641.1319931816475
-8788.980156544452,-8446.3426530185,-11926.981046740375,-7187.549984344875,7320.084086317884,12602.822552332322,5433.9738795452095,-6098.057954219937,-4514.594576383585,9315.127141727346,12332.910006772136,5917.165711111043,-4749.2743456488915,-3763.5251730722453,-746.1001092479337
-10565.700334123154,-2096.1542934341696,-5529.576412099694,-220.18210866401995,11911.875529873794,15035.239410677686,7736.196467172388,-6901.897866606149,-7338.780873822839,5389.69862120404,10616.035947643399,4956.72797106175,-4752.941456693544,-3543.842509905964,-714.7512836664904
-13473.021935042532,6596.381915236026,-5478.817536423963,-52.682069641899076,16157.802313287417,18651.437347293926,7592.995458172658,-10054.35224501008,-11134.261014575863,129.61146148215457,8142.168918550565,3620.957503444264,-5105.70918867956,-3329.30357274137,-655.8429983448887
-17107.395478764076,6302.605024935449,-15568.81756331118,-9303.412768123137,14156.796981966449,19780.42928293618,5597.183463927069,-13492.5448035022,-14122.541952221427,-4004.827606701424,6413.659180085675,3534.436483868924,-4671.169443263819,-3306.1245033447567,-665.498208562302
-16152.934122035742,-2364.400867693742,-25513.1255041943,-18602.98483405496,8927.425847595348,18891.893727452723,4795.742468793896,-14912.461294781247,-15565.49844012901,-5615.833203323603,6616.883016884941,5173.702932993768,-2695.6553266357123,-3238.3394091459395,-752.2559393725078
-8419.475595902699,-9964.933203330791,-29798.663490518993,-24100.008717946817,4169.047908795951,18192.69455282692,5512.671177684267,-15098.540048200155,-16537.346092684267,-5890.168633916565,8420.010932646908,7729.656581004339,4.409915474095868,-3026.124682771388,-900.1083498580579
974.8111254099032,-13147.397785791045,-28348.71695827095,-26842.448802598774,-2614.249953224129,15344.693783234094,5249.96742886612,-15155.339617466216,-17726.076645413646,-6607.66494360739,10472.233857748462,10257.495823424104,2248.8704797001765,-2918.1852383229725,-1137.573846322561
7813.4124043999545,-9793.75480525379,-21345.87797018693,-23913.903090848376,-8433.79077614258,10616.068178973248,5010.997266835631,-13948.627050041716,-18884.207455916632,-8259.388423473372,11685.703983240555,12179.697968526858,3788.326559696529,-2888.449626415504,-1416.8185957745116
10655.57097591536,-7738.888064583644,-14448.445954218338,-16594.991799888507,-6763.793462766167,10067.007274716927,8457.738524692679,-11169.750100028892,-20838.48390953458,-11246.632096575435,11610.123750759083,13405.511549092982,4657.089724891125,-2919.5410601973063,-1683.8702402487804
4567.526132226572,-5024.607683324624,-11035.286188494047,-10552.175301152065,4588.086421735671,19449.12034540748,17951.830498296724,-8194.414930154608,-25562.5196389536,-16907.36895824623,9958.590818960492,14701.6383985815,5179.568560340171,-3541.2769297901805,-2139.999605652022
-8983.28448052756,10156.122978390238,-19980.83369966429,-17983.942094563143,18632.972401272295,39098.7794142243,32663.48539709218,-6665.9927427400135,-33616.075119047106,-25423.367659372292,6285.604210265396,16508.930912482767,6441.8332691369,-4428.42998450856,-2897.7801951625283
-13296.206469449102,13263.573597707613,-52546.737471351735,-46996.36316591054,14809.751546506053,52715.54678578873,42316.52809631207,-7660.18013688594,-40199.211330544684,-32192.698258055145,1560.0584504860412,17505.503050685402,8680.064679837298,-3750.0065997990023,-3387.1397010762657
1352.3529150596596,-12225.473452625136,-72251.59778976427,-63964.0714675879,-4552.301157974822,43970.55904460238,37676.91310006981,-7554.513297206915,-37520.37813361679,-30717.04779572725,-850.3157301137063,16374.035412088411,10185.369199501452,-869.0877953642472,-2877.7289294218535
20588.207763126815,-18321.96705951985,-50609.57383283003,-46901.47707810694,-11773.74766329142,27073.8426455982,27010.269511483613,-3358.823913152635,-26943.747654987266,-22610.19560964801,167.54110557599049,13946.353619731073,9635.585292314398,2129.6349032060953,-1625.9356587463453
29012.94116686528,-7183.641773558444,-22934.191555613,-24824.81798961642,-10026.13917984718,15015.937116238643,18123.61642024351,-393.37711835363336,-18048.33542060709,-15924.784836416156,778.5879206304852,11539.824648278833,7993.932953801311,3346.915149571449,-610.9369983744649
29617.97755101392,2382.824941638648,-6949.8148312342555,-11105.70749213475,-7777.082041842796,6809.654508749084,10790.586293373597,-1411.1811443031543,-14376.208719329741,-13526.132447405846,-1495.3494117963978,9349.366062553872,6858.185829837348,3273.404627006429,-231.79650224738657
31381.198824954747,3136.8750304115815,-4883.167234498855,-7868.017004177912,-5346.795221938595,4608.65644702814,7513.601359395593,-2386.778779054379,-13479.535426668443,-13495.352316567116,-4912.613402497029,7700.632474377076,6834.911704954787,3263.2351739404057,-103.38999902702767
36230.48578136364,-5651.683164246766,-12912.824503181491,-14218.81691958386,-6471.09252532325,7537.742418270023,9416.71663271586,-915.1084855076915,-13677.914770479381,-14810.951310477289,-8229.692369352168,6800.346376019211,7742.525020746513,3766.5079093430727,124.23584231228733
39275.61577579957,-15262.746943214352,-25585.59916392297,-25977.32068060747,-11797.396969037678,12768.133978406326,15174.33626220264,3127.0842618871043,-13827.644627654407,-16647.554804018906,-11368.79487992487,5564.446003440965,8683.549356040985,4277.435790732056,373.72624948470576
33906.109723897745,-13027.350076007564,-35920.01105385696,-36236.367992097374,-16231.710585626508,17723.232161260756,21923.728339734218,8656.166571758164,-13252.736447981724,-18220.550774158764,-13433.526995153417,3571.1514555492136,8566.093575217164,4149.510781937428,450.7176345166169
19915.016252571688,4888.852644948323,-35524.67998070464,-38095.63720059374,-13664.495015547802,21436.655226226663,26210.110723819016,13669.244016081446,-11870.275721244234,-19487.78770469737,-14141.660719230314,2093.4570829345794,7578.46980280774,3421.192620212646,383.70079604888576
6701.339571852259,25022.72303890862,-21556.731753406097,-29186.821264688657,-6574.6169154761465,22442.105314668806,26908.704559353966,17079.089914449738,-9328.14477647431,-19951.06707442528,-14166.087959185714,1646.8010706625728,6887.287808676341,2773.8298564701186,350.7360187507662
3479.2837070472674,28288.60325413873,-5811.218602022384,-16408.199185898022,-3227.1865904563388,18496.69470883146,24996.885558668095,18757.88056751509,-5722.047947512978,-18779.829150633166,-13610.8173636794,1351.496216784315,6786.795077869072,2636.4247841764313,423.24426660651386
9819.707399184583,12643.368795943627,-3665.766746928106,-11852.761603732493,-7915.429594802017,11686.905544108236,22756.326170783035,19158.22159551887,-2083.292032742751,-16173.468973261824,-12426.301117706105,589.5379364358338,6716.516654811146,2872.989011040784,556.4302414540707
18867.994331979873,-6239.231142212607,-14587.706781949704,-18214.555239925616,-16786.258126195626,6605.3406095781775,22014.223251557723,19009.962176063633,207.61911368006088,-13742.43230386828,-11541.8121549559,-1011.346986263997,6363.325469793508,3352.087131073065,753.2735908244008
22898.387999502622,-14980.089603951274,-27102.078391252828,-28272.784296090456,-24725.437203504734,4010.161159227724,22488.71000568827,18781.13716888779,282.7196168233199,-13461.903516936465,-12233.18907874559,-4060.3667137199604,5372.50980310065,4012.3456413514346,1029.0663801380401
15709.58453604068,-12435.176985495094,-36683.6339421413,-38382.48134120124,-31147.998509414665,2565.4663938159138,23499.211820016106,19072.4627656969,-1060.8508796664598,-15941.05020810739,-14804.858345078417,-8311.032591249197,3362.2053928632563,4500.873510290834,1290.9001440562351
-98.37434180748778,3497.157068318521,-39200.5690698485,-45884.50982836366,-33408.519197163085,3745.001441363804,24865.855856029695,20442.523992100294,-1383.8649440424817,-19718.820587614082,-18599.782896849138,-12441.66400821808,1045.2800989899054,4688.675951071061,1494.6570618599749
-11792.909482145602,28208.664535934928,-23602.132665717403,-39701.38254799917,-25625.665631704225,7173.437811666992,24787.073341467396,22312.326918758543,1446.234936436477,-22108.307974708187,-22592.429502049006,-15439.525373793324,-294.98644503336675,5064.54474656236,1764.9654636424216
-10977.24330238326,34665.905820070024,-394.72029508542715,-19966.006179743992,-14046.107593661884,5800.549657400888,22000.278482864927,24452.501855965893,8117.171954399173,-20280.92802882058,-25184.667276273194,-16864.472236904952,-262.84486599839465,5904.134020581908,2144.9258745683846
-905.9214998245506,9381.363910948927,-4873.724671697618,-15028.292919077076,-17741.813208765954,-2619.404439976851,21765.009219953085,29136.82985709732,18244.319574536406,-12653.06722972989,-24542.430337369122,-16495.510817763214,656.5138070514934,6910.606090334176,2515.4967252060205
10136.275245886623,-10184.699636548554,-36172.59305957983,-38945.73023590228,-36165.10362958007,-5966.815072171634,29856.256217657774,36619.17148698831,28883.737929772746,-1509.6135943259865,-20632.887507611846,-15102.69669261581,1188.9557966754874,7624.004843468603,2845.8402059039386
11143.323781776651,14150.328914877835,-43109.83798716584,-56472.968412058115,-43984.66970039525,1358.3323022171317,39217.596201901,41144.35838280156,34090.21377396379,6336.331982248443,-16562.393614544937,-14466.89569205739,-600.264543032908,7112.197956987213,3105.114946823173
-6246.328221161681,40235.784839262116,-21427.725674883906,-48273.50967161551,-37436.986424012546,5448.138863163369,39230.834439283855,39536.581763212096,31755.72057712842,5872.121847103605,-15916.932568502378,-15339.108393156002,-5087.822415811964,4222.128627672448,2935.1587137130314
-33285.45362351396,40782.143278120166,-4349.872759789607,-35199.837486351105,-31259.937761448502,1368.6869317474002,32759.14724171957,35834.358610256575,27354.412803021212,1099.1050020875734,-18230.50954314529,-16411.607878430852,-9485.241932767261,-298.5254591881647,2046.0447154560406
-50374.07566661067,29727.87507150726,5826.234088780544,-21931.840196132052,-23367.75128486569,-813.2857623108499,26203.89727483806,31566.14612628386,25032.82862528848,517.4785413055798,-18883.2738482644,-16195.645848332944,-10905.6446404887,-3563.0733133704452,943.0963409421886
-51189.1493763602,15527.349342988013,1387.7447143823674,-13668.033144336838,-15126.276332314665,-1376.6918492744487,18272.691434575056,23843.14815261239,21761.12712014243,5735.863725873975,-14018.949066930074,-14239.567764733038,-9645.976154462856,-3955.887330248317,449.9365664224374
-43082.971878621276,16089.551996568218,-8152.922062994661,-16988.1069082215,-14966.323731832139,-5385.902635198507,9328.696177391108,14355.72993310038,14921.140057551955,10196.035627853536,-4942.690082939094,-10424.66170146579,-7504.5249911111,-2664.7011647930544,642.5564837909759
-31630.40864854287,15839.644726914526,-6490.9184595765555,-17393.16566528411,-16129.335385834262,-8225.976782993741,4283.134410875862,8546.355839137332,8080.594166328204,9237.976757389088,2728.646564220042,-5436.793932270765,-5310.5862204089135,-1441.3777636633483,935.4427622483338
-19797.45711954243,6468.899523158775,-3679.3252717214127,-11380.010361868492,-12672.215540566283,-7197.383599375905,3303.2713480927873,7229.675250770531,5167.67403021505,5527.659132574332,4860.383916974232,-1576.813095168693,-3422.8636673938586,-945.7345722423887,890.4899752787583
-13285.87779926241,1380.3185631625097,-3434.39532981215,-8118.503376479677,-10229.695441573329,-6709.892397080528,2723.723778400439,7693.212251437695,5848.864161752561,3739.224107118074,2768.613314244871,-1006.5509330967101,-2639.5110470063464,-1140.9343987574284,507.95322443133887
-16279.556754321768,4115.996209272406,-908.022358611008,-9032.290597524743,-12221.85480897826,-8984.358285094764,1740.9963773705863,9126.66956329166,8417.07086742171,5268.989032386066,857.1312848861829,-3200.525380434071,-3493.37246824639,-1876.2190815944953,-3.98996446977344
-24308.08378119059,14020.093718214674,2325.323666519804,-12515.856568392106,-16668.792124320957,-12271.31508222332,1421.6609407891954,11753.270363894686,11790.055918682054,8503.581324210465,1771.9130794065532,-5079.447250198493,-5145.565374603282,-2807.681752759175,-437.6531901405272
-26263.289092116094,24627.419803296016,569.7741515470017,-17876.28450156115,-20464.57933373711,-14643.922741355018,1203.6495772273793,13976.949870860479,14495.50362088359,10881.120930592098,4162.86048167616,-4143.227397795421,-5619.699407797584,-3240.1356616621597,-632.9997346157529
-16166.749460684963,22447.722617843607,-7119.33106746512,-21117.27221871575,-20571.237382206855,-15197.077022647896,-609.3731077509902,13304.404472313454,14952.134879563837,10769.458959733887,4625.009492554059,-1542.5718574533216,-3822.7592531179316,-2593.7735356038893,-539.3996848828772
-2440.6451871088216,8071.690346976805,-12488.82234953604,-18572.46151557441,-17094.53356546353,-14566.591696476537,-4480.344904531452,9371.86535029043,13353.521904279036,9004.45977830749,2061.608446334686,-895.3414141167475,-1346.1183949346077,-1251.0857820848942,-313.7577208171758
564.1299467627158,795.4704004603524,-9096.7550472474,-14381.339554986698,-15019.909169155248,-15008.484680005726,-9018.560094329845,4670.153127711649,11712.007176674726,8212.410420914564,-407.750350293268,-3210.3982923310214,-954.8069317810953,-494.42176290035366,-245.9739137937605
-7600.964957888619,9165.401920646416,-2087.9558230172815,-14746.229694477206,-17668.505465444177,-17420.134584741463,-12064.805959956244,2062.2047903763328,11442.791416652584,9643.199525668562,814.2000730259462,-4915.616100406922,-2827.1598158582124,-1064.93785108925,-467.240378665234
-11122.272692209313,21154.216850516783,1657.0494162278353,-18544.28045292061,-22158.897025032395,-19814.325063683802,-12545.447219131278,1994.0709369598076,11914.260941202838,11652.79344077563,4884.711279209236,-2932.2513818651396,-4053.0367861487325,-2035.1897695928233,-743.6751495963751
-1180.0582147538946,24490.696803587936,-885.4159336653164,-22192.60599609441,-24415.21743612926,-20511.18974868301,-12114.978553545532,2138.9336490979763,11931.141528595905,12554.982938185038,7833.158073139466,229.21743889137375,-3189.1307117911538,-1960.5310502547754,-708.5290167641804
8284.671006796558,13284.931802960742,-8940.951340454629,-22860.5984138729,-22999.619161390685,-20108.719952089174,-13660.680618201712,31.25119384201568,11808.730372191938,13740.70268074871,8807.085477471866,205.74854965907593,-3179.6876161494993,-1331.8206085021689,-434.520259005851
1486.230078197439,2691.8676770348407,-8475.529634506185,-19551.059252276857,-22276.76790988966,-21996.411657135068,-18554.377915282796,-4515.674255192115,12389.152951243093,17338.311301063048,11084.562711783157,-1676.2193465833373,-6466.357475921947,-2295.264479168175,-520.35883760274
-12181.362440019248,19548.604798055945,2301.324774638207,-22639.994990509815,-29500.768130620705,-28703.13344500127,-25569.702471730092,-10297.337260344824,12066.395363837246,21266.99139424518,15454.130393827745,-483.7163879083989,-9679.481281621647,-4954.902571755421,-1236.384583603614
-13291.310193308916,35762.2559580506,-1409.5069547737182,-33337.63949170449,-36210.1785020451,-32231.283377984724,-28629.121064929805,-14965.995757231722,8046.691003569237,20578.586804057173,17679.067056413103,3699.712444540903,-8400.612486322088,-6441.751317808039,-1946.8815106411216
-3186.1957882152924,17607.430275814942,-14104.367212278796,-31387.166201873802,-28427.910502698487,-24269.8862036636,-22357.434921315995,-15257.933336428157,1305.7192696871327,14420.844524778151,15106.583979558905,6300.288974052255,-4210.259039051581,-5272.977876287471,-1975.2478593434334
4050.372188119802,-3162.456121540491,-13395.260905963662,-16499.290751239132,-14162.276115406177,-12404.216322470667,-12170.18961114829,-12063.216633409376,-4494.508872256222,7372.961866977626,10863.693087818343,6158.053324926098,-1372.2336014508992,-3511.427773072844,-1617.8686397675326
6220.271285825667,-5564.061176945042,-4457.991423453634,-4127.0282978474615,-5197.486053111005,-5142.648257129014,-5072.373063602055,-9115.948351510022,-8445.58965510549,2717.004858999023,8733.015784573103,6098.393470667243,-305.27526950739633,-3007.6509112303065,-1559.5707875444107
9032.305880316722,2890.5108174856564,3882.0226649446913,1105.6441586552803,-3255.956769724603,-3418.8292872087877,-1163.7929870609746,-5695.7766939181265,-10804.961682487308,-778.9725301845561,8136.591593246836,7211.5655525191,861.6777785123313,-3023.6613231170695,-1807.0076638623545
12164.911934673684,7347.119631638799,5653.81636063968,-207.6971302204292,-6664.4623099592145,-6849.692645906785,-1026.6821644123165,-802.0729324913916,-9886.29035131863,-4359.565230433108,6550.852530775622,7917.028777958142,2351.1796901784464,-2456.3274903651145,-1912.0170398532273
12142.185950619598,4591.136818652671,4257.397121109529,-1195.4118366454716,-8999.331062969804,-10978.78358813567,-4325.221097494225,2519.2519805009774,-5611.055986087055,-6733.697859869485,3561.555516054988,7225.458155318367,3380.1230672070365,-1371.6168390571816,-1691.9912194174076
9434.948928408707,3174.6850605268346,6116.43845392684,2184.1955965381226,-7301.181649258861,-12114.28453915802,-7532.084544303068,2942.48696142169,-715.8106041368634,-6881.7609506554245,627.539075138138,5831.708834806338,3890.7781973254428,-206.2513514883214,-1277.1816361381811
7171.787504896125,4142.741586065946,9600.707683573684,6768.976183906221,-4457.856472461574,-11731.979228070764,-9449.132835466673,1945.2278371369428,2998.050954703402,-5580.711168588522,-1342.8681511776745,4698.703944450423,4314.092874027631,844.9641073810684,-837.121065337761
6302.993416711651,6230.730214065138,12867.863106732584,10751.25988088097,-1854.9806055423792,-11175.720109945843,-10835.407202645083,304.6730600239284,5461.244578731036,-3881.4477216600885,-2796.669372583523,3835.492222335623,4717.802596947906,1670.756705713193,-472.68688298393283
4457.700468353191,8325.0316101696,15927.897526441282,14699.259818209763,1138.7197206481137,-10061.067825055883,-11461.730922648081,-1455.6924703294799,6959.814986253882,-2042.1721062869437,-4457.543121354393,2447.714255365037,4665.892567805819,2120.7908388681435,-216.33098115998604
-222.30651971965779,7968.302538126216,18205.563898448338,18929.64058069402,4661.90761721555,-8617.916392680785,-11360.197272085765,-2500.44375091696,8149.805550296153,360.939823379055,-6111.203759771047,63.506545061705765,3785.7257543381215,2157.0264041386126,-33.878988788591556
-5700.547111365884,4945.847184595571,19340.950068399892,23072.132956245907,8112.973686434584,-7849.144559229048,-11820.26561980915,-3228.6766868976474,9523.702443060134,3839.917864716744,-6637.091306854281,-2647.0127697222115,2363.2326256923443,1999.117895202257,150.6332132254745
-8851.78928867748,2537.5142362108263,20318.57553397635,26823.140733494463,11117.19049447936,-8043.891449427432,-13695.854185596836,-4919.1414358806105,10449.137649123997,8044.916774335586,-5422.063535903492,-4615.279229116049,1087.1281725030708,1939.3758317391735,377.5083984220428
-10474.068722745527,2131.825933190505,22183.959945671366,30794.685458389504,14430.643912089861,-8199.479279366482,-16248.332681665002,-7669.331123758206,10324.673492169011,12086.585620716129,-3149.9249318383218,-5909.089294868847,-27.662341123456372,1890.7454980448924,578.1783196828278
-13292.775466628667,-243.76582937536804,23823.136782384146,35676.33290019336,19109.53993604259,-7417.048592926303,-18685.19036476358,-10800.365994007387,9581.033593762539,16115.050689771802,-81.34805873883982,-7243.890975033214,-1833.9919496403388,1338.9695496599802,631.7207571400952
-16297.699290714838,-6582.379125179687,23707.995888968304,40791.19570447625,24656.389461797233,-6285.4136257837645,-21619.79238744071,-14836.689146250572,7883.222636601227,20400.569931188493,5021.068934170351,-7710.7830985504515,-4405.084651921076,101.43408113058933,541.80313387158
-17078.298477528773,-11788.22675839052,23662.08606705545,45619.00342062595,30015.3595198458,-5406.1714754395,-25411.805775748628,-20437.121942943577,3860.992091640407,23222.066687982937,12113.160809974735,-5526.558906655989,-6331.987511155709,-1246.5254392031952,439.9537051314776
-17036.88763667739,-14173.918221946913,25746.182079813076,51701.68016142276,36476.55538108893,-3310.8368124890667,-28623.428086591397,-26510.379152535716,-2223.382773170029,23106.477889860966,19030.04992421389,-1039.394386833243,-6905.3958703275985,-2405.2939520026885,277.43528701324294
-18017.994930414174,-19065.554235105377,27448.29488685695,59865.580699846236,46133.744522140696,1776.7939629901682,-30114.255055740065,-32234.92050494888,-9403.948599723542,20608.363005659485,25072.56609082196,4910.148179357012,-6601.741389604679,-3918.171419308641,-240.6327753858285
-19208.22745470646,-26978.25059508734,26246.842450942113,67868.62850230529,57837.03958801853,9368.548189509742,-30266.980242431327,-38254.07851801839,-18529.677485762073,14806.668023584418,29805.020782304022,13274.220190938622,-4232.56339709325,-5456.677257959393,-1101.274108721009
-20715.99018974371,-39839.549571832256,19387.479059187484,71148.89867362511,67905.67207513511,18415.144000858894,-28305.097615236475,-43456.61151686848,-29276.330340566674,3813.890948992,29424.343879431784,22612.0552082184,2089.3771053965443,-5095.679737649231,-1692.4569918575255
-23716.745860765022,-59589.903595648204,748.4807593111847,61718.355936480686,71037.25172418324,28293.665870661178,-21726.476074221122,-44272.1066856949,-37820.523938475824,-10155.645199944463,21081.768113356953,27540.475710772596,10649.013102819566,-1745.7412604971137,-1418.0239302841678
-27513.979886700206,-63082.78384507892,-20040.58814066365,37145.88882703643,60565.155238121435,35245.39225733465,-10333.125513853927,-38565.84046058023,-40527.09779208472,-21844.587072293656,7565.551955980188,24546.817513117385,16876.8188045869,3237.422396775641,-290.6624797812061
-30210.20390201105,-38340.88576264509,-20976.21533591148,13308.33801430019,37778.8587117184,33494.38780893095,1713.0177827540756,-27870.63262994377,-37069.98910326621,-27793.196017802176,-5469.968864967613,15329.061637201185,17636.629400623882,7289.174536295991,1146.0454105980427
-30933.715692055495,-17223.941204380535,-7325.520911439578,6429.937599414403,16510.027081694392,23278.932952483523,9454.878260109692,-15978.025779341167,-29813.997145894024,-28029.014241427063,-13964.015610083634,4661.945240308321,13378.185417973013,8596.492627984559,2203.176404778897
-30508.12495042111,-17509.522877220796,-2625.384231272282,10407.521909752062,8058.446327210556,12162.945381367736,11648.790082719781,-6254.895570281544,-21883.35552931209,-25002.16350436209,-17395.072346101395,-3413.423245773153,7198.510075084812,7291.615023157246,2514.0087955825093
-30431.238934972975,-22517.647938207065,-10504.074544212044,10707.737273346736,9798.325577776106,6684.574713886939,10856.897325561406,195.66165260147432,-15327.563081135377,-21422.528388789855,-17827.12921250305,-7938.146061169638,1949.4603833024498,4889.547814121696,2234.0467668946917
-31718.188152232768,-20826.10741063525,-19758.160331453353,3632.3176800269066,13127.692172803856,7292.051869622265,10163.566894730155,4270.691903787207,-10478.822600357205,-18663.61306061671,-17478.006722054917,-10185.230181092811,-1533.3812117991486,2682.5554059638516,1738.8325430545801
-34776.1888072452,-15526.1901578788,-24437.44883474581,-6746.386647072345,13086.656044463365,11036.030220599358,11089.68142189175,7398.919028030734,-6659.20676594504,-16793.34474336385,-17440.579570364363,-11635.302373211158,-3792.8070059230904,1056.9651670831877,1278.8256424296894
-39811.34835755138,-10808.934201871762,-25256.79754017746,-16854.78865740609,8812.19093541582,15031.817226041556,13867.909602468571,10683.097849986254,-3033.0603681165157,-15329.457125229592,-17903.19118021536,-13112.282463785505,-5586.779366036317,-160.52427366008095,918.5554906935743
-47065.74355228424,-7206.479706310174,-24178.46528423824,-25395.790007657695,966.8522187291012,17217.885684599343,18098.725405270226,14899.84039360005,1122.0355209397133,-13708.151152847537,-18676.61774859351,-14899.903127269317,-7414.924914720818,-1269.5280832940387,617.8917853781666
-56783.965268679916,-3148.673523654118,-21981.05313158304,-32237.834805942093,-9541.442840903144,16092.595642501263,22837.58214104763,20580.628827252505,6507.491806303224,-11356.98136796632,-19452.197798420133,-17009.583163016563,-9506.890041849249,-2503.25598866719,303.0482314219339
-68968.93009891079,3250.235842720209,-18066.067119104897,-37279.97964925041,-21850.594353458826,10577.693920266254,26520.909197607853,27828.401548779308,13867.92668417698,-7608.015111611386,-19833.665217401165,-19316.234453509252,-11907.94633683279,-3982.122757122164,-94.53468177819087
-82888.83278575675,13344.968815609978,-11070.151638100902,-39745.93126023216,-34901.0597685652,29.582710020383352,27014.99275006498,35990.52768780566,23850.788770357885,-1639.5241986724582,-19281.771220887542,-21582.24236008369,-14540.851683685545,-5719.550950411814,-617.2982024967315
-96423.70276220831,27689.952149378732,310.77514142850447,-38056.795675132424,-46879.28307002972,-15511.216542503174,21841.424788771095,43368.807290228455,36640.42817470483,7433.273049340397,-17070.707831331434,-23427.41060491764,-17227.506772839806,-7637.88339560084,-1269.3654369370283
-105655.27820828225,45704.16700438348,16466.18409548236,-30220.80477128712,-54795.77616458485,-34809.374067013174,8719.978299462166,47175.67053146459,51452.20094274449,20250.543075015416,-12324.727728223887,-24280.990283363266,-19671.85201707215,-9577.382502862183,-2010.8995510483273
-105228.7954717027,64886.05511056652,36139.30865527722,-14436.074686785649,-54667.130908724306,-54997.53897781883,-13447.347989427592,43993.33296913554,66063.28440997475,36657.9467939868,-4218.434015448253,-23369.989597087042,-21428.362751768793,-11302.822372209455,-2762.0733355235143
-90233.5591937344,80049.1290020261,56575.299035822485,10364.317481682705,-42801.16559297146,-71794.91125288588,-43220.06821868349,31028.186245373676,76728.65760409109,55000.36959774462,7551.859618974233,-19862.053660413818,-21923.724296185523,-12527.757120002474,-3418.5777028731436
-59854.285710756034,85619.2591252958,75981.07740507583,43787.43664098638,-18560.894833549926,-80932.0898707665,-75562.47935613646,8121.198760790924,79072.71939178296,71728.94828141446,22113.694565048943,-13234.026236546988,-20584.737310569657,-12964.206337019932,-3875.3739033005822
-20472.74409632281,84462.1843501744,96533.82733457595,81815.13376349943,12546.429901326495,-80282.46866570374,-102380.14338512598,-20634.872697250667,70126.1820197459,82047.52335079703,37018.54340148435,-3751.5059848484634,-17059.35597126007,-12393.59422287787,-4057.3235273454825
15621.968162424018,91033.69533694928,119341.37242592865,113368.74748815437,39159.66864945743,-70775.34813856636,-115328.55385303541,-47496.22967769206,50477.140188646576,81819.57566109575,48647.23720176315,7242.203828286156,-11445.506560803587,-10738.029893111046,-3944.292539382861
36935.55491631504,107077.48972032334,131977.46977309918,122406.59949357675,50763.440640396555,-54891.497064123585,-109621.57093016458,-64345.66776520845,24710.242655786988,69681.86166642331,53458.22843155427,17542.527626619685,-4339.739361622518,-8032.129941226163,-3540.2473706239407
39328.716786066805,103933.85953359577,114460.85372705894,101077.61915678185,45750.05119588436,-35175.004759275085,-86386.17873504647,-66104.06808575937,-47.53496593219603,47923.345385169334,49114.050970792756,24409.22036735056,3105.274961539129,-4395.272002758481,-2808.316464586468
27235.559867787855,65190.25225190222,69022.0176161612,61099.80190818204,31267.687210547825,-15808.056142844414,-53416.23655631593,-52694.281591669576,-15941.498016193213,22883.640637308796,35790.69690040988,24958.653358049694,8754.191557210259,-438.8310894510345,-1763.0229144843693
11536.982437987775,19898.705996901055,24635.671320238165,25004.712346618293,16297.170992199352,-2516.0489311187284,-23137.888490572786,-30791.470520669962,-18419.833552041513,3752.388185887722,18392.262222577687,18474.750814544415,10134.44117656267,2400.4085171298207,-692.262979222
2660.1464889603735,-1913.862561794822,2495.082233705322,5859.06626196205,6444.874630233693,2663.9002575443683,-4735.256007892413,-11134.109596009828,-10985.13716114979,-3715.928821943718,4951.98950475011,8870.582686212862,7061.785594898477,2901.665766767663,-58.757273550033005
2516.3712328842153,-4108.261768163998,-1451.9347359659625,978.9389028371836,2678.5292737640275,3189.463312448266,2124.3383584655116,-127.22629421837739,-2049.4385350340244,-2060.7265897307425,-166.958526523595,1926.9283141766634,2545.594713120119,1506.366774818951,-39.73012852890429
6317.5463346681445,-2021.5285860563886,225.28475111055297,1950.8730380920265,2844.458019070722,3228.292211544992,3477.7676806978166,3605.473169545838,3258.2424868364974,2222.090399314727,896.1166901445055,8.426742344734237,-180.6058119283851,-129.184094276398,-355.70552053102756
10008.521227853418,-2024.0414805853216,923.926074191133,3279.0535138851237,4233.939665095465,4152.6326090632565,3970.0205553957453,4400.690801161858,5205.473836667741,5275.487826923445,3826.0579355819673,1468.549691805831,-328.62084604423967,-826.0927204956681,-612.8273971869867
12856.693053828187,-3794.352207947224,-432.1236607701976,3095.493689893521,5061.165955990604,5339.125098220194,4890.8421540604,4929.987418038982,5882.230757264471,6819.683198253423,6260.330725126045,3862.8134227074966,1031.0900770456851,-539.4755039619827,-639.0145692550032
15784.6691814215,-5608.040420198145,-2975.660942266576,1335.9395465111738,4618.945109635164,5940.777317878924,5901.478321422115,5816.647009891601,6595.794733596992,7816.320122472232,7955.598426268485,5982.894700905675,2733.284931514712,227.3175180226804,-484.03062243564625
19806.38737647547,-6438.771613465991,-5660.150855358313,-1435.0637121429777,2925.809691486352,5603.21610951687,6581.293735016032,6951.153823180436,7776.152152985015,9024.395825163263,9421.663241088956,7706.6413330721125,4249.087280760503,1051.5357833875805,-261.46404303972844
25350.62848976889,-6587.663307711856,-8152.869060533501,-4761.410048368051,275.0298988192319,4420.725636758613,6914.724253581963,8356.8844890139,9644.662953030562,10901.070879902461,11154.517258337457,9273.740815448376,5487.680380251096,1734.641257073731,-54.977575383732194
31471.43203076794,-7291.675836191032,-11019.262040842552,-8644.564627226671,-3036.081033175769,2815.8208062396193,7369.079820527995,10504.503767883634,12660.833669474041,13891.520249613568,13535.98288948176,10898.975783764243,6453.936562395527,2179.7020893534586,82.31872991354444
34784.92147671732,-9809.291274074205,-15094.225346428251,-13187.003969379108,-6461.344192207288,1754.4789004987283,9089.854405860093,14503.250781311363,17736.071684905524,18633.33635322588,16926.967974505864,12695.93803614266,7079.860407411566,2264.784161796455,93.31329893374212
30574.529358550702,-14181.330416660188,-20140.591327584836,-17411.667169319742,-8268.155516352932,3434.9836644696766,14343.910886193118,22328.271058041373,26323.737270164147,26002.171446819088,21713.302577029222,14706.760379618958,7213.385683767756,1803.8772523878542,-107.93923283649406
22331.91846687033,-17663.108428432974,-23059.126226274613,-17567.06820072417,-4205.422687895151,12140.688252105007,26907.93855476213,36853.69650583871,40262.966761659445,36936.8343434423,28224.781352234186,16934.49758690206,6706.303682194318,611.4486634231752,-624.1099618138323
44299.38152976706,-14723.787968188926,-17278.11619701425,-6439.439626470441,12826.95334597138,34045.46780432385,51433.55564613964,61005.9543793073,60971.828126004046,51856.48662396862,36450.13190099023,19324.183992921666,5556.677500532695,-1335.1555158135855,-1505.3615746813173
177888.99334882927,-2798.957037230579,3217.8921038515177,23173.879531963405,49306.188590562946,73706.64735478503,90166.00669707898,95027.79157466907,87460.40849551948,69442.58605626794,45455.417357070604,21620.321647233257,4018.5844280572283,-3700.8217389663005,-2632.5774519241377
498810.44092908024,8144.751637404816,34748.20754164803,69037.0363873849,101818.85609784328,125752.45674782769,136239.5431135681,131662.87067298585,113289.34960232142,84977.09174270638,52613.22031824137,23075.288477489943,2545.904140756202,-5723.45754348233,-3629.814849303906
915199.5925931066,1186.2492727585184,59711.2180633479,110333.26241663317,146978.08239232388,166312.27704806702,167637.1982517153,152608.29062426666,124888.36841723628,89730.36310278391,53393.87585758371,22258.24080995165,1528.6487022555893,-6438.125212708931,-3933.0665394212547
1066340.3918764077,-17817.2231674618,59054.008436173426,113675.87482043647,146229.4483407854,158409.2703677825,153120.23894119856,134212.68046739788,106237.03941898854,74173.3883339834,43073.2572950722,17545.47485441804,1028.4009534649244,-5176.40054581989,-3074.3779493934057
605597.2791265318,-16432.95654385526,30147.599016743156,60461.7074376716,76775.00474580472,81505.2088994938,77175.35645347716,66369.39781955276,51679.50742812326,35631.5777741952,20572.433460679968,8499.52972381781,811.6100463623134,-2042.5593539357055,-1040.0926898837042
-289892.7925532525,9942.8150379047,-12830.193017229487,-27490.07188880467,-35290.689154692765,-37500.031601042865,-35392.36527974726,-30237.202954371103,-23281.42593836069,-15719.65290989934,-8646.512579500508,-2982.8813342782,633.5769873521418,2005.039154777795,1590.6175425781094
-969760.9069788585,22509.625652961717,-49782.277579435526,-99014.15947226314,-126985.1038169018,-136365.19973024077,-130490.01760097916,-113188.37397401081,-88619.78924037098,-61086.57498677066,-34777.33161390209,-13395.171903616234,372.6670184458687,5574.205500103751,3905.7905506151574
-1025332.7877117797,6644.6202395931305,-62423.69579057644,-117021.47960482507,-153373.39395104157,-170185.70820718736,-168358.65223449827,-150649.84224536683,-121329.65093299742,-85794.56984733147,-50049.49355635291,-19948.09458465319,-106.30794127941567,7509.389568483424,5164.101526822705
-655518.0839977046,-7751.343483552516,-45615.47535518323,-86258.47570612167,-121018.61856820427,-143656.47033378304,-150823.22323453144,-142059.36416959218,-119569.616708788,-87852.72572397978,-53097.74307541166,-22164.21809906558,-1003.387441317684,7407.599088160655,5166.247761168369
-273658.6188991806,-2021.625830601283,-13990.028141977531,-38664.44706312694,-67390.79606348983,-92108.10611454639,-106900.47785659936,-108651.18065238038,-97192.93376067704,-75193.79857965717,-47741.70161873096,-21381.44753837639,-2376.0450247392237,5692.566761410447,4246.845171467556
-74640.96276873126,11423.73235160787,11788.592495523477,-1897.928593764524,-23650.99803064403,-46353.63432649219,-63893.597197821306,-72229.03196908216,-69783.89418951511,-57552.785595707166,-38968.414122807706,-19260.193906933724,-3978.380219294519,3256.677382379134,2968.474977344244
-22717.49956452467,17840.81903417451,22580.642159603965,15465.906990321082,98.30747366084418,-18084.046051271114,-34024.123464008095,-44119.68293476577,-46537.927001824326,-41286.518252768765,-30234.214090748486,-16867.472465698243,-5390.204030762244,958.3442425154344,1794.6008926017112
-26267.73342897664,16028.924470844264,21967.905722556687,18485.025582258924,8018.559269803184,-5252.3112599924525,-17536.52391071227,-26275.85514419338,-30141.0663357504,-28833.242817908744,-23061.655672399418,-14638.024341748094,-6280.838431368368,-702.6925035831669,942.4536851378248
-33482.733635566045,11465.853178135858,17127.998433123634,15112.122927546068,7700.58774998778,-1607.2732310789152,-10089.471742781216,-16320.039857154428,-19770.855595096953,-20251.555791303297,-17728.532164864177,-12673.639366606318,-6549.570977020476,-1618.3673284418544,421.07767590506853
-32573.882754812377,8134.863806367782,12534.55473444103,10442.89984000381,4548.020411456694,-2015.3206808157245,-7398.3946329719,-11176.393828022952,-13594.727633009034,-14693.32860167576,-13973.240405400835,-10965.154331229463,-6282.768611685571,-1918.251458474459,144.16412853396514
-27010.697447976017,6856.588622989842,9279.256533812159,6284.216630922707,1077.3799726878653,-3587.25749004476,-6655.582098984756,-8511.660821750287,-9971.97953949082,-11215.312006731325,-11397.174756165152,-9465.639024056845,-5626.080076331123,-1791.319993019538,19.96066982072545
-21078.913892519944,6655.515492176011,6730.872724284928,2751.8836747845817,-1872.4582775952956,-5004.700795695537,-6361.852338228641,-6921.5015247637475,-7791.478954891407,-9080.799428566877,-9616.965276703166,-8078.355192118738,-4674.79444234152,-1381.710329967845,-14.973210635190028
-16532.25430749599,6162.271841053373,4106.858782083308,-281.5737998639206,-3978.1364820785852,-5694.98733290971,-5836.072979622878,-5723.237265681779,-6441.943471985628,-7782.832010539501,-8260.399711615735,-6619.352924090005,-3440.07821905979,-785.4908792203071,-7.8175236167296305
-13333.05467488736,4631.483310556569,1378.6004840176,-2520.919024705924,-4932.096601905628,-5437.6181513709125,-4921.2013307036195,-4748.299545728696,-5646.424302772114,-6896.443019226857,-6875.339789005002,-4832.686270955659,-1946.5523512424563,-145.44204468858803,-23.727694328959956
-10622.733391597629,2606.1119764233013,-592.2155540574604,-3358.97646827448,-4553.851406324609,-4391.497826505602,-3900.9132803447483,-4114.4917731230435,-5120.95967739014,-5797.027223888327,-4910.4842426182,-2633.323396535794,-517.466710895363,205.35516763608712,-165.63263619719214
-7328.260402062298,1726.6395923068987,-699.93873738661,-2499.720768634497,-3213.221696638075,-3235.506401855327,-3251.7332176686277,-3613.4967392900994,-3946.2368844752928,-3515.4563929134056,-2178.8278447534244,-742.0871687967764,-98.66425174302907,-251.85770770445356,-520.4305832315123
-3314.561015876527,3304.4751729521367,1046.8539039291256,-938.3251036994238,-2267.2762730473805,-2834.305054093696,-2532.7656468300806,-1450.1224289575243,-172.5366015595073,414.26230031291067,-113.77836418668171,-1237.3036806345497,-1967.3705464662573,-1768.8986504323666,-1009.7469121587485
-1359.8677537555177,4227.13798844293,521.5718741846805,-2685.030815898838,-4208.2381147196975,-2813.8186013893337,1567.0308829558646,6393.274456475416,7631.790445355862,3664.868037990499,-2558.453501141953,-6455.7532851985015,-6230.380608897904,-3598.392078841211,-1296.9644897514759
-6715.944915390467,-8464.493977304011,-13451.20155547316,-15683.134954916048,-11745.942597481735,33.40650948504188,15159.27271794091,23135.808648168655,16559.000148610856,206.1714492624763,-13134.877449317008,-15773.923857065136,-10423.487854537365,-4078.9159854238824,-1003.3802950180634
-20766.74827576775,-46748.51964994481,-50667.74103460803,-46184.39498143898,-25365.402478256343,10070.286813426632,41553.56753417394,45396.68129517716,18604.427403397163,-14873.756623073547,-30041.853591131436,-24208.633856892688,-10992.291059018218,-2140.588535703392,-120.06286080499137
-35683.725053469876,-92688.74769788455,-99475.00764016922,-87264.86926471339,-41092.703192218105,27605.874344277534,74877.53978456222,63039.03018409632,7518.857201117875,-38816.077454694714,-45793.79550735536,-26508.82074040181,-6793.357762981541,1519.4194201782502,945.1177415197714
-39628.49797833446,-109604.87827331742,-129398.3796822728,-117811.5558076743,-50730.61861900284,47716.90990146291,102834.68047203703,67125.01049576528,-14873.487257784065,-62795.511134001456,-53750.354509041164,-21751.31579181393,229.33965405921037,5350.170542795105,1801.2481489585034
-25340.311269441983,-96603.1065504218,-126164.03994816657,-120055.25548067123,-45648.6142689532,65329.165025269656,115425.32570096888,55377.45459330517,-41285.945595967416,-79035.07614660566,-52190.64431276577,-12409.681145502433,7611.332511374364,8420.27996838179,2352.7723858129825
6333.989510275347,-84969.30973352831,-104852.46756432757,-95100.9760389979,-23729.65298573459,77517.45862780834,109082.35845849513,31264.12530101609,-64052.39655753164,-83796.17134958551,-42754.83132641817,-1389.5747765487217,13879.704369000052,10500.81884630515,2640.8534225642434
46140.000285815935,-85069.41151182118,-83112.34855291656,-57790.39748327495,7168.861406629219,81700.15824491877,86524.19618543235,2088.5141554858915,-77413.55721887504,-77117.37864462599,-28646.811174128434,8876.947871046721,18253.509058428426,11533.603186619905,2669.6369213637195
81114.00248652564,-83142.18524360281,-63718.22805064371,-21866.074415882,34970.11246382881,76092.90993917824,55150.53330660308,-23802.733737283117,-79195.77026253252,-62288.4077057218,-13623.72985591398,16666.89751018468,20433.152227346465,11535.992631241086,2437.325053489851
102180.33952833424,-71141.16243036398,-43650.68482835581,6324.127561487596,51640.2773038959,61680.3262011155,23575.21073006681,-40736.75293756951,-71238.27859871174,-44122.70495754524,-670.6935048065657,21317.743044598563,20615.024349886706,10671.513410459993,1994.597010762066
107660.20932566035,-52737.69789114741,-23357.90536526112,25397.688999922895,55799.14215242986,42176.930141220655,-1836.0245472345332,-47403.80372181591,-57676.3296655978,-26776.752140407643,8772.326764950434,23112.222386609854,19313.91679266846,9206.287274527998,1435.4720650811028
101404.24176376691,-33866.42485422449,-5654.607078195094,36006.80810498695,50384.19656616497,22091.67638715337,-18364.670250452968,-45869.36151385016,-42666.45671144727,-12604.86114759264,14650.745462046287,22823.609282229372,17123.815739573893,7433.762367703649,865.6823524614631
88922.91378461658,-18008.109183179353,7531.709758607285,39744.26843400962,39497.56743095326,4897.345534940404,-26327.119818114967,-39513.629053499804,-29029.84674256767,-2239.784760994961,17669.618696120615,21280.60650346279,14550.2357674223,5616.1077472328725,375.3056398102457
74774.03705916383,-6345.942740068221,16038.462498230256,38603.51524830791,26568.608248890614,-7595.606264703645,-27703.053412831745,-31447.023999777644,-18042.665312607664,4739.050927541126,18724.312006164066,19138.520785999655,11949.21134478611,3947.0946251237606,17.977449684841176
61734.82328652513,1310.544779170333,20925.533596425114,34382.30795817684,13824.24693038429,-14968.98993436718,-24982.852011918218,-23788.19845587339,-9819.604773029583,9173.660471541998,18608.96834830653,16848.108307265877,9545.48360753621,2538.0011117583854,-198.4825709806616
50988.32923609695,6038.379387902593,23631.59609386704,28174.341373748935,2536.281453794831,-17659.02496069032,-20467.740228162445,-17552.577706915396,-3832.402352178816,11930.685587796475,17931.950647137004,14699.186968819035,7458.091736507064,1409.5139870783564,-309.2989066863334
42742.42572090316,9575.61561024678,25130.457492315894,20281.49594558834,-6414.003106139573,-16593.277039369317,-15945.275041036002,-12878.299879896367,656.154776542031,13734.668934757374,17136.835238786338,12860.366375969446,5692.735688981045,477.7038877574269,-381.8431240139662
36809.269373419294,13763.135485205905,25202.148739780994,10713.554261169602,-12139.42038098927,-13107.497192677862,-12583.788860114364,-9361.198250973986,4364.152872649586,15181.99394127574,16562.628783817076,11380.407217170945,4094.787352376785,-457.18942506724716,-497.62162448162195
32936.014913964,19112.207818414157,22219.93711046311,176.17289874250716,-13816.10015399013,-9017.862018199005,-10973.012034184636,-6315.235561601358,7988.399489844735,16834.506827460555,16458.449495283334,10101.190233209696,2268.219068120018,-1689.4407351431946,-721.1145515060672
30918.336823911042,22810.67255060608,14495.567709283054,-8684.838527473721,-11486.325133960958,-6874.757494959616,-11164.628560508005,-2786.833737675125,12322.470399619313,19234.18179669424,16826.61169544098,8431.399339763637,-475.4425818768135,-3483.471708536963,-1041.8554140329904
30473.278803106645,20038.98053443749,4852.400509477274,-11374.140548931293,-8268.751628673383,-9849.918967555304,-12232.842365619483,2563.9126800701606,18174.71192156877,22603.298984444544,16976.469906093585,5103.761463293887,-4870.231190380103,-5728.2497283542925,-1287.9867910902456
30849.3064959239,15537.139767405703,3924.6171695654198,-7487.745791403869,-11988.909357420396,-19313.95233424179,-11608.596455413413,11000.622883708795,25713.45367447364,26130.544317140593,15061.005510063213,-1434.1406232258096,-10752.386431502488,-7468.670932042128,-1107.9939295153108
30643.739441675807,28225.579950467127,16453.054174539673,-8494.575465664464,-29070.196061601993,-30957.609812355247,-6127.654849195696,22321.69426235528,33553.58535738666,27507.801773770716,8690.032918852827,-11297.656190626745,-15967.092674433348,-7105.722545884999,-215.62967310366992
28612.706854107586,56314.72606795331,23645.434644936344,-26832.795631082634,-53304.846637270086,-36493.638798041786,4691.750995769994,33918.007872361435,38807.26559923478,23925.2456154183,-2830.384065103535,-21493.88818645973,-17158.24923004223,-3827.4789164363983,1221.5338985852188
24964.75815090975,64883.52968801566,8458.632028459577,-53870.05018250789,-69437.01210486334,-32315.387531474345,16968.511381459837,41861.54747040309,38591.49578859511,14244.802788236993,-16689.879747207862,-27092.038486068428,-12632.2972459809,1213.7269418591472,2581.035805935768
21422.538571985133,47398.250249058015,-13656.58819464045,-69715.14169660283,-70770.15320678787,-22816.38643056048,25611.748334643264,43475.10856598742,32029.089370368994,624.7243468823968,-27418.902832585933,-24833.91797055289,-4268.234971715549,5521.694394960177,3212.3500328071555
19396.74675406977,31018.50550526534,-24523.962554978374,-70140.36875352704,-62467.32058364943,-13257.576071162035,29058.94051118884,39526.753646964156,21639.799665552913,-11890.49812291375,-30577.06708539568,-16321.320999779773,3440.0815728599464,7055.146944474822,2869.6751503903515
18202.967378217414,22142.512631062204,-27136.189125361463,-63172.265289133815,-50874.86581428425,-5064.468715648383,29465.59257456338,33536.6151321161,11748.578733628263,-19420.381011856658,-27046.8656093841,-7015.793545702848,7277.920548399418,6002.933741260045,1954.6620790543989
16988.623527197597,15873.972949864978,-26443.52108736337,-54746.84970297788,-40155.02728876308,1091.2231630084157,28519.996351583355,27797.4709565371,4075.1922319800656,-22757.444909534373,-21139.24512825029,-165.78468123835773,8151.794170244279,4332.899574621821,1174.8545773669584
16682.058068106046,12996.8736947519,-24134.853294880995,-47854.660731001,-32637.029294947966,4188.056084750526,25921.725873801184,21899.73428767711,-2362.2036217368477,-23714.641397141782,-14463.187479091539,4954.982843095162,7981.393777568399,3081.98315828421,787.0822105995227
16540.60588135349,9238.956978941284,-23380.312847316633,-42785.530249780735,-27147.767613156688,5254.111501155041,22135.12427657495,15972.52733816067,-7221.9660054735705,-21834.511441763956,-7063.884021178098,8251.49515086644,6610.710066999098,1771.2046907190565,533.8352885904154
14246.180590487294,2663.576001789594,-23845.23742181986,-37832.05956965299,-21632.255867302374,6267.529989513361,18840.750558375996,11389.54051670706,-9578.591059852828,-17695.783617079825,-934.1829286855384,8711.41269897008,4096.755361369861,323.0539378602853,248.56244237420208
11012.828240015568,-1456.7609169265636,-22878.98060403688,-32750.3301185864,-16482.840218389552,7312.997111780331,16361.661615935369,8104.898279313042,-10452.001829316887,-13399.482470540428,2836.191173504113,7535.794634719665,1898.7200803134067,-617.4385798219755,40.94271780663473
9148.226362150623,-2062.006389271299,-20881.002366466233,-28458.907396014703,-12725.801192851814,7479.100222428945,13857.857907719848,5226.656435224662,-10782.785653456443,-9340.905950354232,5429.406775292582,6306.701636185882,592.124212341151,-920.5962269543998,-13.267694651892015
6912.408180638229,-3526.3748595424654,-19583.48363224514,-24728.416097699414,-9750.594849759073,7146.976087724466,11614.301639945437,3121.338182778598,-10153.720646505175,-5020.101107181554,7234.3822353295,4701.543402985348,-621.5968811785472,-1086.580709680542,-3.444391197928468
2091.2026919724526,-6715.596241806316,-18681.27058252828,-20744.218587270436,-6480.884770245178,7517.5967513627975,10666.798880960394,2215.2954250767566,-8736.974496256757,-1073.5526605638336,7430.367808589082,2184.80763515111,-2139.495443238558,-1400.079896276541,-28.898065722245818
-3297.1686764486954,-8322.899720932426,-16898.918286719563,-16503.241007340308,-2909.3560285398567,8825.53313413494,10764.963314957558,1486.4118025144417,-7388.837058350064,1785.7283358168754,6109.133372216436,-465.9348850124901,-3394.7469250453387,-1656.3705036850715,-80.48646696815274
-6151.555577940726,-6950.845359402896,-14069.00759948577,-12448.632911022589,315.55251841857387,10162.46100959378,10519.869871657495,-6.812859010869886,-6011.557157703472,3838.6941125565527,4400.348402996071,-2253.1862767299244,-3856.8121305206537,-1560.9572618222232,-79.29687612698723
-7001.9219465896,-4636.280680567118,-10865.827198521483,-8563.213448062092,2979.7174132466403,10876.08671415319,9376.192027314517,-1721.5954835542643,-3864.2681889840837,5641.1631761809585,2950.5526196632754,-3251.284619678938,-3691.6333425602265,-1056.5369259925567,34.956172111468675
-8623.532789916258,-3164.961817103814,-7424.065766401222,-4208.16027929769,5698.4092425886865,11337.441815926157,7743.790967013867,-2910.190392868925,-565.9126660888203,7229.349727010407,1291.4089070058917,-4282.7746832438215,-3396.48264063404,-273.39094290111325,259.5054923796692
-11484.725595177815,-3472.6417990033538,-4594.070018453569,31.045926896510082,8172.207843048526,11062.760632948064,5127.437520235968,-3112.0037631922974,4033.1423054714887,7813.748119254758,-1297.5990300665371,-5725.868355267754,-3119.299986269741,663.4495047150034,523.9523757374984
-12791.483478359705,-6502.69657249183,-5088.383532039174,716.2612788599175,7446.2047852408605,7969.847200060143,1538.8447850383002,-880.234320882782,8927.116221893899,6304.321840016072,-4447.661834397991,-6897.269245581338,-2488.0312574021527,1625.5783080764547,685.3370573370172
-10543.946115482853,-5577.688556225163,-5519.095973508626,-1450.7528682787583,3638.5045835118535,3621.0396900069177,158.88253104789996,3869.6288922509775,11331.523497970758,3015.1590926533627,-6656.282270787998,-6795.310437710341,-1268.306910478432,2255.474666271896,575.6512169291996
-7172.39270604849,2963.1984230874673,751.347264370486,946.9297905648314,3124.828828838689,3239.926101337491,2852.6218908181504,7993.166609752549,10030.546671589123,-449.0603418432302,-7392.459327538497,-5716.779660001172,-70.09833482086997,2220.3296395984544,234.77311200406848
-5236.090404456643,6057.667135261498,10144.485115156649,10660.668821944979,9360.08878219172,8375.85200579829,8605.827511923828,10836.36459655596,6693.89599942692,-4320.779541634546,-8683.80578229688,-5379.393455876409,693.4468360732546,2201.933489900538,70.23157914456965
-431.86832888065896,-7779.477182498778,15404.385893007975,25831.501211992883,22217.549371127738,18891.62384160288,18044.192534559712,14324.628670461567,1785.7999377192377,-10525.817174357331,-12418.516522615362,-5960.66141365537,2518.4849369789326,3426.641077664988,338.876936038901
9958.640994576925,-31866.369767683635,6780.216343900811,34461.50027120679,34350.51823469488,29831.82031158592,27007.15212861581,15898.815145511702,-4863.03998256003,-17629.333391763063,-16249.775986880182,-4697.960470440734,6414.681893623021,5042.999235476402,538.912646328192
14525.231724235859,-28696.37583886356,-3474.144064395404,26387.83802237707,32521.774395826,30551.819156396887,27416.774070081723,12669.95580201729,-10224.638383538862,-20643.298362959027,-15910.972032661688,-741.2045995990097,9141.018635271703,4499.887587792869,80.48716069639988
3998.7615995546003,-5766.6355221373815,4228.490667733123,18869.247027664027,23441.007524491542,23584.595870408742,20966.780381377863,6960.785586640466,-11683.668307691049,-17960.79809600009,-11840.300091526991,1827.888138968607,7198.037183600848,1833.2393123683973,-674.914706920141
-7783.422316512632,-7339.598812435428,10355.190107639333,21224.299921486156,21484.825794953013,19735.3375442058,14928.64596008597,1823.6243079164478,-11059.941402162842,-13757.044021832051,-8655.704869781672,487.06106526159283,3155.912402702504,3.9447332631330028,-915.2839407776055
-3592.88024471116,-21630.96040578254,3623.9196088588797,22451.506204581634,23541.54971428804,19826.64854717571,12238.26917304127,-1215.5333003904498,-10902.686900669425,-11817.941576192808,-7731.016634370112,-905.0290681634235,1832.6094215162252,258.84143698773516,-570.054843488905
8727.235694360863,-23590.246036346824,-1513.023489003915,19670.82422468501,22788.571707880732,19835.887368319145,12321.705521659967,-1644.338631566318,-11036.82624157299,-11179.240473872203,-5845.452006094838,1247.1646935916265,2780.4812304016627,760.1093758193405,-245.13531289793957
10435.857900166606,-13959.916918621975,111.8829215982791,15709.966682662003,18889.25199236245,18101.28541990316,12593.383328257849,-1213.8220551120376,-10635.35708962467,-9582.361415388941,-1886.0089101526569,4112.116065646559,2336.2619109247557,113.96107373508084,-258.96241053270217
1908.8208745729933,-2506.1224541568,6201.820561713777,13485.886914576435,15007.461929126719,15424.999281079425,10545.225210430921,-2709.715717681847,-10466.829839792868,-7713.163950162234,654.1842592312449,3553.895050703678,261.24372053047045,-721.89406792286,-348.62563938410443
-318.5267033549695,-3408.826427487007,11901.05946711805,16239.2403624416,15280.86542403506,14159.449102299175,6352.686901949816,-6836.886335132666,-11659.614109008762,-7732.110196174359,-814.3439636129856,796.3484073462694,-420.85255872470464,-358.7506837487622,-179.80752364771317
10761.609220071257,-17386.90560437789,9791.301156109912,20264.43253542245,18906.263737902824,14693.13813864333,2057.8685582971593,-11389.625327456306,-13550.153590430775,-9528.403606689182,-3987.497314020221,75.10811281879029,1527.2922748424335,1046.8375174535452,241.1895811497059
23946.402003187108,-25547.552160768013,1871.0049438466415,19206.104774389285,20525.807273494607,14848.715627542822,-499.84341587572806,-13364.288503597882,-14032.86153306439,-10589.320721513795,-4885.964642422286,2260.106726590101,3912.75467676583,2205.3495560206966,639.9340486954943
26514.070856222814,-18498.62633273382,-2503.9825457904417,14097.24430243859,17920.378043647434,13194.091234980986,-1070.9567147472956,-11949.31391534818,-12068.20633620166,-9153.643794759912,-2957.3996144860453,4094.8297900156695,4317.745293850747,2302.5149660073494,781.4507877611037
19443.628274033505,-7114.46502466195,-630.6906908592883,9734.901990340784,13389.768908693808,10122.611064312314,-1131.2063592960812,-9155.653855488117,-8773.25841364626,-6047.395970549491,-1248.2701726995401,3070.4551872353877,2917.4745318627147,1638.1737589280897,641.2238129041237
13554.371047158917,-1572.8039807175567,2606.876220385912,7717.379125669826,10113.604493801546,7199.492353626592,-1914.8781007726986,-7228.012379279586,-5837.759259280097,-3703.4312283426925,-2304.1243018800615,534.8840191602649,1655.5538200142155,955.8894995128268,345.8589658851304
16677.420869427107,-3528.2083515062645,3360.957051681115,9100.319301190566,10863.10641071956,6629.2198126856065,-2713.8482511552756,-6441.921934240013,-4357.417972164906,-4312.672017695663,-4928.370650105907,-191.24250206935164,1926.8927641155356,731.9246067815592,82.88682604821736
27335.44309684756,-12396.645979760404,4829.981472811488,14898.24474973941,14765.151950755777,8071.568323307815,-3147.4955454310098,-6821.630525087482,-5795.228431139896,-7817.79857072548,-4870.866321535462,2577.189792127493,3620.884052934846,1152.3508730893934,69.39769933482154
39416.39444137003,-17061.005050465206,8613.885072480201,17813.41646443055,15490.27707828238,6947.07851428949,-6277.940409124154,-10733.502657223502,-11470.104722890099,-10469.882845116452,880.6672218033516,7471.123899881386,5887.5665237955745,2322.9528607636894,414.461842613566
49152.95548759875,-13852.035305959245,3008.5301739333295,13762.349068519856,13874.180345777344,2643.73236105677,-14211.695619304837,-19377.73892028073,-18991.617429829454,-7954.59108421782,10089.104956878395,11904.369740780523,8224.27391081083,3938.248109206802,846.1337689996396
52707.000342338615,-23602.988774858295,-6216.999627952034,17260.640216762913,19549.082887567663,992.7028517234436,-22888.311534785655,-28326.007127794404,-23654.95888234055,-2161.6105883884334,16919.567791551854,14574.277453344632,10140.824154907821,4592.316997908133,747.8233608945698
42049.29570593466,-37834.455233362474,-357.97084383392826,30218.86748954354,28696.277448627156,303.2399735507233,-29502.707861240247,-33570.94299247042,-25769.782186262302,-272.2901781358436,18013.63352869663,15456.817455881293,10068.12593594842,2554.0830589460916,-135.18024383800855
16743.91192604016,-42303.55213361529,13795.185633115416,42669.23610159457,34494.19765173196,-4139.957057878655,-36268.05551207434,-37244.34432423145,-29514.580003725616,-4426.674282958977,15614.854851610411,14803.971256405594,6751.567367431357,-1692.7065074009663,-1174.3037012583843
-6318.39298377316,-26797.3681751381,35734.77199380299,54844.214875809106,41814.861375463355,-3909.3090770495232,-39682.65969808175,-40256.51654913956,-33558.15056622932,-7576.678402091624,14754.645467294886,13709.835854116378,2021.537644174353,-5293.027721832105,-1614.073212194602
-11809.151016902364,5655.926351455055,43407.290784146484,47963.87830204616,40975.26088308256,4096.979884450516,-33219.54718630614,-38225.236831464346,-31510.627870839788,-2764.751433608942,17796.43131178238,13838.391194345139,-741.1467578485488,-6481.089811736698,-1492.642833848398
-3049.4328875582437,2056.74493290811,15675.89509568221,21296.676193014602,23883.06052451561,5447.602797336391,-23167.440755274023,-31123.296966183574,-22308.289380062048,7973.330899121661,22252.97682817642,15264.207985300978,-697.748577811586,-5973.341913296873,-1239.4988468403753
8501.748407080715,-27904.8230173079,-2620.607185467858,14376.599106563048,12804.305877145143,-2707.3132853803186,-20414.50403451639,-25112.23036670231,-11496.581913332928,17402.77038664037,24295.089840111443,16304.514498265733,441.051961354332,-4934.919219914506,-988.3369464906914
13605.453598221806,-34089.426325391156,14142.660047412037,32652.899169238546,20746.586755905508,-7155.25157726408,-23134.246877471825,-22356.401943974077,-3465.9559050925373,21293.48922165123,22763.94637079119,15682.35226599813,1047.2465607035615,-3933.6212903306778,-726.642325335781
6305.998492141091,-12564.573066436238,35671.352709071,45384.62575863757,31652.29370074868,-4516.807966727099,-24274.329624558406,-20490.223784528498,716.3167784828254,20110.913863354916,19107.079058768853,13365.02025351,374.78607535209704,-3354.967195310425,-563.4119022751328
-9578.655094863574,8325.348329271223,38707.4989424913,41400.044801378965,32569.42676116273,-2138.3401287296915,-23138.155256591457,-18855.11704279261,1311.4626309682226,16449.674154429697,15147.857307990818,9724.216259348372,-1568.6965360275797,-3169.8227199761072,-530.6432502472467
-20967.974172325048,15179.057018587508,30562.31045228716,31487.530613854182,26992.661918964168,-2966.424523049166,-22000.207575273795,-18268.270370201728,-72.29417743553219,13172.552220124691,12079.15985591173,5494.021571239329,-3728.1788900072734,-2848.2027989761255,-493.2802943641724
-20629.41403488183,10854.167419429152,19174.134168373937,21473.25724300986,19752.00479103943,-5106.195232161872,-21377.751441249933,-18494.69655518744,-825.4353143596059,12346.224948971188,10727.88338904819,2031.6058988090722,-4993.309287955276,-2259.03296390779,-419.78815141482414
-12524.499020662348,-4930.5022285931245,6579.6504343807665,12949.925909691023,11034.244140446866,-9020.520365018423,-21585.23012558324,-18793.74063785609,604.0032180243606,14152.041011643809,11226.35105460249,88.34685605084069,-5438.546571627614,-1774.5518268681813,-411.1762993129881
-4244.186601639073,-23831.594619622872,2895.0659868939433,13025.436351390086,4155.171356899353,-15491.696127058753,-23354.1122263697,-18714.312584495045,3840.9080136423263,16932.843516515313,12552.692814817332,-785.9398266716034,-5531.174777418845,-1552.537639226205,-484.78841187236424
-3312.208717571322,-28525.033672667116,14811.773103511056,23912.369050903013,4587.496404722565,-20928.347495868256,-25647.921576544366,-17620.69648401371,7560.902042403245,18749.960025104836,13478.239741141073,-1088.6735869246281,-5512.837742492937,-1649.991481669571,-609.4311469196263
-13416.093942741629,-12979.822188766013,31440.93087519003,35536.843266273005,11193.229653009388,-21598.011815211346,-26091.546503222748,-14909.921636638823,10506.130029886774,18839.35858461415,13743.224563167343,-1236.1621351270599,-5922.366429569344,-2268.4521221527634,-821.4466301737983
-28496.212714317207,7937.541352283351,37125.92130173306,37728.24452359607,16160.963250833278,-18598.368799740023,-23164.36496360473,-10501.514254608628,12208.871730346194,17783.79943314472,13464.062535140067,-2168.179648111057,-6920.67850342656,-3218.0087745522574,-1104.2556474035048
-37614.32168256407,16251.418547378915,29779.364534667173,29931.96401910142,13908.454487321038,-14110.225052431722,-17081.619514315928,-5042.199900694694,12996.177785437492,16343.709967507782,12057.540053495848,-4029.2142622880206,-7493.942259869997,-3800.380223995108,-1291.8685376042172
-37060.141416074934,9591.749290756718,17021.13810764819,17863.847072356388,8053.802326847938,-8789.564355060036,-10607.79134853646,-337.67376572959665,13024.865510011387,14588.687302660357,9299.001624014427,-5512.2434262063025,-6899.939517217701,-3662.7907736145426,-1266.4265233158876
-32056.16897450808,-817.2336555231068,6702.359281748432,9012.663316873844,5253.628096350124,-4715.151273009512,-7149.182102769794,2024.3596429369727,12643.73662741776,12974.24736172138,6108.748087893978,-6281.317644108795,-5895.534991214081,-3262.073904660707,-1155.5508110101075
-28901.78045110527,-4055.4580143914436,4392.187872924047,8383.54836838519,6808.583289906669,-4684.5844487308495,-8474.91351477261,1789.5272244880725,12944.37152591368,12474.038317425036,2825.687214829849,-7515.149360961849,-5595.7390378958,-3265.1724310946192,-1131.1748795648446
-28630.284230073485,3074.1494473140347,15161.16808886213,18380.149069199142,9441.182177568584,-10819.13200672642,-14644.837631807726,224.72820337527824,15227.470539633987,13810.217399008234,-22.733482627038796,-9500.372601144903,-6433.413738210899,-3638.2642457404054,-1001.4020743148388
-24219.963697924242,14660.287403021286,38834.85700114798,37462.48968846947,11516.484341370095,-21261.10787024957,-22903.960815773917,1515.256133768527,22065.817164225926,18890.53413722457,-332.01393136111193,-11764.513779812147,-8146.304185986319,-3249.6232333412763,-294.111014883737
-8148.054431585713,18619.373554449856,67194.17586739123,59972.14427871922,9678.42462388125,-36467.52669298639,-33063.44843901092,6105.615547454301,33088.792213469744,27437.805757343092,1245.36548999097,-14242.45890320365,-9441.76805251233,-997.4042310093384,947.9999171264705
10739.285613524726,-4513.503356241268,64312.39438806295,57065.83978502028,-7273.629146413042,-50986.05706310668,-41567.864825386954,7840.659159025809,39648.5455228375,32297.128143386843,434.50297019170415,-16045.166727807027,-8816.673337694428,2084.0891961716266,1833.9027558625273
13729.3275495897,-15197.962385004843,29623.681158627413,26812.859976811462,-19835.659785818007,-45487.82238267507,-37227.04627836008,6493.088910785745,35869.74361985338,28202.309762522167,-3740.4458047586995,-15815.448709174294,-6755.719064919152,3521.945795070538,1704.4785854270713
1316.3670734035738,658.2127619494032,11614.848878915336,10552.779284100909,-10190.623220865304,-25390.365370953834,-22875.43349486721,6905.39804486996,27447.424372820424,19605.261506342064,-7990.364690163254,-14129.566690167558,-5208.651783968857,2855.2839551799775,1015.8887439017408
-8626.500982855983,7581.9228252965395,12334.706773432268,13532.403062938254,3802.1982184716508,-11635.137727364832,-11057.64554864484,9430.633549373943,21320.325482673063,12782.549712846525,-10290.794082310576,-12669.754554332058,-4718.095485404563,1881.0662277125962,532.812683537549
-8443.077143558374,8409.398534724092,18288.313409702812,21272.868504506565,9147.83275135335,-8992.066129128734,-5572.053548653854,12376.579404648106,18543.617387010665,9049.656683871923,-10842.236247648796,-11614.75498405124,-4237.176165407676,1604.5730254828695,361.70115701970667
-2769.913683831143,12215.662817928203,25847.414443238435,26314.494030820788,5644.891632344345,-12878.845978005058,-4788.158848176339,14241.180857366224,17289.016754885364,7097.0743038536175,-10019.30116253401,-10075.163910206935,-3116.905867557848,1581.6085705002822,248.8872632641838
5883.459026284953,11823.123467126747,29704.74111029339,25453.292730670768,-1394.2216265694865,-16782.792102839943,-5376.058510864484,14499.507234741604,16150.69416354582,6153.657940487285,-8135.868132725574,-7821.712154032279,-1308.0839619790422,1598.3508470078461,163.05596049514605
15034.877673514791,5644.017660796898,27444.71255535433,20950.818505511073,-6522.667360756336,-17886.10592568356,-4799.616617854702,14390.107691009713,15180.083226768085,5986.688702984758,-6034.1007869510795,-5298.367912144319,1158.6616534230607,1789.8973227914282,182.36688401638787
18729.481681354024,-3237.488412608611,19679.975517369232,13331.276211423916,-11520.260877341543,-18792.954033990252,-4860.945797214935,13670.674417761804,14167.495508337639,5234.07043813688,-5091.438621245572,-3311.7845315562195,3421.388912557467,1944.915956966132,285.63493367015457
16138.09709363012,-8016.931203405532,8087.881293944341,2760.337545251137,-15618.857270189073,-18898.35184913205,-6864.29836034159,10839.540374613234,11868.675238876733,2121.118713184023,-6170.198328875371,-2855.380479202045,4291.698010930394,1993.448076889831,464.7070257007251
12583.122001896098,-1510.8174073529353,3787.357826061253,-1220.7890996087237,-13475.33344426633,-15950.355923473027,-8092.173707431119,7159.566070479236,8222.97094523429,-2933.150631951741,-8578.891014437639,-4018.3007532887086,3958.7853997482093,2202.4308412700902,730.077753794131
10703.90910916831,6569.47363998237,8921.597295483267,4180.221803182247,-8253.00297896586,-12768.74501165373,-6667.3075158069105,5355.513832523291,4907.247438452841,-7516.290548178793,-10743.883621244962,-5461.948476355649,3651.8430513701674,2566.3535203285055,1010.2351894734318
8278.565623167233,9931.218018903746,15111.180584526883,11060.715637137695,-5782.754463278019,-11655.8321343656,-3701.7843393874696,5734.523546775739,3229.978813019022,-9853.782696770955,-11623.18614777207,-5641.834882834742,3852.022497052234,2683.875724118924,1182.9603882644053
5519.859768217926,10455.102415105108,19194.792256106368,14813.010746608252,-5685.836494252093,-11183.525888455508,-866.7766391760364,7114.87390109648,3292.0467401886167,-9962.147082560263,-11170.000694461321,-4479.240081218303,3894.5825035316584,2344.996504259946,1182.3441796445222
7576.740192930691,9516.154802882606,21190.185750927045,15030.6396037304,-6557.181609361771,-10786.518298832654,1320.7814935095912,8973.797834296853,4362.601130590496,-8932.236745318243,-10095.319956834865,-3210.0232976730736,3477.543081626016,1899.342853355724,1060.371716913433
15124.750811991755,7114.711484811736,20648.04054769232,12731.377052454338,-7399.200146248903,-9921.488848423727,3328.372204084714,10482.217534458314,5410.030853960191,-7598.239690886847,-8853.917305399242,-2018.810722467625,3193.10776433916,1667.1822106825703,929.8583464664136
20577.005015368864,5635.581065287951,17690.666027617048,9693.22114090469,-6721.805148451515,-7974.622309373753,5247.491599245048,11724.124786875847,6985.608121965932,-5151.705351046075,-6366.376436468164,377.6571258733749,3075.3922820038024,1458.675217438569,900.4659184704633
20846.097881032394,3655.481989982526,13853.972349870593,7339.785541796824,-6446.963649302434,-6420.239823664987,9043.680998465812,14729.73574385372,10614.667081047974,-611.7050087196901,-1813.271622973743,3988.5130058130726,2765.7980139391166,1347.6111644737575,1088.0101156797803
23254.76551210097,2694.3112043060332,16785.893415231494,10130.016812716813,-6338.691807038114,-4562.824958892766,15567.149904670421,19210.150202064426,15351.386882497754,3727.308293660338,2460.9565921067046,7272.698652109519,3053.183279170675,2027.2905973573113,1429.1912612119747
29344.32917792596,11905.156402224464,26630.773927842674,17566.824302110683,-5101.891018474383,-2658.4586887496744,20917.329377041046,23244.956751119265,18454.364685870987,3998.9043539908434,3231.5434217741836,9251.045114781602,4726.441641123389,3368.68716602835,1489.7139833621056
27997.585004012435,28091.76729001789,35994.95761935035,26154.22741319627,-1653.8442974588356,-205.83583609253537,23377.40316942308,25159.567253886187,18020.20777509026,201.7210341066824,834.1285894793909,9713.062667628827,6545.840993942638,3881.821977290893,995.7017297834807
16198.709587588784,32186.486326922073,32256.840133802856,28399.23374080178,4695.626392742366,4498.186336659948,21139.336680988265,21410.633893930022,13350.543306239377,-3599.562602578849,-1427.296181148175,8475.064544448462,6404.589322297889,2846.891287232578,414.2917694985058
5924.311500345842,16224.439668451389,17615.971149979287,17405.705526777117,4340.471180443872,4143.103618559537,11799.685745401861,11870.12066286526,5439.1707577281995,-5115.0670459852845,-2140.953294990236,5480.986845384401,4022.9077138711864,1391.462826891637,317.18153227290827
3359.8032400842144,7871.730453272626,11901.710236991798,7027.634301187014,-2842.8294365706774,-2155.0084654502366,3088.952095129721,4115.3847767041625,-1642.7909264903237,-5630.412082589807,-2757.1657435102657,1890.6359161450232,1248.9460224233867,597.9806365375673,558.6868980811308
3222.274236814443,4581.926544798028,8987.437489265567,2125.128329652135,-6667.231920949889,-5287.4087503214205,975.8666465737607,1958.4009047102256,-4329.772189818066,-5887.417677326138,-3545.1438007911197,-35.810249936410855,-64.05333060551249,333.9574461651807,649.5216582800373
2723.3822174588454,1176.8735309819012,5933.549927301973,-2106.6339734452577,-8707.733803070074,-6404.802085333328,760.8271839744791,1856.1488293412206,-3976.202180261229,-5493.014811634287,-3126.373689650353,594.5266212689311,310.9179336307143,200.23656087258064,466.628178280031
4282.697130162431,-1822.772333520456,3593.894331649435,-4905.822553048559,-11537.3603589776,-8656.027860743345,884.0646061525847,2345.8106061168855,-3362.1042558306685,-4826.458902325435,-1477.5728703128136,2315.543374362076,1336.0125967594151,152.0208661895016,228.47050463330356
6849.743458352535,-6665.5054035302455,1265.7435658837003,-6547.498981584032,-13590.9549742596,-9841.064849416842,2599.4211527331636,3549.4978343756843,-3389.9293499196974,-4554.608183230498,-122.36082669910786,3321.2591347578636,1956.9019134004602,159.98758595656983,98.41439476431191
4493.7564920928535,-7938.944845425101,1378.1953271547338,-6851.342128745319,-13886.636766723768,-9359.84520390803,4070.728214950576,3941.627518823315,-4275.485225910783,-4860.360980356694,-71.54269809670842,3103.9900466410313,1785.308999660329,72.94372667541131,39.59703594420449
-4771.511916757496,-5306.839768602576,3242.7796687013993,-6154.965985131244,-13261.783252155255,-8514.324485171717,4331.620160467746,3068.889130350688,-5572.77371643087,-5289.100577987842,-856.8606563298626,2152.3732027156434,1026.6858810051328,-168.58864880365945,-56.5843249451693
-13594.435336664958,-189.25033330087285,5986.183877248842,-3490.1088817660693,-11068.328909553078,-6472.087471397234,4642.734778464446,2281.458619480396,-5861.247004264407,-4940.973058652035,-1243.6404381254185,1176.3728258931671,256.80364267945964,-348.9045427858465,-191.66884042968434
-14718.396571096553,3410.79471298989,6635.148898963691,451.2429925548557,-6320.907136395754,-2680.3490220077015,5228.8876378581135,2492.7206888291175,-4335.797746463269,-3327.8013708958842,-434.7946355038039,772.5998558631406,202.49739613726098,-210.61828297005695,-280.66444396759056
-9979.260843397138,3648.5930605930034,5027.618607709096,2451.3892887010006,-1933.168765890176,304.1770494733524,5129.556818354952,3092.1815419107734,-2061.06833263289,-1055.7215938681088,1153.1610251611614,1046.527548803371,942.8502322611716,121.56932219663042,-303.5504784159
-3860.235901370413,4980.7414823227045,5031.537793905887,2763.1414994783636,-710.3037857657014,830.55659882737,4538.871347016218,3196.139986645675,-730.0430224457753,547.7549946229572,2189.0504670680893,1312.103715340546,1593.3126435586687,419.8250482622234,-292.6170417664125
2109.182027785979,6110.3215144102005,5689.182365274349,2438.6572608599517,-1479.5930394156956,480.91686514859055,4343.637596567565,2956.3192604181745,-823.717524896991,566.3581448553674,1825.6374593983294,844.8233100775857,1433.5932065249187,642.5203204808131,-300.9284594215167
5868.575982447164,4957.174634622878,5115.483532042776,493.2529765986327,-2662.9963676183947,349.425908154343,4307.651154075354,2706.3712193855704,-1751.5318928070717,-728.0134352279488,657.5357581728811,-121.45233326450429,569.0766245658073,639.1670029365843,-432.26487234348946
4954.8621792431095,2875.1250191027884,3998.0326774733844,-1892.9673066772045,-3710.2687593034093,272.21947614238763,4202.051610876014,2421.7059054205997,-2801.131297602953,-2166.807409630888,-42.720014446917105,-751.8078708204545,-452.2417907603193,247.5548691587904,-700.9258850655408
1598.3843529670805,1102.717667345988,3556.4223182107817,-1995.2624253194535,-3853.5623811439505,960.9042905476816,4650.039826896987,2256.5059354189807,-3205.4425690369358,-2473.080348768962,273.20203249431336,-546.6175974571311,-917.1856597747583,-257.5215496604036,-905.497772897098
882.3562311668986,2915.4660086402737,5421.349174101503,559.8068515455952,-2319.8156762681597,2778.7123626801376,5084.522067004688,2520.8504135436365,-1992.0153635219315,-1032.755281297643,1224.098819080532,447.5805476513259,-473.3553857971608,-410.4837965075899,-866.8037293305122
2665.672299536775,5827.904469181038,6609.483223350998,4153.490243206709,1364.2922324821643,4945.171785264862,4778.009027034192,3383.606182915115,234.55851833109224,968.5379440253573,1974.6147431288337,1492.7464962330039,231.6198350414379,-248.41319777925503,-714.9125986873133
2842.667972341316,5415.604325508475,5195.018392909296,5269.939189658766,3367.5612765049214,4760.762251084993,3203.5486628122035,2936.9159047813864,1201.7656129083102,1358.7449563881733,1472.7100447297375,1455.4895986148788,486.0348146162187,-136.11000681934482,-683.895932384638
938.9359484831951,-149.84814173800714,69.1584967038518,2440.036306961584,2824.4603424021966,1459.1004582034843,-452.4070603586947,957.0576949088611,1527.6102024434451,463.12397349568846,-149.49341144645445,569.24204718526,621.7771353052593,-124.67343769040946,-776.6429701307222
-1681.4790018816057,-1202.9480075360534,-1406.9546179400825,2235.3123299431427,3355.842459511381,-53.03197548409889,-2625.5716498550173,278.5428608290601,2129.9999980250864,-252.24934692161727,-1389.9626505378305,6.787120971679428,796.1592114662357,-222.38257560054384,-866.6665502888004
-4335.605196128431,249.48001226047649,86.31396548767317,1858.6551269613178,2437.2575778385753,-577.9061797390433,-2961.704811647758,-223.02120140479815,1683.4778550160568,-1144.7427558329232,-1862.5611084414513,-302.1154864431075,502.7330980010674,-571.2542276981171,-880.9406935820563
-4975.513189195742,544.1687550033912,978.7985830515588,1160.5464774333777,1319.3283613299986,-810.8923306087827,-2847.4903897565423,-558.1280099795965,1130.5890930840274,-1817.8522018470674,-1983.9397823545755,-518.0189555002855,27.660130685761942,-913.0499530058705,-811.0836853344849
-3158.54716140503,-44.00771172753511,1003.0926641647148,269.7428838568087,221.39079924032922,-231.7322751216477,-1657.2390468336228,73.97607279532258,1361.8811972464125,-1398.8526678595326,-1702.9211586094293,-83.77875642444116,140.13428753700828,-905.8933691588425,-722.148060289901
-807.8926111297199,-162.27334535292894,607.5109099646087,76.34611413427868,-418.62420324277593,37.997930191684986,-667.5121667809041,374.5267870923528,1579.6710364636542,-729.6174326055707,-1368.1027022723003,789.3941358749469,737.1602896367642,-749.136089346116,-672.1986234387869
1209.6055214670992,757.0983759149084,1281.8400495632934,312.60094700056993,-621.8854266206254,28.207254059241734,-459.0544694046672,-92.81084050651765,1223.1838957576147,-816.7192080299749,-1457.8306090850845,1273.1717922086189,1126.7554525268486,-770.6069015896535,-621.6146053244152
1871.149857493649,1998.9619745095374,2386.3515739518375,-773.4822385449604,-1673.290708294734,-33.60985968297507,-398.64560195906637,-1083.916484067093,78.8364343034607,-1401.6123317390538,-1662.7751901273823,1038.2691197077133,936.8758687066315,-928.5343599789217,-511.8311825943203
-434.57581501839246,3448.542882758963,3685.2127287409853,-3075.779453185968,-3686.1089611706707,666.8169998259716,539.9646695939007,-2308.5816379396338,-1678.663445717374,-1430.850583777091,-1240.2852937461953,270.77894182351105,223.60068870874395,-1019.9096201026703,-355.51419214877257
-2844.182819221369,7190.157300675652,7156.75005442323,-5285.411107787503,-5846.54182270123,3437.2482599747505,3275.9917794664657,-3559.315945810464,-3433.2536265059553,-96.24676587358243,101.23233594638192,-772.5452493398451,-767.9365002172703,-892.9205587164108,-170.21422462723058
-2.7550602972247713,13262.854240777333,12351.363240771798,-8087.544121206287,-8304.180842129626,7138.988729697725,6442.896621759745,-5032.2299204157325,-4560.596604865542,2110.1175384191356,1715.8319655484818,-1684.3404532918757,-1497.2844373312914,-481.06945046909334,46.59488102630634
6008.312951869957,12873.707052345138,11932.25531923792,-10992.249700682765,-10063.314318519999,8126.8102971131175,6940.70459486619,-6011.942817866263,-4468.320284321416,3563.86559055214,2536.955661619201,-1789.3950735286776,-1374.5167206474362,-69.42608649309193,218.45972439821782
7970.212949840752,7437.467616811751,7204.673526690576,-9309.485660845763,-8073.472600504489,6386.991850044436,5054.158679785252,-5071.013036613665,-3055.0837615598352,3371.0502917102467,2292.0354404624727,-893.184245700622,-601.2659288320073,-43.38676617419594,282.20005376626114
5168.060761155958,4228.768331472,4222.078382095213,-5151.478188545643,-4338.861819156328,4478.819647354331,3206.122668029421,-3062.5791539836946,-1489.9272485699178,2126.9634421607166,1568.0426955664561,159.58963816067416,20.417643265715554,-235.93075512516015,332.9136434288345
2874.6479236135997,2265.2653781895683,2346.0072192628772,-2710.8316256986554,-2175.7528831729214,2840.452230645236,1726.3838820407746,-1794.695821974104,-1004.1465429926986,683.8197009006004,764.1103069925462,438.0971000971331,107.01767922287257,-260.6715870331737,460.49078270533533
2882.435113016301,1101.7440626544394,1397.5350738377726,-1543.646173023415,-1035.9937724324839,1653.4145333700603,634.0024501140074,-1257.720506385359,-1318.4080919651292,-462.56166204973465,-31.768042739421986,34.05934614989309,-169.83772700532984,-162.20702388279614,589.0713580128385
2144.9874827575427,290.7898451132859,740.6038568567716,-970.3818214230795,-448.31308727573236,1046.8117602700509,258.1676589416939,-863.8183828384194,-1437.3495465383992,-1022.1277543170726,-553.9692391704154,-294.6202846305183,-526.4440063737305,-213.34754334451355,619.3365350285924
-345.21405544319646,-199.8602566933562,161.35015501009366,-593.7784259133074,-241.5580598039096,949.8293358277774,509.3303172846941,-426.66290455470676,-996.5961835085511,-954.3622256838839,-498.70230446052045,-140.2097943884175,-702.0590072821893,-388.3802107697576,607.5915022700019
-1074.059792593604,-43.08436213528839,356.1702016249375,-490.3335918804328,-12.75528091803183,1592.4379125755993,1230.1577631664202,-80.71091108166888,-190.14205435025474,-156.70661868399742,234.62873705519146,351.01354975103175,-419.861400168708,-344.4037099760328,694.9907982819107
1937.9704469571543,1212.7639975601458,1559.2612621389292,-1243.5985669638776,245.73685081672926,3381.291813249211,2523.163886505065,109.47252161089682,994.0998449145148,1338.0512757641318,1327.0027340546017,833.7667643921445,244.68296593346906,62.615919285384734,870.7734979614372
4710.920535889669,4698.130638923802,4267.844066253888,-1416.3310099928885,1246.0851220885768,5307.089733433828,3689.426567209989,291.06082069377646,1894.9576830364817,2398.643534758314,1768.5123210832708,802.9192182665571,623.8826121845032,474.62237763619726,936.9028295906421
4095.0648292176866,6596.312472774091,5441.715984789944,-1063.091750588502,1657.0024175998458,5359.791595348478,3414.7530660587972,8.145641659074442,1684.216668290729,2339.545357667702,1173.8576705049245,179.83827503504597,448.67958902038504,565.8926577287407,830.4239262079341
3754.5966479163244,5695.266990647535,4864.4464771050725,-6.429832407381241,2080.0671784904994,4588.145512886627,3199.2236865464097,398.8319023550099,1603.1979869546353,2036.0333244112878,803.6344813236755,-85.57518296821064,355.8638616097277,578.2363304232127,748.0045737664777
5368.664203433695,1227.481476801683,1145.3873433100941,-176.55978166183405,921.0796030747616,2136.9420583621295,2421.939875493893,1269.0751653884263,1286.7499686998033,1409.3382508650514,955.2368332087533,253.6334481004854,487.0529978762635,728.3739063621038,767.0557350694863
4525.9742073121515,-788.236914713185,-1530.5509485038162,-2501.989604753628,-1852.9836641234751,-266.3779112835981,146.33236055157764,187.68259563236978,-348.7937311144169,105.52531743393429,254.8088911297137,-36.398366221585974,195.7966370089947,694.9092441047025,740.6187352284421
702.0870745872048,-1056.3206705457014,-1584.300412435292,-2229.7471111537834,-2262.284738404941,-868.2218600152052,-982.7159302857152,-1177.8228455369654,-1637.2887632000047,-1038.6837722653656,-1186.9345833948346,-1183.807618821635,-566.500901874218,330.4860211600354,635.6537358690013
-1914.2108747211719,-540.3800391757276,-1216.7195141032712,-1410.7462357927247,-1601.2001054790226,-937.7094260766771,-498.1090445281218,-932.7509888592239,-1646.756392098622,-1400.4636420729432,-1819.399899233674,-1941.1116577465664,-1188.1661396991426,34.54862514101859,554.5546785181659
-2021.0363302282244,225.6193140410591,-482.58455069507835,-1110.410871083125,-942.8048045501199,-553.5092895479848,374.4715933735422,15.843516063036375,-789.091083089159,-832.9380721704895,-1114.9903385102384,-1646.242746653657,-1311.4465390227351,95.02365417592836,508.3034895018071
-941.429288757133,448.65066842352684,70.05667110504913,-619.8006784443439,-605.1539619261961,-95.46922762905956,870.949849776588,690.825945186844,488.5369993842801,453.7646514189962,160.35050368611292,-774.9379479507149,-1042.6450002958272,345.93945968453795,429.13572951599537
711.4569098082948,479.83166168652025,232.76719206258753,-452.09501300439604,-647.1175296269,212.60298619753428,867.0934911205004,937.7723582404509,1610.3964456376384,1775.4390196758725,1113.8003289070002,-39.15635528282769,-650.0014170344414,511.5829678811707,292.71822172782856
2515.2073450287485,293.5733834204635,17.420464087893507,-977.5014310514266,-647.7472861243091,612.0540852215163,498.84075851674027,759.983792761454,2092.5326219883564,2499.8540893074605,1397.2393210691112,268.87749872369005,-292.5447688078922,509.444444864252,123.44147189553335
3019.887274340827,364.4924441220539,-164.77771680435043,-1756.0796849710555,-525.3142019757274,1025.7238313379519,-302.073537545652,13.914995324317427,1912.2690122411432,2482.1460683955347,1117.1673197112682,277.08365537770806,33.84322969511669,404.5216604696734,-56.242890090891535
263.00077097824015,869.6575996009886,-140.50642230856016,-2581.952939619625,-474.39189470225256,1266.7659814130955,-1623.1252626332662,-1301.6350694521434,1288.465701723413,1861.0433002595107,472.21589216250766,134.1572331593535,295.7757323433283,207.47160518236302,-248.02010055139962
-5756.959130340658,1628.6739102410297,-14.314855360378942,-3519.9858545327584,-722.0686829545605,1046.1827094553282,-3391.405441856356,-2951.940166477827,334.82465376117375,786.9261989097758,-435.83813131470373,-223.60982374764342,281.83421367757853,-102.9853438555541,-444.59465988107746
-11811.430399792755,2799.0385504716,355.68210672483497,-4521.886666583665,-1098.0461535055313,527.0495061046762,-4974.58041776402,-4321.338301249228,-516.6821821370023,-328.14547252042394,-1345.7666483818907,-645.7134996287052,28.377767764422984,-356.9909886062435,-603.8083769799097
-14268.46703641072,3433.7852491911194,856.98522143893,-4500.990335231871,-859.063722670425,397.6563021130016,-5103.741055884199,-4400.351252826724,-612.2946780708087,-678.6755041091641,-1581.076892991727,-476.0153608844281,102.96075343080034,-362.37152256309093,-694.879620391956
-11145.25200870078,1630.2028389565107,-380.5260495958878,-4203.608969770824,-1022.6839986127604,-29.625954358046013,-3853.0338384632328,-3202.746064600439,-184.9440549528029,74.6971463369668,-743.8982763097376,501.2274023251272,760.2826721559848,-118.89007357245964,-695.5487483854887
-2945.6834516471886,78.6533435426336,-2155.7788021272995,-4641.4736213563265,-1886.8040748640317,-1007.3461666939547,-2672.8778522299654,-2128.9661705705503,-35.81069254776611,1000.3500964178613,485.8906836994704,1383.4998015579185,1440.1590650869414,312.3324617723873,-602.1465080130274
5006.516162803306,-1087.7428054235645,-2632.6956709685765,-4122.122422057982,-1909.1537866316892,-1311.7726832971964,-2256.1920692101244,-2010.618471884529,-269.4224040116965,1000.9671091661711,923.7569353075285,1310.0703780436038,1522.450956481027,661.5309650717976,-543.6490114215187
5671.175880194922,-1757.6076493032194,-2164.391446540357,-2925.2701123574875,-1056.230237177844,-663.3604871928574,-2440.5360767138945,-2335.1616427618,-93.64049981726833,-1.6088314013677518,-71.08320671209475,605.8766221331342,929.8429562521702,462.12106620588656,-674.5501906391039
-453.78152657561884,1927.007719607201,847.3259229653141,-1981.3181320958104,1278.8788627068268,1248.8184705015178,-3492.4878024583873,-2623.561513238231,1047.2670954278678,-1647.1158608372593,-2046.5315955644612,300.3912855858431,134.47846639494338,-324.59950330542375,-885.319326305894
-4415.813909106419,9990.265903882244,3950.961136549075,-3839.4317378119686,3865.686310381303,3038.0383373165146,-6040.661463760023,-3154.727316658383,2330.9171035755458,-3448.042371484859,-3692.7607620648987,827.0799967976524,-251.7937714132051,-1049.440012074234,-893.8287195111931
-1554.1568380913004,9407.810100341308,-543.1963393020347,-8898.861575102657,2161.538374779508,1356.8741811171174,-8628.69487565249,-4090.191271006646,2148.5073438749187,-4607.745191082477,-4049.6901308779024,1383.059630088639,-122.5105847847492,-1092.6368138874493,-685.7097935582431
2139.5158802769074,213.03776350661803,-5701.141919866763,-9245.324226172022,-1937.4611430156142,-2024.7037312103864,-8073.396849824056,-4524.584724815456,410.6436952965189,-4455.3330707459545,-3392.61234284074,1020.017691782033,101.69282772216889,-654.6774592796367,-543.3710774751713
2027.4863958511246,-1672.0559435105959,-3244.3163642680674,-4316.052576315096,-2406.9347338832476,-2417.4973309955562,-4927.875783323477,-3749.870524645935,-1031.558314717786,-3413.8413986574747,-2679.395722070402,81.71569929331645,93.62501851074404,-400.83103954319665,-571.8395531622626
1171.9372998225608,1170.4812487005236,-27.267976889307363,-1413.819174339961,-63.949308542372734,-573.156623354253,-2667.8194345478796,-2580.780152388565,-1296.3170812887342,-2739.0216522386454,-2519.2380941189635,-521.7836590231708,-213.03856637203853,-575.5976017733963,-602.287466133546
1016.9249398676322,3403.5506356358696,789.5980387376719,-1608.240393670815,3037.4052251209314,1814.6945777377528,-1783.3896139455398,-1119.1374180280175,-620.6308664148991,-2575.3055631640655,-2675.9469365800933,-738.6408290339721,-755.3636131722152,-933.5331918101243,-555.6111173862038
-1027.566241877261,5755.312832330433,1685.6897717563559,-2127.7588736018356,5480.662662244333,3721.357602059942,-1614.5711398160836,964.8081215075156,985.1823156183907,-2288.3348860110937,-2487.3179319160067,-839.4484537724184,-1151.943392616563,-1158.336557075777,-504.4864282055744
-4961.356322302534,8663.389172164323,4751.182972610266,32.403966512618915,6724.79000919862,4777.2468861683,-1276.289575384515,2778.920338109067,2580.607249341327,-2068.029732632393,-1890.9802936808187,-709.6700198201913,-1087.7980727152344,-1127.1123695576562,-457.01693276638696
-7979.478586090325,8066.082862535727,6370.2881782636705,2784.99761900251,7033.930958544312,5677.235024986336,-15.864833535036894,3968.2734326552245,3415.063961570441,-1967.9174497652452,-1292.0346553259837,-393.1966818328684,-877.2093765917623,-994.4889459622389,-359.6404425089361
-8884.831379722762,5349.903663254439,5334.269387353415,3802.982601298762,6206.216838744195,6122.382557539678,1548.010818822503,4915.043026826821,4034.706309666938,-1561.9267191069607,-679.6629841883109,-64.0529003152906,-862.584436603681,-940.5445205789729,-228.17900141622835
-7938.91149357955,4267.769373453737,4094.025861936884,3863.109564485484,5402.91950116828,6449.348850543999,3060.79912055523,5859.432556190574,4917.822861718587,-733.0983026842716,304.17054707280204,492.4563074177016,-827.9989977431757,-873.4406601371263,-106.55997190399981
-4468.753195681609,5511.414934365775,4888.654682119955,4565.078731433115,5922.430798408582,7382.342198123865,4677.455423228983,6892.926986953871,6093.42693307239,547.0313040946387,1842.6126576715503,1569.1380914961546,-438.0906413039894,-600.0553363125532,10.228886460285182
2211.70780655679,8013.507976096165,8342.206959918969,7010.211130631668,8109.962736564698,9229.207708206282,6435.100669559787,8021.042053843023,7442.310178938483,2205.506204033791,3640.6493786309697,2966.8555553316583,307.47438771747784,-171.20636030682363,133.3274859304019
10579.086071163983,11926.382827837728,13094.97817437278,10413.59071042829,11548.44209164935,11532.024432300688,7807.016781704265,9041.649408377945,8524.147583129947,3736.6902619277585,5013.729891991137,4123.3159969356575,1139.6548849524208,194.6280680139157,263.61071904717215
16920.33844934301,16404.25231183115,14768.704361769653,11197.014480275126,14317.589842309357,12469.742357414267,7850.6767740563055,9438.349497141546,8724.771109982597,4499.694391994437,5494.8591289731485,4691.930098679722,1806.7883311777384,399.8041481078358,408.6188756595982
18295.629794438883,15675.434860116186,9918.580338774673,7269.8413801961005,13825.279031656033,10365.114519120903,6004.730865968957,8655.084854547249,7721.4018651426395,4221.606841105682,5208.756837707599,4679.428047450491,2165.521303579612,416.215564652181,545.9141781323781
16186.52499203392,8386.342539754927,2303.327037538081,1438.8413889148576,9414.23235299403,5577.7417922294235,2615.0161144895087,6780.652502766778,5751.504896419761,3111.38313738316,4500.117883646296,4166.928911592105,2060.054434849891,277.3262923135702,654.0917470001855
15161.489783530713,1785.6175436605133,-1835.209092734877,-2298.887098689891,3826.3237612413955,599.8033338849355,-922.9142132398648,4509.259431708933,3304.4996277847954,1454.5221145994565,3778.040318933677,3400.0956814332576,1566.3110495592016,239.66368643943827,773.3442578325769
17458.71523398126,310.6101995264511,-2095.49025252385,-3351.021123375208,-26.274212274215955,-2898.1457902649818,-3825.819927121901,2482.072768759029,725.4329184498663,-504.27691945471287,3539.7464367971806,2734.27610355836,1050.5973611956229,506.3433156241085,933.9108937537867
20205.77175649638,-921.6782674418464,-3948.2371917024598,-5419.186055180199,-2128.031458267945,-5798.134065457795,-6545.055193010259,1108.3163524580893,-1908.4746999850138,-2620.9206412016447,3529.7904831143824,1866.9987407941076,452.94223956417255,912.6051268239762,1046.1716898838804
16101.990327677955,-6245.474251268939,-11178.39314234001,-11359.095206948616,-3863.5463947946446,-9580.727758685602,-9743.556337356662,-353.04124470615807,-5230.236266342752,-5399.017056019176,2511.406657993241,-180.37320930914325,-841.7641653961941,994.3301706785758,906.4787322448935
-437.26955110873104,-12628.713637755287,-21590.402378123177,-20101.207706833404,-6971.354874083745,-15222.956768225004,-14173.635321655547,-3038.9159231626854,-9622.048883345786,-9068.437651811484,-380.492296898131,-3548.291666383062,-2960.4131273925964,262.6916640193316,431.48044554795104
-21816.34870616305,-12455.763375631048,-28582.02466048494,-26340.02394834369,-9345.406140176914,-20285.758867367495,-18249.70378620603,-6235.50923371037,-13500.29524426857,-12227.980445995501,-4342.387422361651,-6494.203234012285,-4876.606861238975,-1171.8577150021601,-56.486090032156085
-30889.535709704014,-3485.2286154698804,-24384.26421194042,-23253.1249148045,-7216.989188325836,-20133.819276612026,-18477.680022543893,-7784.045172333096,-14449.274606210007,-12984.475799690697,-7171.58548490224,-7011.388542695888,-5361.281501723741,-2308.028111877837,-109.81508155025153
-23807.222562037274,3163.73087280308,-12246.481852638348,-12920.198340227962,-2296.092771180469,-14559.676521470054,-14216.754201190088,-6577.999125295531,-12069.232751229709,-11091.683090740087,-7344.1898303903145,-5339.799462669588,-4438.24271322813,-2310.1517558180494,211.41167702530817
-13670.429562223328,2063.2821349248316,-3843.902916373373,-4887.958448485125,573.5440122333019,-8360.013123037805,-8799.41482018333,-4030.1282390649394,-8404.608807093116,-8105.11373694849,-5593.379343038886,-3440.8064356687573,-3204.7848616157257,-1531.6653261202528,469.66509363358466
-9798.853298297949,841.4558629144706,-2336.9531636405827,-3008.7195207009163,540.0773230489705,-5459.601446165346,-5641.56211580061,-2325.7566218832126,-5683.720479418789,-5729.936994104775,-3719.9097216874234,-2471.166960366246,-2430.0356078133204,-813.5926261470262,489.95976439396617
-10628.168815689927,2652.7651889766958,-3309.8556003819062,-3967.369058871175,-40.33936372934632,-5615.8372000564095,-5050.0557085226155,-1978.7719208609863,-4531.872719802888,-4472.634219903126,-2527.8828614776967,-2181.6761421618758,-2021.6145658483624,-406.0020180218496,402.5893835849215
-11986.334925497014,3980.985932744342,-4979.38196635357,-5169.936464244258,6.2798530920277145,-6719.029525999044,-5408.668221144902,-2153.5253909336407,-4410.668800665938,-3845.7251436503025,-1679.2810592310889,-1967.876994242445,-1523.7389969962578,-54.908010563815026,316.58943929065515
-10730.664056467125,3051.7047843659043,-7423.473424924963,-6076.235710339554,444.4775192262945,-7120.950797493655,-5276.359989892302,-1957.177795458995,-4704.299853138887,-3249.1062485990733,-760.4670811977184,-1504.0409415638778,-732.0874130336244,392.13031929227077,258.98834871166184
-5275.86817029456,1675.4581649258093,-9178.329445352503,-6295.820024834319,647.8781600101981,-6658.975638599453,-4452.33003876887,-1100.050119665826,-4765.501975961922,-2119.0006792711847,372.72583105749845,-809.1237868779447,50.93045413919401,777.8609973714995,226.11839685512342
2451.2403396118775,1351.311032800528,-8422.943827710842,-5434.1090622564525,497.5669954816881,-6207.633016587707,-3506.4867240143344,183.496959142054,-4070.662797143516,-204.64044064850043,1736.2375371310743,-42.63606629828985,496.5899234945009,913.3415436069474,157.94430218219895
8511.82374539456,1184.7657318741822,-6343.480541657946,-4469.215324259512,308.7188140879153,-6048.376130387233,-2358.406546628233,1689.4926473959526,-2758.187014299115,1977.7313255087397,3163.1676186731397,751.3307738654079,788.1159904008375,886.8955649928482,-1.6384333372417288
11550.060915113272,97.04851775877088,-5282.261128882441,-4293.507500781567,477.33379413798275,-5874.50302383951,-721.7842565976359,3275.0009338826067,-1369.5625425840462,3751.7509487619395,4367.9978979659945,1570.2512872121576,1225.1775765005598,936.5918681388288,-194.9685137625257
13109.363828697682,-924.1999046786162,-5831.373259553521,-4216.74415214006,1604.7288724303264,-5440.421012456074,1318.355613274251,4764.699141154256,-211.1693269260211,4864.306073631203,5069.886794235235,2183.286710755689,1682.825416852154,1106.8990394195903,-322.26767648925556
13420.800319887512,832.6156188491345,-6219.518080706838,-2628.7461725952335,3993.5615278297096,-4595.956784081862,3268.3788998470873,5741.23178273959,503.53843497365983,5274.4125693313645,5067.859495573248,2153.5984978299757,1864.0142608691876,1167.6689331480154,-401.4203659970766
10480.02297200185,5506.163038924245,-4897.846176624696,188.09017106687998,6375.4617338470425,-3954.0696815313477,4332.928793917724,5883.418652806593,533.3630617016727,5246.839638969337,4360.955629726063,1213.7644837843918,1663.6044610693273,850.9594672735487,-534.4615441893243
3638.601120323667,10644.751962180095,-2935.7057014816337,2629.3909391417537,7761.267243638961,-3391.2377099809064,5061.720877785741,5960.016726982178,148.78359351175703,5328.25016549373,3135.5794740578413,-331.6384949460088,1195.746212907763,214.3198510906704,-736.235596674956
-5129.897832688087,12593.550220458676,-804.6034592279655,4553.32047006387,8590.18492415374,-1305.9270874853003,6711.361377025122,6841.63314904679,-25.703628068564072,5738.751818474852,1814.6331880121325,-1705.968589231231,791.1228515240134,-402.60642295676894,-924.1732798274272
-13213.038896564605,8541.122747045516,905.5447013337478,5612.173432722984,9002.253295432425,1962.771672496626,8889.679479822475,8136.714101252014,148.36977908165943,6266.296021179264,683.8064088111829,-2541.5014678636458,610.8003058652479,-856.2438728243851,-1048.4555516673531
-18514.525026687043,5273.160937998432,2778.107148745308,6928.219299824917,9989.98084082827,3781.824385954806,10408.201402041817,8460.918021528869,-377.1593164378364,6180.476099450482,-685.2667237136557,-3164.871651739584,350.77190906061026,-1195.1755665056846,-1115.3859210317944
-19530.621995316786,10518.759658721809,3271.147662371445,8231.16097703723,10799.031300894278,1264.745965959855,9578.336212645232,6143.779052238456,-2282.0486687942926,4843.28658436284,-2275.2757799619517,-3606.3852653915383,-62.70820317988242,-1338.93162703594,-1114.3635451692185
-15391.807886198192,13201.751642526975,-2345.83749199477,5067.558472224995,7768.13188057086,-3621.834410892688,6318.447764512404,2320.129722868342,-3993.968882562603,3103.2351431337574,-3007.2584299170708,-3327.739649296975,-151.3668999671037,-1143.1447966898224,-995.9363404558849
-7896.037980744499,6865.430991201418,-7226.824121222755,550.701752583111,3455.447320654351,-5999.283668463521,3434.1825829973322,-177.69517305150066,-4226.572656212125,2152.0527917112445,-2530.7059836816343,-2261.1566193627827,279.8437015872631,-657.5883074457267,-777.3245950357391
-2053.0368675594805,1091.8298527022098,-7061.992574478921,-1412.7933601947896,978.6230365383847,-6293.977424565388,1746.5709482860564,-1559.6095743447636,-4122.17882342757,1716.7796088650152,-1979.446249079892,-1240.793050364923,794.3186933206398,-221.27802459905905,-584.9455682298944
404.3003620896902,253.6097981396339,-4244.738824090001,-1396.57586543039,-279.77818629500086,-6392.908498283811,38.698690260854164,-3325.879176818219,-4914.744954774462,1008.1147706154317,-2318.9290630903856,-873.0739217772833,1065.4168399065713,-107.62495122530396,-462.6967289784257
2997.4753096251484,4062.941351824832,-1646.8427429830226,789.9965402249932,382.18914988074926,-5742.080433295326,-1143.2706364387727,-4875.158869955234,-5952.244150806723,184.87538967261278,-3094.442512421412,-724.0688432512044,1275.0955432160774,-140.50829121502682,-325.87801288954995
7043.275921597658,6034.467208021902,-2709.721993116986,2743.9934301282733,1944.113521722334,-4566.49951317757,-999.0612650382002,-5177.5610367267,-6106.646888261734,-181.40955755718,-3327.645555272086,-221.76987831770418,1606.5559551543236,7.275854841505506,-169.57565541480977
9594.412438689711,3774.4879793283176,-5171.075503596413,2252.4396796257824,2041.5605557265353,-3816.487533750788,-296.0212084467235,-4480.37576206375,-5242.233851087408,-87.58194801302317,-2779.0692171436654,398.77741568077886,1851.5737280817816,302.05005124282104,-95.84191476686175
9012.986492759923,873.3243293483267,-5591.064360743013,292.829168487608,583.0255833562093,-3701.735063036401,94.39665049737616,-3522.2345333731714,-3936.2500147308015,123.84955344692065,-1939.5921607887522,564.9345129386985,1715.1735917792275,425.1050346369033,-133.02948814317148
7308.050864027112,-625.6972241382493,-4498.59472744473,-1395.5751298300768,-1018.2083279934363,-3945.8894044453823,201.5891747003411,-2769.318644145762,-2742.474721673466,356.95974150597834,-1341.91192823689,280.8958281577079,1269.4361851983228,235.73438419605657,-178.48771103640678
7037.249873049908,-1076.1343533377844,-4051.162862505834,-2235.9699303071543,-2007.2995510339742,-4502.279208518713,629.3185375652504,-2287.274715362621,-1716.915333194055,825.8162114179394,-1136.287482906285,85.71341548208648,841.627009099462,-97.2152006779001,-127.25376300480568
8132.429859358577,-302.7881158961339,-5220.357226556382,-1953.5043358380658,-2250.947178470526,-5282.955119121781,1871.178328927354,-1905.874988195478,-523.4037194228421,1741.175524358414,-1164.9635999007019,286.2242672847493,535.6777717289872,-395.01792807963614,6.55194182073248
7773.8656478788835,3760.49809621476,-6512.166758630665,380.87508414791057,-1137.9991470804564,-5223.120018442988,3913.593272794854,-1403.4151507339056,929.6503244467641,2904.2615243923487,-1308.6490437479645,673.706110658892,236.05084220062002,-627.8023906340547,119.95418871474835
3622.006759242879,10320.441809629105,-4960.059578289055,4523.71923482676,1724.3748106650737,-3228.2082121900658,6339.462039848431,-727.3315160275488,2279.9174291251816,3737.245941833899,-1574.4685293608468,985.0066256174323,-4.043911591258507,-761.218238883417,170.25003838281657
-2672.2515495752546,13817.22863381228,-161.74602114321488,8474.19035639485,5437.538071031266,123.03892200810718,8508.861716688556,-29.640091800076902,3277.596740475915,3975.242022418357,-1889.4001005453954,1253.3757390385656,-65.8442789015088,-731.6106075078374,234.1190311659197
-6868.30223775883,12113.498192848028,4676.107009090369,10676.55589319678,8483.448544968958,3289.294863781872,10035.3141595299,571.372615275749,4077.493147236185,3911.642356594504,-2119.252651228083,1606.7100657005858,-71.2572691851758,-587.4941289400248,371.3567776393526
-6335.474510181688,10525.115392875885,6682.542780801241,11990.326101745935,10137.927844905047,5007.486381367774,10975.651293387995,674.899528820265,4702.909249985315,3761.013227171453,-2196.655339991811,2075.919680043287,-136.88912833597954,-411.1325299679652,542.1861017660605
-939.7499842106334,13215.644277521089,3987.883867692358,13090.767976353925,9497.726583334184,4243.330343059797,10938.901941236292,-370.7535359837872,4819.365843878906,3404.141813456745,-2114.2113097792753,2728.0217448293915,-110.78833931285897,-133.89561627059595,715.0136082267592
7524.595602617529,13677.01632106006,-3589.51275351453,11241.044903434175,5227.085572811803,618.7470593131701,9003.756235692668,-2916.105820271372,4158.410298904953,2639.9357882352583,-1983.6975258911978,3555.103382622473,105.86751625136486,313.87539619777715,904.2348200751464
15155.585878857384,4812.832175190815,-11704.901134358453,3518.7743586894917,-2677.452259389585,-5345.892065217436,4856.41269132164,-6701.426915017027,2625.2094846212963,1072.3608660896914,-2259.739775265487,4054.397103186446,110.28271212731295,719.2615613585378,1064.454494873723
18019.53559090831,-7583.465718080674,-15281.262941306139,-6833.221773153348,-10945.69782831502,-11600.403328162713,-755.5024444173847,-11002.850540811676,-109.57041931809357,-1969.5618109597635,-3760.0802736324567,3622.510233602366,-746.4235475703886,816.3273316620274,1085.2687483540856
14217.588339452224,-14780.339896577467,-17439.609445474736,-13725.344101013718,-17009.132274123862,-16843.671958266998,-5784.26668079573,-15495.00393665214,-3238.2926137581144,-6050.1353792426835,-6306.379555549927,2462.371710490957,-2421.290009526607,624.549855669176,895.845864094566
3870.265807387513,-13794.975487482443,-24608.235348772494,-11667.556470775082,-19097.682711952133,-18655.10332578798,-6212.368896538232,-18256.213721201977,-4223.699550850943,-9041.54574406188,-8174.286245878798,1083.822484404134,-4047.455364476432,192.19206604968485,523.2322256965201
-8718.933425908555,1037.8352055686794,-23824.04775963582,440.92683003655327,-13732.933929152849,-13738.237785168378,-1829.8902581969655,-16957.668854607447,-2600.1582167546594,-9564.297912218562,-8232.582181903928,-228.20009548729817,-4816.824987663136,-433.09939988990305,136.12614645637427
-15704.400931452497,14996.57840246087,-9531.329230080772,11528.307303631162,-3748.4090460355606,-4787.720786274,3391.335390133521,-12111.868504940277,318.4763538786822,-7667.135792885854,-6467.349862058849,-773.7125542523352,-4460.517908781567,-855.9810785285499,-33.366999561077364
-14657.44725250444,12798.882854793945,2002.5552895810456,12308.187756092291,3454.4304689576998,2266.434070007093,6330.864022143581,-5865.204159272869,3293.5772320101323,-4173.559545688487,-3392.6829815679853,-28.870275026728905,-3314.9132136679664,-706.4164725348,38.87762021466153
-10797.622934227387,6156.651946535403,1668.9044299821057,6727.758561122096,3516.3940756350853,3431.0753420572287,5812.106734500633,-1289.6311044274723,4874.6631965093475,-790.418195104181,-277.7578806566554,1351.5414742065514,-2063.936190631926,-186.80653483705765,156.25776984922595
-7795.55542003422,6752.7059845617,-906.8615633093693,4176.940879766355,455.8377362413395,1222.8808020977856,3710.4427472080247,117.46352303027338,4767.573167063087,1185.932806415583,1744.2497679306032,2368.7290835124013,-1091.1942676764072,262.31986626367205,204.75811449230451
-4885.269779365128,7424.131141817721,-827.5803502420282,4824.358084426581,-950.7823350490696,105.74197991080985,2598.032447245561,-265.4401063804071,4074.8868749131434,1831.0024465966835,2565.0873951687095,2764.6959953083297,-355.98886800487224,497.4917437587065,222.44660415954996
-1709.0361141153248,4415.9419921777935,-1814.461125958701,4856.635988333112,-920.4404873198167,815.9410282208844,2992.1334454730254,-593.4637667888542,3804.630230387177,1788.342687549632,2641.858849633137,2752.9065007218605,139.1616580973137,605.0922053568333,228.08714036667666
444.48244540829637,1250.8392290618933,-4593.633685742721,3952.2002144880635,-1097.8139239787106,1822.7165090845365,3862.3416830078436,-424.16781909160534,4076.8841827191245,1370.8465278194985,2302.748328736236,2357.171759447207,178.0041663942709,604.3241378486154,181.6988582790193
834.761813020404,-219.49828743738567,-6921.4857847544545,3165.8125820662335,-1697.688230046641,2279.1905458417905,4324.183400241815,-309.0934310020195,4458.180101341233,515.9109874361815,1655.9062332805686,1449.625401042209,-328.81581318643083,435.7080680345671,79.81809149325926
-227.6080162882016,-230.81019647894558,-7255.730445015448,3224.340712145998,-1980.4723665660435,2584.3048949545973,4308.408900724826,-686.8696810475092,4552.774386236633,-794.0143171935324,878.920993117003,234.63601765739423,-1057.7875559572954,163.72316711495984,-23.659176898902416
-2223.937666967964,2023.7471871268376,-5057.500058618618,5145.8457945245045,-1368.9150844342996,3359.2721076016205,4044.180388291451,-1513.4187182048631,4267.7309790212685,-2301.1851618296746,342.0530509451958,-707.2005959920132,-1481.7164580637693,18.77151420292489,-98.1742262882849
-4372.460472797428,7201.197755714321,-1223.251328207221,8829.843669507141,-149.2673169517386,4410.478063245087,3486.4718818656183,-2582.0393119710016,3759.234488031661,-3662.9449813190176,356.38030978364753,-987.8733639817228,-1338.0631207225115,159.4206528125176,-172.78293352896506
-5266.080156741244,12814.235031999146,1791.8737008425062,11993.983155904425,481.00959200366424,4728.277298070876,2289.8803130352107,-3822.7998180372138,3227.5759719379803,-4663.421726581931,920.3314401795801,-771.9653089948156,-798.9249614628138,484.1366369924142,-278.245740596598
-3392.150438356469,14397.396629399009,1432.0139081444358,11793.45237345624,-1021.1540774833599,3377.078120332881,231.21025871363463,-5084.1541362991675,2842.7470930616723,-5180.749746862553,1788.8331174862917,-459.9443431589565,-201.30800491437543,772.837540702976,-396.30668759722823
1309.0408818514322,8692.573288535792,-3347.6827631731317,7238.965202548811,-5023.289221085223,659.9142893756183,-2146.020145663836,-5854.085610531325,2781.0374063624145,-5175.991530044092,2654.893335107947,-288.1288813090779,227.99500567918267,911.2987356418842,-490.0934999493321
5362.137669976927,-1736.712612065488,-10658.196039834995,1035.5598738197707,-9597.407231686328,-1777.7666521672688,-3777.2912203533856,-5667.452959986162,3016.4600273770534,-4833.640155830098,3262.689470436079,-461.24080076127575,305.552447495626,815.5406515979249,-595.9040226777687
3411.31008353727,-8502.441066937547,-15866.789832017239,-2749.2766635604653,-11872.00058667276,-2568.4523420762857,-4030.0665211771725,-4610.3244309841775,3400.4377490445895,-4722.57262619591,3530.1943935588397,-1360.509303514853,-103.92096355411616,347.61054484168795,-806.0258773931283
-4350.5271885452685,-7125.50122629583,-14973.697703855367,-1498.987519410514,-10105.708074747718,-510.04163360767996,-2688.0426547440284,-3069.1245088596097,3922.100955844662,-5213.371100859064,3527.6852699828423,-2796.3469041753024,-679.0335594365419,-309.60659864707054,-1060.3239256803276
-10527.509305070535,3705.3265895040904,-6090.491336883506,6268.249755465365,-4893.494901556402,4431.8802364238145,-271.48117488587735,-1076.9211881417214,4515.716136683027,-5237.951642944788,3585.6462833411315,-3555.349012102476,-720.0555881705288,-614.8110273593929,-1153.2986209902722
-9790.589944887452,14924.870385497428,4030.20158572119,13553.973464871895,520.4747093157193,8683.360638045824,2281.4601457946947,1499.3803791304945,5377.378344579846,-3750.673232594806,4144.157654180367,-3042.213312219925,-21.877973003123202,-393.86775656807174,-1026.4380104563966
-3881.247723035435,16046.35437592085,5684.815907574711,14728.255362701857,2263.536800165072,9827.585342443748,3566.2351603482994,3498.8108009982598,6162.942927555566,-1809.186159922085,4982.261906700138,-2027.7960127391584,963.3564384985295,50.78243520569731,-787.5848353153198
1972.4641260244784,8479.085450692628,-1946.330288805988,10630.976213949329,-1407.4296918928344,7584.039376732554,1999.130210652551,3339.57402019044,5681.821241286845,-1011.2105369048433,5299.392320622847,-1464.3256111813055,1659.133830241608,381.11008215212826,-560.8728867820153
3754.8076247224394,-2795.296767751021,-9441.871041474611,2187.0870382995445,-6440.257230149789,2189.7808018127907,-1681.7026551542458,821.4907921850194,3158.0130003073327,-1832.2415706285847,4289.98140206748,-1773.5045023511475,1629.0602269423157,374.2333777830496,-452.960688630737
2557.0248319496004,-4512.8297982327795,-7547.1647318064015,-2990.021532621387,-6601.757171690759,-2390.035892805671,-3726.103053938838,-1854.9128425609274,30.69097828209476,-3188.515447669294,2258.9497768404485,-2548.4008772657717,1024.3044266514457,104.8926950109298,-454.9427190780001
2432.657119587514,-155.74669558116875,-3423.9820249820295,-1670.4727506398667,-4024.7639358320794,-3040.407782556405,-3041.2218693205746,-2789.2638033935536,-1673.062729123423,-3828.310505243061,530.4744108714599,-3041.6603705602624,511.58994073718264,-122.31124117531908,-443.64144140622255
4234.453792980999,526.0496814855312,-2836.2016297254904,485.5089788079926,-2791.275232825841,-1661.5203897251395,-1752.4265299437818,-2452.573159514126,-1862.9448045042272,-3518.8143641862025,-163.41282694438496,-2880.5195769629186,466.6979812875624,-130.25028068326174,-361.0499270060466
5439.510018735679,-680.8038223425068,-3246.8102438627466,1016.3562646949327,-2557.781840739831,-323.55318697672703,-948.508684225871,-1788.2010363636364,-1306.7676743740585,-2562.584238215647,42.667299989735284,-2110.0262265628894,751.2918075390082,31.945467417174314,-260.76212969431697
4483.775894230607,-1131.393940061754,-2974.770134268814,857.5560409655994,-2171.342496553532,431.4505536489583,-546.6010086603667,-1276.3349332383905,-595.0409901646669,-1412.288801479509,710.774578470802,-1059.3772994248566,1087.5319789453226,218.14516720275478,-198.0315960760933
2344.0817162735493,-1017.7550801017104,-2417.2582672348954,765.6176003058503,-1661.552999269946,684.0834714430548,-354.77812628164185,-1042.637674054128,-37.15655506630145,-513.1845306197615,1343.094976389335,-217.71694272636762,1275.089787212086,287.29522427080656,-166.62117020591648
754.6111665029846,-801.0066123080277,-2020.3185061482811,633.7323153877899,-1593.1166039371578,459.7229649033843,-483.7937203078098,-1059.188985396679,254.21353778733976,-131.8625969068425,1515.0515759007237,-15.24152048309702,1185.659683660936,147.44963867636696,-124.82348266414346
337.68498566260445,-741.5790352563885,-1942.1116029360587,264.59503175809243,-2177.987611227732,-204.51253643650074,-1072.4357306135767,-1282.8887120734657,224.16452032428504,-317.9630867302153,1036.2088853352402,-569.8249953397461,798.4798140766352,-197.09496422101105,-37.19743334557516
405.74847255356684,-959.6096671776457,-2227.1465633158823,-275.3029111169363,-3160.6657143766906,-1019.6841748569578,-1877.3900732182585,-1604.4844929615265,-85.83156474164872,-921.8711567588703,95.5937883899457,-1498.6955822548252,318.87355191347035,-586.2125009879219,103.53886873733308
306.87493179804824,-1176.8455861295993,-2771.985742828446,-895.0392154277745,-3976.518649591336,-1555.9136150033648,-2325.0805110929023,-1855.5701973789226,-435.46132509108116,-1625.477763320404,-720.2535415275438,-2019.8269781260806,156.2077295047198,-741.0502094241414,271.19549527616226
816.5874295369856,-1751.5419596357212,-3410.9804475428296,-1561.3245907746784,-4003.800952914246,-1487.8018072811033,-2027.5801789454206,-2016.9721340365193,-484.8290723236756,-2075.0425268243143,-767.1141923872509,-1567.739694053576,562.4233325608952,-512.460969157501,421.3904701262289
3116.685844862025,-2963.3651026282373,-3507.8063081252285,-1623.4446395301795,-3098.202115538053,-1039.6264047987902,-1252.5984512392304,-2294.8343349353822,-66.031094903287,-2145.571262998349,-24.56927842105449,-565.9335928213062,1162.0738901090117,-174.40779741930862,513.3042770820886
5543.8416272823715,-2574.08201909751,-2287.861028797303,-979.3482969784436,-2059.973865421098,-1168.2884877855597,-664.4302942623608,-2717.5782116865353,600.6423063000285,-2214.3055842196854,586.8891898658592,-319.3519569034092,1058.5315694688652,-297.48367425972003,500.7320616106508
3461.093676435626,-670.0650944373632,-947.926687427778,-1303.8747076150516,-1914.83001994608,-1932.4092469126501,-508.6015654125055,-3099.0324310320275,972.4166575142881,-2990.3385825062514,185.75597917270562,-1541.6682480955587,-103.88700526920866,-1050.3837214924865,347.18782341746095
-4335.420076631785,-668.5242529566024,-1467.2784232228496,-2339.793591813071,-2489.1143542339787,-2534.0491821249957,-482.11122708117523,-3701.9583970895155,1025.8424000137209,-4209.841922054715,-364.0579688206284,-3003.766442744334,-1198.349172928593,-1746.5923827328038,146.82929999211234
-11178.931593160976,-3837.1685742299856,-3892.8485356956007,-3780.815387695515,-2611.770858500764,-2967.0180130216763,539.1365060447887,-3597.0346011305514,2362.251215351832,-3918.229403464557,945.7690903920671,-2864.8023350465646,-775.7708983702881,-1651.4005174166346,127.21103708295226
-10271.539141825835,-5948.341373317917,-3217.5904619092744,-2403.4464213487813,1061.355760237237,-560.1325393188484,4498.455720234467,-1079.5861179076594,5686.829298698031,-1803.202268134926,3630.3958264607586,-1539.108502686849,727.5387612859915,-1055.6239396429553,357.39820682005484
-3733.577262914138,4139.256864505276,6618.153712376817,4331.089144685815,8212.046648432532,3256.514942071947,8507.740203948897,1226.086872907443,7574.257522850305,-346.91881096209227,4860.171646279706,-700.3492806148714,1750.3172751754146,-650.062542849337,643.9579704910051
1950.0278042423452,10623.570977521917,11925.302572491793,6229.844509739699,9815.886805188731,3569.2595819807675,7739.523766379944,1530.1312975597543,6143.736090194039,-19.85529726203191,4161.438725255559,-493.3601548402662,1923.9838240108234,-539.0916290263049,810.2128488126889
3565.395761581286,2000.1287107853725,3795.8275045722753,1288.9628577035533,3721.0561497637186,1402.5785655631066,3016.840028518939,1081.766450323651,2855.159809510208,-6.341025885119734,2583.745899611639,-572.684068242866,1588.4137003226729,-628.7258801034069,821.5050627142282
1398.898142039046,-4055.398936602056,-4424.167233324552,-2345.7183596333407,-3246.4713978288864,-214.17513033296467,-2569.1089411488965,844.6467463184005,-1255.889484897045,37.64871745691491,317.9361823219243,-812.1092482594764,807.115486047148,-870.2262172835451,705.0147132584726
-2428.89539854379,539.5029949659904,-1727.464284466743,123.22018364171618,-2946.1707719557066,929.2091376121164,-4135.941801704326,1740.8577268234487,-3875.828129536796,657.029204365506,-1839.7590652374813,-828.2970216402642,-177.01283676689337,-1097.7182446176157,524.4831982337265
-5284.485420267517,1025.3306065076708,151.16100136375755,1412.22586560371,-6.887576161411687,1884.9362589783375,-1993.0325808989635,2643.8938888460975,-3820.32743467394,1562.2938619823383,-2909.1994315479524,-493.4936357200485,-927.7934894705854,-1173.7749259274992,359.59541655571223
-5876.170802106561,-604.4591342440493,-1756.011165701557,206.57522777920036,-122.37219612349294,1062.9262520767513,-220.3262085061687,2400.9154079250907,-2476.5317566944373,2091.7647762998013,-2863.0689442125613,24.411465840051562,-1224.7851402074511,-1063.5028492762715,256.8447099894248
-4891.805106267708,103.62910776116205,-1982.5995025694376,-33.17842517291129,-1346.0340288971565,179.0801967491057,-42.635649312885306,1472.04505136053,-1332.506777498675,2057.767496072226,-2271.7983700967416,525.6393379841745,-1159.3890513494935,-811.6288535034846,204.43861120651314
-3694.3523369484665,670.8336831681638,-907.392640140626,558.6506018993477,-1565.616977152174,161.54311128735924,-420.5685903536265,722.8092003416896,-773.3871409342795,1698.8414186516375,-1643.372531217441,888.5134610227249,-956.7051486026655,-511.2335798008294,160.60213991023505
-2955.2013052045327,408.9347717647437,-322.21138998111417,816.4587610813533,-1108.8209604495935,531.0739172539337,-597.1670778030266,409.1804466727341,-574.6942226974209,1291.8856053774423,-1178.7410408094297,1089.774124439453,-769.8149101308161,-238.30763175988574,99.7373212090497
-2579.653008160602,113.33727899342779,-276.07312872156444,661.515760938812,-662.1573458614039,786.8448242345071,-504.1880692897287,362.24829392028596,-483.6563416951377,961.6643255380491,-875.7593628502439,1153.3025005458844,-634.8281715342902,-22.20979613358321,23.75436222537374
-2260.9410674169926,40.951508615622515,-341.0393876245774,401.78871618695496,-418.9908359528182,814.8682270355557,-289.4141746338009,385.6176269260101,-367.4845943435327,722.4530450992997,-671.3065529162184,1108.0763039134868,-534.6478963295212,138.1844716296288,-54.52727716475391
-1806.9844423110346,70.4259716360487,-345.58655656701166,193.17510539940105,-317.7069790296915,676.551519073702,-70.00624823545198,380.93573487480944,-180.31017707660163,547.6650427375521,-502.35522397430583,976.0287472739251,-452.0341775412609,253.13013293218816,-125.27474661516474
-1174.0272824054193,100.89935858382849,-293.6027262283753,39.31049952679288,-286.9708865697571,440.05033657250664,99.06878406131227,326.43819707868715,83.0906851375222,402.5284670594491,-317.9116301654651,772.5760225352914,-382.5689052476109,331.0436706100894,-184.65612523709024
-414.20051515328186,120.38252570173873,-220.59029703900336,-110.91332421442047,-309.7802202033582,146.8443858381468,205.154191441132,234.8679866163808,414.03143703880266,255.96646794304354,-72.78304165603706,515.2295695205678,-320.4681943152591,378.0037688706383,-232.3970147509896
435.70788453414264,137.32037251959366,-178.56244545966308,-316.8367777109746,-390.88691972976903,-150.78260577900465,269.84340436249425,124.07818497588721,789.7114584032693,79.90382840000376,284.1522710974235,241.31781432900289,-223.62981872091768,412.0504572218357,-266.30509902479025
1705.9876158153654,37.43341431617942,-264.58446744711176,-577.7684135163183,-478.5592185240373,-348.5129794155105,313.812669968159,-40.10233324838788,1134.2865039767175,-174.98147991580345,802.3234732487606,27.596549565992348,20.929992445852577,489.0944661269441,-271.9057667833331
4550.626241779785,-357.4094175374233,-450.8802004240225,-679.9294584047261,-497.8301188382271,-453.89796726716685,174.36174624225754,-508.09233514520184,1224.3655233653121,-630.8691485855054,1429.1778491825958,-45.57816235612387,542.9357123059135,689.2455470093657,-214.97467550423693
9788.791006501633,-575.2863471676625,-492.00915135892046,-595.7085078903991,-885.937898698515,-1165.0734456103291,-780.2386701188693,-1865.60838938518,572.5201201260313,-1520.6197397859505,1764.6509738642333,-71.32749061017222,1225.1272687488333,987.3517517328019,-81.42483562447399
13475.835235397659,-575.3762223101438,-1389.8474229736985,-1967.1861596344927,-3117.9505376709017,-3875.9551442153183,-3401.3017789506034,-4538.781813548355,-1420.1583342052134,-3034.739329763493,976.0993404411688,-440.53194357475377,1392.1933869579775,1104.1500174833877,3.634627854301584
6760.536490930877,-3971.3135163578772,-5779.850636647939,-6758.914332483427,-7745.731801593745,-8279.578076963693,-7279.753718412497,-7548.14610098811,-4597.838942697872,-4778.277561571988,-1415.0792201849576,-1411.7849493268652,243.3608135126093,707.0040441512197,-215.72784569603175
-8473.39955843539,-10358.144352620784,-11216.341781015984,-11168.708890793552,-11247.767505975586,-10493.674881949868,-9689.54279439951,-8422.810508585513,-6988.425754299819,-5416.727523430677,-3962.2135910720517,-2268.257815387211,-1610.3710479698364,51.83100973353385,-706.0401825637045
-11483.102295443356,-9091.00602481137,-9049.27729808598,-8013.881854554043,-8067.484594782703,-6624.427338153531,-6744.184633766314,-4987.322960292596,-5166.805581151508,-3200.3044517496837,-3482.22673355801,-1427.1510931343755,-1939.3229449030694,52.32136718602203,-930.9153396284314
4865.41266428135,4007.3077603539136,3465.6623451984046,3399.332649043606,2697.0605963977014,2814.1469158937084,1931.6207481236077,2254.735210309373,1176.0915010670726,1729.8342688184118,449.54257802692814,1263.8701323482387,-201.71947793401642,914.5040079159353,-680.5053693045379
15151.46390109938,12649.656273618206,12163.483797986226,11879.549129518928,10803.144913902579,10366.949262732936,8702.274873226143,8259.461686924253,6091.1136057957465,5804.84321262741,3327.806445004355,3376.0183841825374,912.4265099274063,1493.429106789732,-558.5366742246903
4592.245985988357,8715.891314061186,9600.509900852436,10791.38591388814,10270.718064481956,11160.27900425534,8827.079681667969,9603.501377661916,5748.292218824983,6614.890403788186,2241.9317347871647,3319.1682008819544,-250.2776244973236,1078.6331934931477,-902.9356317419414
-8968.017027045038,2399.324217229662,3449.97723529645,5059.069945818458,5388.406230851472,7233.294360767472,5170.70028341616,7367.74406439824,2557.247603304421,5205.258309157794,-599.9542367121827,2170.9859513689844,-1992.1402783954966,359.5847291503946,-1240.291143560025
-10671.129847594875,842.0842930573937,598.0617371656141,1549.7701687332094,1471.987212756941,3109.569143814166,1489.5206581891266,4121.042487620581,-340.4291028532024,3332.5090841061096,-2387.8875722942244,1332.2543843248848,-2505.873089160661,82.19519348027455,-1194.7285477318392
-5424.7411426785375,890.6446428742393,293.86125735758856,1064.5241898256709,177.35580176183728,1307.5977090142214,-418.1741281437722,1893.2526411747128,-1771.8304603565061,1972.3994543362007,-2601.830063437053,1053.0470162502816,-1933.5322976803357,194.00870387425664,-916.7689586145793
-1067.0482898261555,424.40391533376635,128.458311680048,1099.2132964516977,46.47343514373159,968.1922085579754,-922.0925110426962,931.7593887625421,-2036.8930905025145,1207.1327848385974,-2028.9002103457474,929.204333419817,-1165.1516116414377,325.68717729499656,-640.1422887623864
954.0840947105887,112.84542436550242,-84.49421243833862,851.6478561777726,-17.608307065481966,826.6384692038637,-922.6849528597404,601.5780737619768,-1765.2300507937637,777.2537732505166,-1361.678745448948,678.3413259177255,-641.422547550444,307.3913854967059,-423.28357465411636
1955.9749022775052,72.42766115098782,-126.48110825499785,571.0512650777807,-132.54001805695208,542.5798227713194,-847.896020560268,432.21139356196585,-1342.1472542377237,486.7402947209936,-832.5183253791781,304.9578712150603,-337.7774224830539,181.88506281684658,-237.6983354200385
2749.6301428897586,82.37006608792473,-71.80345599953492,371.9371253882211,-199.76171807054124,206.01885549480403,-749.6807635136562,284.06108092416576,-923.0276252126251,245.93669514122047,-435.07439728844105,-99.23226382380017,-115.34467597414285,31.094855933207953,-61.037495117966685
3455.4746265646713,92.84169517679551,-10.659563051435327,209.32254042673983,-200.98600367147208,-97.56717507054233,-593.1609832169122,157.1807501620632,-557.1762117421345,17.54667103164593,-117.94902670641302,-473.54980145690445,106.50322318287323,-103.11501416550193,109.87588462768757
4007.257810741836,116.45946439407123,12.58220203260538,19.975470469728123,-141.59042205459747,-326.59479104289437,-368.5711799760916,71.35486139728167,-261.1208593854805,-226.7763742322859,164.1318675159922,-789.9634008106676,347.4265099713591,-206.64197938988787,270.5267518871301
4383.810963988324,106.23481830878191,-36.33719752811959,-234.41246880847515,18.259238647035772,-429.7924261719441,-104.14530917823588,29.20182144776453,-41.21081246933181,-520.1142897655798,455.9299046465094,-1031.4915833578627,606.7443507391171,-269.37988514637715,417.092965823717
4683.324343639784,-77.69771654143362,-113.92655828224355,-498.0394949941127,367.0150394594529,-330.0885477649963,118.87658629538234,-18.430860900968383,117.87199499633928,-895.5002950745481,812.7386342831878,-1178.189982924017,890.7369815132594,-277.6535399153075,550.7138542462651
5159.173193379236,-474.58401487234704,80.48496144437354,-522.713286000975,908.8195387577686,-9.449008363995887,151.78158726870575,-214.96531882768778,290.23812962174463,-1367.2418087091082,1301.4537585660835,-1201.8281746708183,1217.3193891412473,-219.13197629657594,678.514414559981
6094.513246051338,-523.815688668257,977.3009920871767,-33.14577811934694,1246.410162974029,263.7822027964373,-126.36128963442007,-780.2959587725267,660.5701421838805,-1882.729669980508,1974.0824270438807,-1069.1839157628926,1588.0896774879252,-98.26488470612901,806.7699816250392
7337.0069045874425,416.53342052821426,1902.9390343336186,452.2567608968858,586.8266975148736,-147.43293234064907,-426.07600391324496,-1769.6491389166522,1519.988670085774,-2245.3129403837947,2773.6821919742474,-764.4796991355195,1922.1213987777996,40.59152836348591,923.5596253065034
7856.652989167956,420.4990500400288,751.0531267146449,-394.24509723053677,-645.359167870191,-1339.1233038867235,314.229766271218,-2633.9874686266453,2957.6902248506835,-2141.153291141666,3376.4737765543796,-343.62171420929644,2018.5579664878255,110.43578386388583,989.3753073410751
6345.257677547572,-1439.511296850238,-419.7579435642422,-1184.9878521788276,477.8007246146869,-1675.7721492222415,2655.3575721037914,-2437.2830104468567,4161.904099238692,-1449.2636781784363,3188.2538764383376,33.89750987804882,1672.8025536801301,32.72913213590493,965.3013243811612
2833.3683846070544,1632.8869284667767,3251.0611826279323,1322.2179744672048,3496.615628880627,-199.50535315295684,3935.0758607455646,-1285.777616873034,3392.8060898657554,-585.1571035874333,1777.491989245025,159.29870324259304,903.4952790689713,-205.61926548972133,860.000532483407
-659.0647680707004,3629.9508821825175,2259.362716931861,1970.4532695727949,803.388145329385,95.03053495839217,542.0354697000994,-733.1324588411209,49.28760689982782,-224.9519056232112,-433.9517164434642,-59.257008632551106,47.307153121630336,-530.3241712944407,737.0207969882441
-1492.842631339034,-6058.770383075259,-8278.80783586524,-3265.9449623330256,-6975.79888482998,-2046.648031901899,-5110.286592420676,-1133.3513776556601,-3778.0859474840695,-283.4970700445981,-2345.573507089296,-341.23849785977154,-487.6398087773358,-770.2991924344061,674.0808673292826
1856.5487862601517,-9554.149463047244,-11569.820141799317,-6071.212468340912,-10335.321661585756,-3483.024140121144,-8428.238490618862,-1397.7673683344278,-6371.25439974,-242.1523968270708,-3547.2513934194817,-384.15911001100346,-589.7218268283169,-803.1654679911785,720.3030492288857
8526.666925986081,1260.6511667359,-2211.6991254293766,-1295.7919106967065,-5574.421967067246,-1701.4516495521493,-7052.62090865283,-496.2494033092892,-6536.351750198983,315.69844782078064,-3563.9426654015224,-56.95881682086025,-92.66877935294269,-586.0510951541876,886.5127007046802
13589.168785756596,6504.276307017738,4417.322894129984,4069.255915669032,1084.6694864764374,2231.5560713237855,-2249.737609131612,2253.2856462947016,-3536.899774334644,2170.398256219937,-1458.9410314548234,1034.878825155533,1259.6997921556258,-24.90996305567137,1089.0430437785653
11108.399169462566,2478.1386358928294,2655.8159799370787,3506.30894182425,2765.7637278606776,3140.5605663477922,505.7038032027019,3740.253953008501,-773.2505247353512,3670.499804655309,1002.4984185091387,2051.7593469671106,2497.812223728979,521.6779733311536,1111.9069196567675
2780.804337469732,612.7069360417979,823.5859233397873,2279.880684040836,2245.6293912847286,2517.6309747141645,912.2024617961381,3206.352886298955,-179.07873097762433,3021.2754898458916,1414.9823112286817,1402.036605575462,2189.1203072030858,351.7062399575425,848.1140260522384
-3128.6283514683046,1547.9017709167179,1207.3775744249072,1308.2500046061627,1897.9701559533614,1816.1172486547148,958.0264796864387,2656.3957297686666,-69.64441170701446,1735.1206220375943,680.0071830332486,-234.61933340695794,790.6964298149469,-380.28717887272956,471.36750633674404
-2886.658573367975,3239.4253052023855,2812.104768262924,1468.1798860447973,2506.043413118805,1130.009470972742,1302.5967049247477,2199.4441908766066,507.5448239814608,1246.4250255157915,694.228654623318,-893.444773523197,-81.7401589446921,-791.912843433865,182.35253989973285
-40.53797638086214,2731.864385061398,3493.8205058740355,1967.0927007912744,3667.7545778451495,1275.51217864645,2065.9984774575933,1743.3831755129938,1151.610398460864,1213.2871898834337,1485.3182366742417,-154.4522203337561,99.11762527051678,-522.4466126912675,11.455453398783447
1515.5172563425074,1684.0776797500835,3041.037346728113,1573.5017822502157,4250.881348186947,1607.5323038577308,2753.5419840697227,1473.5801872727222,1404.3398584383142,971.4643548677849,1946.3723525246705,803.6641360808488,598.0545772643164,-1.4027931476730942,-86.1917221941151
1599.224235438436,1354.8368557042818,2408.9366453489706,902.1061456554525,3852.1502150230162,1375.5363437657081,2768.832335964668,1233.5918770162523,1212.8015082532465,363.8443512461264,1499.7629905725546,917.2237794361746,650.4691026415959,257.31250818473643,-147.22921478871584
1566.017948518458,1073.2137342185931,1978.2462250651477,294.189502127416,2897.6981021471947,640.4480978310145,2130.02511257038,886.0835196694829,845.7613103695321,-356.9179999874417,496.65229736691253,216.99964774347507,169.8512521981087,164.12451236650497,-209.93624283295574
1560.9665773722115,907.2019532539739,1857.5991427043234,-240.24535499891823,2036.9295036991612,-200.94911597229316,1377.76645995557,537.343430532959,629.2210988276761,-826.6125987345324,-371.175793689262,-544.1331301147264,-464.40916418917413,-42.551508161656486,-309.54488417010657
701.4243873107744,1045.1048687469695,2082.1812399794085,-548.1471098202711,1730.8553426074186,-746.0322964643742,997.1630442048966,344.87132773647267,719.3901212540766,-786.5924906728982,-658.433360887441,-700.5595458035752,-898.4628117321313,-117.60995500709544,-454.48546885657925
-1270.1565490681062,1250.9055153518104,2554.852679769759,-645.6256178555238,2067.192470134721,-812.7365732899682,1047.8518274619564,377.49748357993417,1101.910707648854,-164.537657844303,-338.3255709902614,-80.96792187933306,-1026.4542357792027,28.510758293229387,-620.0025514258418
-3159.6513925558133,1244.9504754934721,3070.3656177565326,-775.8303521272479,2639.2401358018396,-415.73128829875554,1330.0547573567403,672.2817930378181,1709.0157864663622,908.330047582238,289.61921213522237,1042.6083113627276,-922.0063970476318,350.3937127572429,-759.9584330928005
-3248.6289318940358,455.43695761443894,3080.3582676137557,-804.7251345892823,2933.3186585690464,517.453456786373,1842.9568106575769,1227.25803763675,2378.094415285816,2087.4228322933777,756.2595657069769,2185.5035786610597,-737.3850764683741,728.4845348209204,-837.0807938212006
-1479.142472611696,-503.926089585525,2715.7188074171913,321.534587735511,3370.2159311463765,1951.2056147178594,2834.9307400110465,1813.164408921836,2705.4871633157945,2908.508503546036,573.959925016352,2899.981525476651,-707.4460643556515,1008.6926243538963,-866.5925383251548
-242.54992148353494,1863.1943932233116,4598.041647688065,2764.4434689171467,5256.43468131725,2844.716533660302,4112.990802952155,1782.2895813013401,2004.6113014679677,2966.8147321647325,-626.97745237949,2955.6950349216822,-1097.6281109847055,1063.0781175457494,-913.7135955014787
-1174.2766256137877,5548.624520659167,9180.337277952123,2080.3843875636476,7463.277539993872,682.3077070438404,3962.604330453382,151.2738641680238,-365.7426198909717,2090.745876171786,-2708.786270781047,2449.5953775407543,-1871.1720797352828,918.9225137999342,-994.3753497318455
-1651.838062656333,-854.7591153753275,7488.089382865746,-5443.130402640757,5200.828087521799,-4869.598859749902,941.7322451261459,-2743.17180333687,-3540.5223443702143,904.9512708566917,-4567.801854945821,1936.6957618066367,-2452.6099281425286,834.5945565224524,-1004.0507355755698
1955.2025688862052,-12127.548964669919,-1561.8417532354717,-12784.33554595122,-49.43967980230809,-9311.235956989987,-2187.656819826118,-4407.169550921218,-5298.592002557888,816.2520345067508,-5111.316401552264,2130.9790663652325,-2296.173528017397,1060.2201706136452,-846.8990711441091
8486.194687991825,-16726.415870558754,-6075.226942498631,-15017.262959619686,-1660.7827544778172,-10266.035056360912,-2523.895577318498,-3548.7073469965962,-5171.519640485713,2325.3713558555014,-4599.110252578437,3103.5266613618605,-1534.1081140228744,1530.358027350078,-573.3392585696491
12875.694613451771,-11252.282852628769,-375.7229851362968,-11332.160738484945,1891.395832488773,-7811.268398217736,-547.1840781816181,-1091.6982642287594,-4304.1974809000685,4390.016050680002,-3926.9971725155365,4167.907434845892,-693.2287134864516,1960.2976315888368,-303.399763956483
10699.883668831284,1958.291280331587,10590.436610523984,-2474.1552065421292,7639.029760871929,-2734.26295487742,2061.0034533349262,1320.773728842892,-3620.0316821333267,5357.115860747259,-3715.2628931073577,4310.499561574026,-342.81763989443147,1992.8005706361987,-164.28305102869234
2897.8204266720836,9173.516239592473,16359.46071048008,3022.33303666617,11728.952320275937,1362.27674213419,4176.14071796658,3128.9068117550332,-3107.835725659664,5012.81270721344,-3864.249550816013,3212.1328836198663,-730.7121018934365,1462.5658765535563,-220.62991299401813
-3165.5325071006614,7044.926443767631,14393.358245548774,1798.686079983035,11809.704130822169,2069.9465246225677,4894.987756089973,4556.91360805434,-2692.7713993963616,4802.868974259608,-3891.990421370506,1955.8283389072576,-1360.231324780585,768.5988396661987,-331.2077976323493
-2259.084012741389,-2113.1650358781744,7889.686758075267,-3460.4201272289906,8384.51747255097,429.10933770084176,4035.9285704563094,5360.153791649457,-2443.7466966905304,5177.603614788062,-3601.0625491983624,1441.2470775939166,-1598.867503230205,375.47628459258857,-321.6364849147142
2714.1456277151783,-11588.748557824778,1205.2457702704444,-9659.255643714721,3741.9395064336104,-2395.214070809371,1968.9881949557646,5199.461572136082,-2402.875959309642,5522.392533452114,-2975.654585515526,1490.5206359610843,-1353.8096875339454,285.40330326459633,-219.55928994738252
6471.922361145113,-14372.143965980937,-1876.0515084061303,-12631.250075384707,636.7486382455339,-4735.03983957036,-430.90810027222284,4218.939852027649,-2710.9397986638387,5416.838679507323,-2173.3158587448083,1767.3038802341603,-812.5711820039519,363.7913657725894,-117.61370193247537
7104.774569805211,-10605.888013395432,-703.1541744364325,-11172.69626677567,103.23055905124443,-5352.485664868945,-2178.0624438616396,2980.139165503478,-3274.7339856434114,4784.369239455212,-1482.612989851448,2099.7649806862028,-155.76312715331017,543.161731669904,-17.851143550422222
5511.354613483333,-4541.733429796636,2943.503507043814,-7342.875231329757,1123.9387079409353,-4568.603483477693,-3080.4802400886447,1855.3990153132368,-3906.546963994757,3703.395899938275,-1199.231866370984,2167.0650282718634,334.582199912345,658.8025553401105,113.64162930085563
3288.1935295830763,-358.18378181708226,6310.781982583347,-4125.377683233665,2181.892334721856,-3507.076239719879,-3493.919618757178,912.4947831120581,-4433.257842237726,2321.7651741041627,-1493.7491682763093,1598.6059296972717,340.28801714603924,507.4465070559022,269.0808341268552
1597.4205311584121,776.583344867707,7451.262644762764,-3058.211988096487,2414.165856859169,-2933.9253666982436,-3679.4227033408606,284.64921532886615,-4653.903192141862,913.148792575962,-2231.98956676318,446.22813482621217,-151.4155759535749,96.75982092154788,404.18227494330836
1049.7667026923325,111.876797661682,6196.288704565393,-3521.738423819993,1921.521318657245,-2648.8872628859062,-3548.7046736630805,168.43945331757442,-4496.564773124355,-176.30632579443483,-3035.828885192299,-747.4669096456278,-726.6342623915109,-346.7828906784517,505.6301492458937
2144.390668806026,-2106.2368159267253,3489.8059132121166,-4543.645638573769,1464.630697563655,-1954.1163397103587,-2905.095740905015,427.96206299294937,-4188.024129835705,-793.9656964495005,-3597.6197994798313,-1504.9890262194476,-886.9670318442845,-638.7796461816338,618.6914679677917
4865.989377039512,-5709.7752141622395,1305.8783007035772,-5285.490419405342,1531.148361213795,-877.4003890825418,-2134.0194645283063,479.71664667342384,-4195.208082845377,-1022.9628645786306,-3799.459307033746,-1799.4269645592979,-481.04654783831586,-782.118812240642,776.479292712481
8040.832375270445,-7577.0810324448685,1209.9071111719766,-4792.371152845378,1235.5048039962019,-761.2624795796264,-2346.185577905463,34.48386175243965,-4803.0128351296,-811.4258945570602,-3466.7906366417415,-1748.3169565505918,295.2158218130778,-821.165868346169,946.6930538807196
10821.973348771662,-5901.290957479155,467.5343451243561,-4948.328368896509,-1085.6079587261092,-2662.655574014562,-4150.142144840489,170.56601355235222,-5514.071616650898,342.6927835124991,-2169.1756748194184,-1207.0426207103455,1286.7527475972436,-684.1218241465278,1100.5113904707014
14234.351106187407,-8129.4337349249845,-2648.0262284911573,-9416.464956958975,-3698.3593866888777,-4133.937306449939,-6059.195442237288,2906.9255432534574,-5090.000685797235,3001.55708629822,427.1345461031549,-55.11173930579082,2558.2116745058765,-333.6827494749506,1278.8705200754243
17707.520454470246,-15446.676373117527,1361.1568412323247,-13697.17537056905,-752.2186202714856,-444.0575484664779,-5267.886828426996,8607.803136979479,-2831.567001644657,6706.774147508602,3786.6723788133236,1110.6361672191856,4018.200126937604,-56.82895261628005,1473.2888166478647
15900.466976787318,-10801.39218437886,16429.32121299153,-8256.230266317974,8588.933030402717,8213.654887988601,-1091.9400941575211,14717.299906279983,310.63298576637396,9774.245449775768,6541.869581297891,1245.6527045271976,5094.990644632446,-279.3628201532445,1503.933658583545
5864.814030920463,6567.26276170778,26412.639481697468,4995.974116576294,17500.47513254685,16214.043127794934,4298.467668095861,18363.983137308096,2867.4989024123042,10779.718615251168,7693.852883060081,169.78751518827508,5170.289522913208,-960.6620965257534,1231.6676424766106
-6710.672904912721,16058.2871739538,21671.091133493832,13834.619618274852,19653.342162573248,18320.952593224712,7133.219838094836,17935.91096385179,3564.347547258344,9220.664130104078,6953.1686360658305,-1349.8535140823876,4145.247072806973,-1626.8838489563436,791.4365105885864
-14655.455524478584,12800.917602471674,16009.259125529323,11568.587950422456,15456.295400511313,14560.262700463029,4401.474559096338,14130.11467645413,1420.0789713908212,5504.256311001248,4674.900417635618,-2821.341057538825,2518.397710022835,-2029.4362899375335,417.9006573745256
-15693.028457246544,3420.839040728171,14686.606567912835,2799.4115905218428,8544.46464664826,8909.782195916272,-1367.0054371491522,9711.527691454048,-1886.731692070865,1603.0201650191054,2479.1016596992104,-3915.739076055814,1220.9401080664486,-2164.55230998975,221.15912823795531
-10581.785236611873,-8986.47029460122,9139.35813410214,-7289.10622004426,-15.892730978703952,2602.6501489435295,-6628.389597795222,5668.400054160804,-4170.769775838311,-846.2634425997946,1642.404721779218,-4104.40645185845,870.2134983082667,-1950.252830376801,186.6902753166509
-2074.8580078483333,-14233.016531936024,477.24681577323213,-12801.319613878732,-6750.346431094268,-2568.8631823893056,-10058.147848116136,2380.1980880213173,-5371.288357456959,-2080.3035367922466,1725.7938634004274,-3539.701721596004,1134.42420501476,-1480.1861031371236,219.90333637275688
5527.224882524337,-11889.242224826823,-5548.702665806276,-13206.99425757982,-9592.672494624418,-5084.644859416591,-11246.447987558406,494.195586981288,-5727.452920936976,-2725.7245742066607,1978.813857543306,-2906.060724288704,1364.676429360554,-1059.3495149320875,228.8537720869805
9083.524224053943,-10732.26919452133,-6110.012098790239,-11936.1104552686,-9208.831744573545,-4776.078697244792,-10852.767796776327,-5.584890920668101,-5358.567408534175,-3052.35624460304,2117.0351798635234,-2479.9769000642286,1381.7585896304874,-778.8149008131388,206.9954171925123
7599.122525494595,-13144.359233717014,-2546.8305345480794,-10373.673716726451,-6882.913427209042,-2295.964721759579,-9673.870502268366,392.07625722621407,-4615.317186126552,-3242.8042183409584,2088.720964202009,-2186.723057113374,1370.3147218892104,-527.8559119820802,163.7724798062896
2090.829193690628,-12938.69419155195,2838.0689950533338,-7320.949780340185,-3359.9964043541504,1170.0004374623627,-7852.645037331359,1074.3306603271626,-3727.748468091817,-3306.12171477246,1923.2643257186126,-1988.3316148863987,1380.7845673659976,-306.30674233465527,53.58527110911977
-3814.3500668686515,-7578.997420117097,6485.594925126355,-3008.3425944452447,201.5711827735367,4173.49657978097,-5484.446983953046,1804.4059123002194,-2554.1543094202325,-2919.3482391145794,1718.1242264264342,-1818.1828121032481,1240.1810750938012,-212.18066983023726,-124.03882397533894
-6393.191620296772,-1618.0014873293155,6422.1609126250105,507.2967247019825,2323.6290737037307,5340.663759875905,-3159.6355099793354,2446.0573499469724,-1076.8939002383745,-1969.3443394091023,1603.6055724598755,-1544.344309927278,927.6360980985694,-243.07380495099426,-276.7993640018194
-5763.942649898086,841.1495994126401,4721.4283863378905,1870.332025558066,2734.9897894207297,4881.4125206901645,-1456.5480507761238,2897.18374661674,326.23414112077637,-936.3321406796011,1602.3472973946828,-1253.1239032681256,586.5021713708278,-333.6682526228348,-362.9907865411211
-4991.287524194912,1052.6700873449859,4215.042042330538,1638.3751210621167,2139.828323501412,4166.678805894811,-641.7147982751679,3306.985906228534,1440.0069456474375,-304.5116377015386,1737.9401665339449,-1255.340098311158,176.3780312307989,-474.5554324155491,-462.23484695124137
-6014.487193346023,442.2323865016229,5263.525070602916,548.0526902430477,916.976817367628,3838.960410560847,-507.64579767870737,3892.6684577053593,2530.1049577237463,-68.7010046677809,2181.8896647393444,-1579.6199800544841,-375.13949399208036,-588.0657940679137,-651.7683325356127
-7643.590216728187,-1550.1014185914769,6117.418572130869,-1322.074939407423,-774.6917757415191,3800.9929153074136,-434.8931931564406,4750.00165220818,3842.0837099754726,39.78103805382135,3007.356737001697,-1741.6548523602037,-832.5191624343353,-462.8271383256902,-887.6109523053115
-7047.254958369835,-4673.052282334245,4747.709345543199,-2959.339534237177,-1815.9690393245678,4197.48375900249,41.756153234180886,5665.044400616212,5099.313710118973,142.21262354203952,3896.0969223422385,-1337.4009638679217,-914.0635562690526,-36.01261573907,-1041.9916023580138
-3502.746303681587,-5705.571344944778,2184.570004697932,-2569.210022029423,-1081.3113302804366,5191.195769318204,612.9040553353337,6041.076111971314,5672.381961453441,5.8950376467007,4256.229742250165,-657.447395355767,-720.4210390569253,429.48185407977246,-1052.7937984691096
169.4370381408708,-2356.6350995236894,2502.705440121081,-193.26603189249445,389.4031743957384,6286.379835470768,258.5321195527799,5221.979819758909,5182.100483564744,-664.0227498659708,3813.5915020456464,-267.165013692927,-577.788379470162,674.1120452732737,-994.5510852263068
2252.683849845777,198.11689045417828,5722.834367516527,1315.7538417889962,304.2795054245649,6647.162100296337,-1242.2470872785216,3458.0824009527187,4199.716058803478,-1608.018279019105,3170.796274092525,-58.20997842627088,-537.5428001235545,835.7394433365597,-941.7133664231011
5812.864039207856,-2660.4246934427347,8002.35748300368,744.315997083816,-1315.1459525718537,6630.704687439992,-2857.284966330975,1917.8255950869698,3906.2325043306523,-2274.407632270146,3277.6357883488927,651.1652303111567,-334.6966584490751,1250.7077110196494,-834.1801862310602
12883.168917882993,-9683.77052202087,6557.724722612689,-2198.707683451281,-4554.030898781476,5911.640491726363,-4951.8291927313985,257.5086948644958,4188.819585594658,-2931.1973272814366,4010.0342425261238,1899.4998927344602,37.29262078602558,1905.0589288234428,-618.8872678399385
19539.793679837858,-13390.743701387291,84.37451345691404,-7100.628674453681,-9134.09330022988,2155.1542652422704,-8418.216695136178,-3081.472821718421,3437.885318375729,-4385.138857733042,4082.195158974295,2810.91471413264,109.4737246679054,2429.897553584418,-397.69081481526985
21614.347431296046,-7598.790853423631,-3382.1067838088593,-8361.39555161574,-10560.764701478987,-2516.323579544012,-11021.811421508753,-6776.750454114558,1432.6634932849843,-6251.907963345736,2859.697062286349,2847.173610343724,-346.468126154976,2584.158043819642,-267.11940650116026
18735.414505681983,-5638.855986286458,-1624.9615524752116,-6524.80891919835,-9191.657077686568,-3115.2145250713183,-10686.511800911961,-7986.041866917516,69.66896237606609,-7161.4711699406835,1232.8466665289084,2398.99606264726,-905.9238608197908,2421.6000173454686,-202.45432013097314
12114.095214794823,-10751.234406231097,46.71805301233641,-5508.939300259714,-8544.897796601175,-193.6206571433147,-8639.288912140704,-7021.211443329453,76.41555134937725,-6911.004849247315,-13.047476047118607,1857.088710993636,-1250.7105708474226,2089.510064629578,-166.07497657404303
3468.8584330133526,-12490.92955063469,2100.3503541645746,-3978.757493658496,-7927.698124471352,2918.1211339216493,-6443.910784307796,-5744.170714521752,251.6102120051262,-6381.625120189401,-1245.1636611754318,948.1506786632817,-1651.5442905418047,1598.6940378511963,-165.35081229640576
-4856.843439940742,-8500.984922608446,4151.665503768261,-1847.8544191503595,-6930.848857058886,4251.352021605379,-5183.870255660427,-5207.876825718052,-4.171228280371437,-6097.574361654126,-2637.5302469487833,-452.8824768588991,-2257.7980510404495,933.5361821000215,-194.40983694404215
-10266.57918304045,-3265.5943799100364,5907.444030573969,730.0899134104039,-5249.966405894407,4593.486064268611,-4535.268815502144,-5300.5274391567,-242.3964588574177,-6122.44984228683,-3749.5812605835818,-1703.1368886194614,-2765.730330257315,359.22921920878645,-182.08582821937097
-11676.0144650324,364.25356651541387,6541.123662664035,3167.6225649860926,-2791.080855461425,5346.044437985713,-3133.587994842789,-4924.290745676012,114.13159273065713,-6054.872997690279,-4260.039946057341,-2143.5727674263985,-2915.7207993784236,153.9753370153215,-75.16880457383243
-10695.209952791241,696.3704572206161,5840.552072050089,4028.2944446263773,-914.2296943210067,6068.124680294073,-1080.3146788426234,-3758.6849101020807,1101.769854477138,-5394.5814616553425,-4055.2638052340035,-1730.8559593480675,-2680.8640122575407,214.65415440836136,56.78091481834085
-8740.865824405399,-576.5733885683068,5949.548351543145,4072.4536779285972,-247.26993781832644,6463.739076651789,842.4577921895716,-2279.8577001284907,2446.5889698395044,-4028.447797973308,-3222.0750492577454,-856.462397081314,-2256.348078130363,246.0438585600299,120.82291275497042
-4598.923665529982,-1240.94305578881,7708.696362604253,4696.492897992965,-251.03833113248967,6727.162315648965,2325.8304439636463,-786.1491558595388,3948.0597594891724,-2052.0190985577983,-2006.8107418321647,92.5732844830543,-1931.6601692578201,116.42113836759074,151.74804525719347
2515.0616366889544,-1373.0450975114954,9621.137935700428,5832.588387814357,-522.6786734117164,7073.160333400185,3386.4104672102803,560.1426846165729,5156.872051218156,114.53133573647301,-697.3830630979705,996.8608275841414,-1647.3194842960538,-19.78279886517646,248.78234304009905
9795.355140017058,-2350.6870351668767,9249.83841861752,6226.781120233466,-693.838505946394,7651.501566714644,4340.112941346477,1603.7566483137803,5590.48865424736,1741.3243660074336,450.6242767946583,1868.358458470002,-1056.2545312651646,61.03813975285368,414.7586950457351
13579.987485435977,-4037.5192098279,6756.706364567683,5514.669066252821,-500.60282447939363,7818.316501894673,4938.205706931,2093.98316398352,5397.460416984185,2610.3737154784712,1352.926533520282,2600.701856067368,-187.52915001447843,326.7100375758371,571.144189406582
13474.75058734353,-4167.037513853677,4443.059043279788,4378.303113750564,-238.32137820042914,6949.09822888265,4738.975015715393,1946.2576878674822,5225.682769153152,3180.7424092756637,2078.2810221458976,3051.9323336889956,547.4069005433524,554.8098039326294,677.4125255953618
11895.71323156865,-2104.7280928191544,3052.7801149974107,3123.0356781414794,-498.5187630332616,5904.088655265106,4523.337418754137,1742.8946806211807,5697.600678950737,4029.7056713276734,2867.2173637805195,3327.9189734318775,1033.2005717083819,703.3037144212159,738.677156825886
12407.769882802342,-1154.677582120057,2660.02957499262,2858.3435878530104,-1126.4847500737326,6717.377692993961,6008.998872444914,2482.4510992749238,7477.233897410339,5784.313503811047,4212.954457505699,3891.698703649743,1633.620050282348,1025.9788643791542,802.2297887120162
19055.20876888753,-3335.433437200522,6573.639788570878,7091.016013560855,-241.39564920762982,11191.53480214616,10390.115882198028,4662.05021314248,10805.443331385492,8649.496740050632,6117.922111751815,5326.347596316396,2737.55227364224,1652.129285713527,1009.2038206371466
29750.63997358461,-1817.8142741398212,17800.597498629373,17293.815028242214,3961.442824489262,17963.363902879504,16032.996224147286,6989.805916272515,14336.10639214944,11559.016638346508,7229.511346397328,7410.12950736215,4115.2546232269215,2039.774267617506,1405.0913141538972
31382.99137380304,7655.687694092202,28358.316150274513,26000.531537025316,8577.843413779596,21920.062392026026,18891.24065300259,7194.831836373329,15571.8729484239,12619.832251380169,5883.7754872975665,8430.4491471725,4717.467184051794,1380.9731971495512,1657.410253890057
15709.649483196763,14247.039362689378,27628.36452377919,24949.332857568646,8910.46277802478,19607.649406071985,16840.355171386753,4786.445071170658,13240.172173603816,10835.67163212594,2256.4709666215226,6819.163704087466,3721.9265953651393,-185.04346440432838,1400.567971796195
-5688.436058966184,10788.58716454792,17914.8716149842,16547.25177547305,5657.868058726896,13596.5192517239,12140.665199643123,1550.9361337320493,8801.15889507361,7276.628413577305,-1569.1158566773129,3393.659322888213,1702.5580156163319,-1569.0867857313315,822.1364497676012
-17235.26726219112,3887.7740695408647,8038.548600301686,8370.50425250438,2983.7440481187255,8504.232287711697,8114.4447544069835,-669.9644707962285,4711.2646071720355,3943.424313285628,-3782.6461904858425,406.53096299206726,6.6240321444881545,-2072.799155573467,401.01757422776194
-17601.242628453565,80.72516798047782,2900.0309860562256,3971.455003927278,1244.106415496765,5179.024860867902,5197.709654283571,-1996.6028413394706,1729.7663963642196,1583.9156014153602,-4320.800004125721,-1120.0618390768832,-780.5084266417708,-1909.0454217069325,288.9972120054685
-14359.803177161188,-409.2846191525533,2384.31881203264,2837.118441970396,-1415.7675739409738,2251.582601713675,2544.231492593139,-3666.303441029418,-865.0066140138608,-354.8073007603464,-4393.442530132293,-1878.9053653032547,-1127.2692194554825,-1607.7962311034516,313.9919371250301
-13344.337213454648,-3716.4549126241927,1039.8635800963177,1032.6170815987452,-6006.612439185034,-1741.0943877177613,-468.0980334712534,-5881.541452612453,-3424.2354437703475,-2110.705345787901,-4934.903972116692,-2691.372020152142,-1507.6003641831185,-1533.2462483640165,307.3105092456976
-15315.424879910017,-11400.480235037136,-4754.705650600968,-3688.0336568205785,-11534.606140414335,-6878.999716582675,-3990.0189995611527,-8111.941660446227,-5746.63943501222,-3448.798855802101,-5779.811699402942,-3508.223293524502,-1725.6658638422725,-1692.4109648442673,238.96432045157033
-16525.707221857578,-16610.24927599787,-11945.6516911915,-9133.983735680706,-14593.166768725652,-10784.463529561272,-6786.203089161037,-9689.255366200012,-7441.006373205609,-4147.124261581021,-6411.62880272533,-3951.8160175058074,-1478.607255022073,-1803.893610613063,162.44962204754148
-13057.508462045931,-14731.218624012987,-14216.592170591675,-11232.035016222024,-13689.756957556125,-11662.02248620757,-7820.368210013032,-10062.560940447333,-8051.267758831108,-3907.066897291304,-6471.207973696118,-3871.758057154605,-834.0307774671794,-1696.6133036954639,98.12135456122111
-5418.93936453875,-10098.091392344322,-10759.21250610915,-9000.68015913315,-10467.192132163704,-10054.648376271396,-7154.110761279307,-9441.683831724009,-7547.779035917809,-2686.118846550157,-5641.615292203649,-3194.676632572606,52.86749928763504,-1385.9392637482338,18.274514283236257
2630.3217310422137,-6859.179389700543,-6214.1264939884695,-5737.662194475257,-7473.663642826239,-7900.165653017569,-5533.613295226733,-8407.479023406373,-6398.292238044115,-945.0178041617748,-4020.408595630135,-2021.8951701888373,1007.4384126902858,-907.8940466223884,-79.42981721753412
8055.734935579692,-4783.677609891257,-3831.9296928571125,-4083.1326587815447,-6008.6487750304295,-6496.844455048839,-3784.8075480340776,-7342.484763632459,-5183.585540460052,667.9998215309981,-2243.4470882143896,-839.4079504525762,1737.7329997510042,-425.5033596331399,-182.7718513112154
10375.293913113232,-4513.430901460225,-4134.935629367523,-3830.4024486327394,-6168.1207389826195,-5892.535136426494,-2158.219129178366,-6346.053127110642,-4195.2860254753505,1825.9437311798793,-889.150669190733,-125.2017770689205,2050.0536952176026,-131.41152738734053,-285.4590307630952
10574.831509469726,-6634.860220388661,-5724.537334256348,-3568.4401459127826,-7225.859017533814,-5623.042040406751,-531.9356431867361,-5384.4394586904355,-3495.243052027988,2549.607287797965,-44.26926993990992,152.86559597982819,2095.1646967312945,40.19486311327813,-366.6178535599317
8841.651055380096,-9069.037325444278,-5870.42934651324,-1727.598574566256,-7626.253238119772,-4945.28190645599,1099.69095736231,-4337.8954079537025,-2933.1031807138543,2852.3741180962184,593.7443571451277,342.3197917417641,2241.350424464285,287.37576383582166,-436.37446849324954
5156.683259735769,-7834.727798347292,-3058.786158612328,1354.7939843388165,-6827.915853198882,-3977.391528029234,2066.455415879106,-2885.4191272305284,-1851.6518251702148,3003.9819182754463,1307.6279275460088,485.5064275290164,2486.8937573200365,580.8098299535011,-537.3879492547734
1687.2366309997553,-4614.091342258553,-572.0767021594248,2443.0041225811747,-5118.8159093292215,-2695.296916438647,2177.9429013471627,-803.2390587432701,-125.78700666980447,3349.6943430259284,1883.8887289877703,384.64687661044036,2380.0466937437036,698.5530239664249,-647.195766083304
655.8367318030889,-2687.822401069349,-277.9254775826031,1484.0221888571198,-2230.7032392067676,-483.9563818078025,2537.447793034822,1139.8538402657668,1129.6217405763994,3613.0098609145057,1986.702522180576,124.86774259383401,1853.1467186335153,583.9627908838145,-715.4674394611365
436.6422958415926,-179.08991390840552,1286.5319155698726,2237.839986514477,713.6042364459609,1776.1917192235328,3861.365945608758,2468.365623308602,1408.1865415622206,3956.4554243360394,1996.3808082154649,-314.1093836135087,1346.0663426699673,454.8594952243451,-791.2269201191907
-620.681914416317,1926.369961985006,5162.152112937026,6553.067953904395,2378.397301339289,3085.5740534626943,6817.670505536947,3664.047535341313,642.9094271015827,4949.942496102648,2520.6582085084533,-1228.00067723226,1102.3930669269032,638.1411612494217,-907.9320630302323
725.0134005929285,-3628.9282998736667,5049.850408919103,10465.916072208427,180.35896029063824,1251.6286077530372,9458.651470537037,4034.3435761717224,-1243.4756059155945,5810.657643301386,3440.7393123395336,-2165.820152558254,1120.9516926237177,1226.276665676472,-912.3191021800656
5074.202031878709,-11552.565441942434,-1722.0086172836216,7353.592547962901,-3870.062010800993,-2212.1336090409154,8555.422556809479,3239.290627820627,-2671.258110501256,5400.932008234102,3906.2348965343517,-2220.131031986157,1257.3766638791528,1736.0291405325916,-709.662234156275
5451.114506958025,-7154.588788158087,-3074.118782768541,2816.926363770111,-3571.8242202785436,-2391.7204769041964,5581.685347091229,2387.531562854285,-2277.864638220319,3830.0596778542244,3099.303113943904,-1615.9111915009898,1084.9639623715134,1568.0478590922266,-527.3390534232341
-520.6504771380382,203.1274242895497,985.5556345416454,2433.343263165869,-522.6312974529122,-156.12113916716834,3589.766276124873,1991.5737980254885,-995.3430432801424,1943.0570897820876,1254.7874277139615,-1459.7766713476528,337.39805684430723,879.0608098573116,-574.1686072106189
-4724.006725507161,1694.0289821428457,2893.9881691615865,3677.193555407526,1222.321683440136,1263.0261537880606,2981.5548426275586,1712.9859101651798,-324.7249039027912,442.02720041060246,-353.31893383293175,-2085.3919971203536,-615.284224879555,423.32230147916187,-687.1988414822277
-606.6828750379706,474.2184618471986,2959.852940810259,4810.412997149185,1755.683299691761,1493.7732629402226,3062.8690017369267,1536.4236627764749,-495.7379848994657,-250.9735627449029,-652.6128306082818,-2671.458698533069,-1134.0842160151126,608.7650935084747,-608.4390589936078
8374.541578288012,-789.1187125198436,1832.7535500450963,4794.195874099845,1201.703274078831,701.358822720216,3846.559663627024,2126.98182581063,-686.4053380220498,147.96109845090092,345.0151689506521,-2327.497160015306,-938.355390722341,1144.1575486042466,-357.6363663250734
14881.082413536493,-2936.270609667698,-242.40013794294305,4499.924811526458,341.6188692066406,-313.9115875502325,5265.4209384775995,3539.1079721143005,-389.7696532486058,1138.9310349949094,1679.0154583600413,-1237.1713721365452,-344.6036327906941,1588.5677734737822,-118.30223095208953
15649.980267727808,-3898.901275813083,-648.4206986748817,5012.233030815469,543.1455511874797,-541.1640216054178,6154.551066563344,4456.082276075746,-92.96381206027417,1456.075831969973,2221.6486887437068,-484.2285950991745,-59.00915481331134,1787.0243256161032,37.28897090347442
11420.471741625122,-2429.451783395806,178.34838726565252,4581.708256678021,629.9113285790686,-827.3695474491914,5337.513100995084,3849.081483940192,-532.5065282251533,653.857600973196,1730.5840407237333,-572.970944245246,-355.88596912007824,1695.183502242356,127.4766109686806
4878.022059372793,-1185.2046496643827,533.3932645348364,3478.5881322441164,274.84083489248553,-1294.7452091493112,3495.7429258730363,2291.377260307267,-1515.6323885155177,-593.555762270169,849.3117851409984,-955.0970628339462,-721.2181144884788,1382.599940074418,167.9701170342114
-79.11392132591371,-464.7436175753097,617.5572289111476,2515.3521095468545,148.74776795870937,-1330.3650041944181,1800.0203050450473,736.2334923826361,-2368.34014473745,-1595.131917915012,107.92381531812987,-1135.2670649890795,-755.1266134225343,1078.2530964874043,194.50207643522833
-1361.4553031622504,-241.99487947711344,463.36683425913634,1689.7846956063768,178.95439219110142,-1090.589947001767,607.3094251496922,-371.5646715631151,-2857.836395027482,-2090.6338159587685,-348.4297525110423,-1128.8490188090204,-596.2497505219505,866.0699358908838,232.90804441425027
-100.76368610038126,-379.0878682954061,188.4236583415957,1053.5092298127483,253.6235285507174,-757.0179898904088,-48.50029295816279,-855.572675049097,-2826.317539350667,-1929.6258102515021,-380.04879929418763,-927.4092852871529,-397.64882890448644,710.9842791505922,275.3701604847292
1744.6974069557218,-562.1852077591233,59.416218910490315,881.3481572520993,236.01942294215021,-458.0187036442114,-279.0824795397903,-800.7221066816343,-2077.819253342076,-1032.3583245510786,218.6334180527628,-335.5465393865543,-141.354344855227,665.4357201730281,324.09014662109536
3184.497425939665,-550.3251544769583,342.5549863481689,1339.2418570641744,385.55530891941737,-100.99958239292887,-72.18331768531203,-316.6826125770623,-826.6632181320645,255.57057172524668,1414.9268862421627,643.0920160700812,125.7263934963056,760.5393460330913,402.79524218359813
3926.636661069333,-257.3734872952467,973.09851813403,1767.871268128617,986.7619316316158,459.87201050008275,657.4834369317668,604.8117781757924,345.29964201545056,1199.7677750654007,2621.7067097982217,1515.6507755633954,182.89311069146834,826.465171075929,517.8577490469883
2929.9262441458573,728.1234123867557,1701.1450285609976,2169.5605024299257,1758.565338121728,714.637260279277,1527.106815387411,1533.9985845641982,926.7303128274295,1278.3245978640343,2866.2807096322717,1548.3281346174444,-211.74771388750008,580.4378915191071,615.6560627080098
-597.088690417227,999.6682543700406,2010.3950129504083,3139.270339116304,2280.000288774428,496.15613533973453,1507.2731314765958,1250.832547220282,458.51336645381974,461.7009928507261,1778.0140555518565,641.4280768904609,-1002.2600165741479,24.087636097763266,639.6168371592707
-3660.4511531281114,510.16606453319895,1263.363727448488,2283.3484993891766,839.6221578621219,-786.7051353870626,-340.6822000023502,-250.50114825467855,-1144.6333847501105,-957.9702154201365,481.2125824001911,-111.36363235768546,-1651.1756550845107,-418.2800392678372,650.2610588124678
-3031.184293676477,-3328.8017430161835,-2776.6263643827883,271.0084313072094,-1828.7549134305164,-3732.351580986022,-2226.9418654693923,-345.70239760470264,-2244.9507010946118,-2120.7074797426935,248.30462129999273,148.4654380313894,-1702.3138874694357,-518.8903973888865,721.8603604351459
-1859.0494306023022,-6702.481146760384,-5204.846771852267,1244.0954850893747,-1840.0511269850822,-5389.587108785253,-2464.5268851243395,731.7820678508267,-2141.902297663666,-2583.19794458364,297.3053917328182,492.9662858509639,-1570.8055360053509,-602.3597886953411,741.6061358691493
-2920.0748546993545,-6356.999838508008,-5142.580544815348,1653.150800631113,-1676.4935585105588,-5871.377416025901,-2975.7596551793536,621.3309867370383,-2376.690962772633,-2941.539438525525,-381.81316315709586,87.94741932011536,-1730.2840001461273,-800.5379678480074,619.9807754619487
-2299.005197270805,-3401.7974716188996,-3137.956249512197,1742.420615666203,-1049.0088973494824,-5114.417619386074,-2846.280103309311,442.06023703631865,-2190.0489283462257,-2681.1861609559055,-721.6164971438379,-250.6280832112015,-1663.266108647386,-765.2894969042076,530.9539523622162
1245.8951942195688,-743.4704676401593,-928.9712121590186,1069.941842822415,-413.4403306056972,-3019.0387230747556,-1572.2728151467827,593.9075885813445,-1029.7554364944901,-1354.1861992770532,17.689326351253783,87.11941032918736,-1004.7736769362318,-472.37417207631586,594.6259033878192
2929.2394040724407,-4.835913073930286,-129.55375922369515,756.3174818884752,-169.4113464833799,-1794.8936649241095,-631.9693781073668,793.0455889440954,6.418739456646449,-153.94880547929316,949.6873958863431,719.6758686147122,-345.107984768089,-358.92251102547567,651.4748855083773
981.3105672956062,-66.50347747556526,-206.25621089465952,1133.0788196569838,153.36181004095033,-1504.5093501440483,-142.5751007968558,1237.9880556741018,727.1360204929471,251.88624849961133,1310.5760063630562,1199.8638317295806,-163.45656071507358,-595.8703607171021,557.0946709759712
-1050.280787009508,-727.5834170298126,-924.6524990523704,1561.4769725874294,491.92406025413266,-1818.091947741099,-129.98304273858486,1710.9978857008298,1044.60671322941,20.845746310358777,1005.5115082259422,1238.1559381223512,-324.66882614506136,-886.3254043361646,389.06070960163015
-1104.2939070139983,-1677.1525324276101,-1649.385301878306,2309.6574509472694,1340.783356481769,-2607.537086565324,-784.404702904319,2194.2197982938487,871.8723556795494,-820.9330371635357,225.4747621372727,867.1919620639849,-545.7827215280574,-969.0179013029683,283.6419108010378
-1807.2990629341148,-3118.361799343899,-2947.939795321155,3915.162449750855,2843.305865192011,-3961.0062233810495,-2047.100972151275,3026.2103471231,892.7125406174919,-2147.8906486629226,-700.3402557499262,718.9716224012225,-567.0706900755415,-976.0272634919473,231.1978524611223
-4892.125268196915,-5217.070421479299,-4964.913877449707,7353.493039765511,5915.437107808011,-5602.665226543724,-3598.8493950196594,4794.2250552329915,2004.230791637016,-3599.1132007525134,-1604.943386589127,1408.5207777969345,-110.3518290256344,-1156.7622814891683,117.30293536892889
-6306.27308261011,-9255.996815545219,-8645.988505893198,11502.603574726047,9731.932720892648,-7570.586448549476,-5648.090903129757,6714.2299435822115,3825.805590567335,-4555.994780511704,-2344.121626541546,2569.0030471947766,820.7569007084447,-1354.6321002805698,-64.34615983489748
-2104.544351587606,-13906.084252241417,-12679.499824668344,11130.485928611946,10163.653175364174,-8576.760802765017,-6984.869865162822,6844.850405012072,4872.77353386179,-4113.3690045094045,-2344.9912309347724,3121.998966430283,1587.667659126065,-1168.4985922955948,-184.69426343479245
3487.617960717758,-11019.173292092977,-10349.196376963322,7612.951647587528,7661.993940215242,-6259.617501267371,-5302.888783344706,5433.257758613415,4473.43986661379,-2181.478580551128,-1248.608483680969,2607.1083024798786,1503.5037900306995,-681.9354794657274,-205.13973607055118
3899.0328533090114,-5317.739535426663,-5325.78822945604,5018.795217622282,5222.753635982557,-2593.2385503662063,-2047.9557312239087,3971.3309705037373,3058.2471912649307,-169.43162888083714,251.2012708976916,1537.3371578870897,748.8919123515739,-330.5240459629529,-215.63940337557074
804.8529881105522,-2955.086965288783,-3088.8954169652675,2527.1420501609505,2943.393338698944,-755.4910267116023,-126.54644206679605,2642.125607238506,1240.9719723814042,595.1509106148335,1123.8088337672189,521.9828587441056,-15.412740668409242,-236.5766349076432,-250.71852900607854
-309.7773039343782,-1701.2337711669377,-1985.1129738029108,537.470601073585,1209.2798917761181,-530.2001416795761,257.5762514630406,1380.7609670403976,-308.8820571379694,233.0851773857649,1108.392156706352,-128.66175160575142,-387.7044643482988,-279.4295668132525,-301.00603484663316
1127.385220821021,-536.9501519498623,-960.8690073862529,109.07662598906781,623.8269238382456,-629.3488390104045,215.21784938552975,502.1079181587846,-1095.4369740584282,-207.804964131284,771.5356840508467,-155.6668146015271,-192.84691996996185,-288.2412170301276,-390.39184256187036
3306.396677746821,117.91076501011734,-727.9336205052975,378.8030352484383,384.2157644228896,-602.1476367115921,634.7092606420711,273.86715622428244,-1129.6831695931655,124.03548202551076,786.1154239552318,482.70101522199053,486.20483543187737,-81.31610979254509,-498.96663222394056
5639.226160031901,-455.7454314716743,-1273.2606690472862,-370.9848865028561,-623.1992112740141,-162.5930185257819,1852.5804774478954,846.6092138125314,-711.9779575120671,961.8242656223464,1109.1654765430499,1183.5052368106503,1082.34879998513,224.17570342389985,-555.5201472405155
6650.151789483486,-699.2815732229319,-719.5975102605314,-1211.917200355325,-1667.095977255235,292.05927162729097,2670.217853147406,1237.8769101171483,-616.2182114332741,1065.9344573263627,1162.0395183038363,1207.9544509550274,1010.262046568174,256.53148634447564,-556.9325312414771
4951.084811936196,-38.5950170180863,404.7347154838699,-1852.9428053830723,-2761.5947459348727,-111.34668346719312,2509.7973614469674,685.0370168166075,-1203.037850766568,267.68395875208586,842.3016625717262,775.6655613395594,584.5031123701333,38.67013423935413,-578.4603805237813
2133.8904786280455,1509.9557811192842,1581.4912631328204,-1503.0329656995518,-2707.6353035972606,-556.2051723769697,1690.4568250240363,357.944932433854,-1043.195975141742,-386.30297432136354,47.7907237960859,291.0222706217535,569.4928886936093,-19.027069703629223,-656.2418170319631
-278.6875281804684,-2517.5474401147003,-2457.2549830236217,-2921.9713806611335,-2352.160832197823,-3110.650078760451,-1619.437122015838,-1025.2874335930428,-351.1405812987281,-1137.0563620483924,-1567.1062404276538,-638.5457885173311,809.5813140375783,141.86508995285126,-755.2162109945879
-1563.3380307434754,-6418.28211158199,-6308.391564098873,-4939.33372170002,-2520.337129203991,-5637.2132625476615,-4694.733905482002,-2857.893395652519,-30.399664372911445,-1685.7485682824351,-2948.895566104027,-1503.9823729000173,924.4599150582417,376.82860730488585,-774.2164799390393
-406.8264989525677,-4869.908177292738,-6374.150410827928,-2137.527038227211,757.4780510847174,-4396.12537912857,-5539.648084779247,-2572.318540586123,1565.4041713100687,-440.59599636042816,-2892.328208368277,-1190.3740274770632,1351.0079415072264,729.3442154597705,-607.5475563740365
839.5010091115415,-1784.320370518455,-4507.618564362974,1236.399657615219,3715.1468429202487,-2158.919882921507,-5524.77319917372,-1933.693179086919,3612.3850866061975,1673.342395552734,-1947.025258683395,-181.8955557745527,2028.5926384980835,992.5002261806824,-365.6058934998266
-1348.8455986930094,-1821.8579869795542,-3700.4692907249478,2840.879990321228,4493.266457133483,-741.0699867701214,-4938.742457887977,-1962.6684265582346,4078.0145221485295,2506.094099188701,-1161.9651564588653,391.0233312157526,2061.6187681952197,837.398254522094,-295.7624433150785
-4368.387660780582,-4087.938630461452,-4777.777761428114,1504.9084927218282,3897.5463434684393,-512.1268715220917,-4813.081577016124,-2289.4051595367437,3290.7928174561985,1702.0877435158902,-1219.2463423368815,103.63621976274283,1205.0744771685559,473.030197256723,-400.4771009548823
-3348.2520273155565,-5788.605045260067,-5712.476673049234,-1067.1095877644027,2692.9267646484363,-678.7740758152927,-5032.833596941683,-2672.945594738512,2212.3775264563283,257.54014841104225,-2193.963449255804,-878.362021439951,62.60640441843782,373.2494891996323,-447.55799323443927
1664.5140456666893,-5975.105520970077,-5684.723980047596,-2343.952178966197,1527.7361896346758,-931.0005111375492,-5132.392451411377,-3035.624100242102,1532.9062107021127,-509.17942321582785,-3135.364587989553,-1851.355442731447,-689.5448241112788,610.066984611562,-319.6880393233116
7806.143331505406,-4205.914379511929,-4854.155152477323,-2396.327924051551,1239.5428457392322,-1186.7590190138924,-5587.926988195902,-3295.318541328956,1987.804887272694,300.37745795742785,-2857.9047695357144,-2095.0510925418803,-626.8632068427252,965.5727004166148,-97.99981400054138
13689.39844630375,-3729.3680770977016,-5812.197240132465,-1710.0016446258082,3790.703971994603,321.86302630637226,-6112.434896870284,-3009.1135922718677,3863.864907521517,2451.177034880734,-1350.8776180455377,-1803.0149146417818,44.16556475665675,1362.6340238762978,124.75144990708685
16718.169618197433,-2621.01872317807,-7010.436637780858,1358.805857602139,8916.155927179747,4144.140669353035,-5799.78990118557,-2443.777719002414,6081.272221449836,4712.796007056743,155.85818174620005,-1836.447147735655,382.2123678789225,1700.341038095039,303.92740344520416
12223.079812504857,2390.7758717070537,-5005.347206170325,5291.675035572103,12826.57804010732,7542.592682136268,-5109.144838661763,-2629.4891195888304,6910.945386452484,5921.735478221196,565.0863300102775,-2585.3042265168674,-185.3779386894039,1722.9413456686625,412.87687768605826
1995.92265936481,6874.073314302476,-2234.02827777512,7088.571413152006,14158.197725020038,8991.190008340232,-4854.618661259925,-3632.089183066697,6017.829060861486,5924.780573982305,-22.931475192293817,-3684.907293680344,-1204.5861915938003,1471.2115880805,502.6149886147645
-4936.35386279939,8111.246352137826,-969.1417928085799,7307.234696061541,14463.096830913613,9759.912363620399,-4153.790893879907,-4133.677344116128,4693.348698683378,5497.039454154597,-508.9185006319374,-4465.665262138467,-1947.5715897687576,1249.1130450284977,637.5962531258631
-4637.244828020061,4788.1062752633925,-2105.4953065006493,6365.121595916563,13528.097344356687,9743.96275408162,-2318.543015592607,-3307.0344606009717,4069.1356206536675,5439.783144400119,183.44171337487757,-4242.460070101209,-1969.121680920952,1158.7426987001088,755.8426093873122
-1921.620987969491,72.37941906901786,-4992.403460552134,4185.123197798811,11002.15854811658,7853.4762457389415,-1238.0801785410563,-2388.2935404171812,4221.2631583317625,5956.358409517007,1950.84661358555,-2815.626863659047,-1263.2492716304034,1074.5797483268427,748.6665868444139
-1436.5879086562288,-2544.410321061922,-7376.870818655547,715.9847273236105,8452.360363411923,5983.286734139741,-1555.331212384147,-2338.2790964893256,4825.515121532852,6647.919011996604,3361.091287121508,-1262.3163043218542,-504.37047659427117,879.7605336040601,650.6225433886876
-1971.0225845107623,-6543.1251269890845,-10881.871760654012,-3809.7618766118762,6286.1767272197185,4746.522340493938,-1979.5764116965797,-2953.3052912484295,4259.182319802741,6823.503147463214,3300.2737418225715,-1550.6282082273988,-868.8375617836873,587.6667048006321,681.6172908350723
-2330.836149783792,-10019.049125332831,-13565.354017121605,-10236.434865629972,577.060745990833,-215.80127150759287,-6541.888495826553,-7222.911691094261,-365.7709361420939,6485.995974925866,2585.891250641097,-4327.62103851113,-3029.5096696251585,26.575385050674754,967.2797980908441
-7735.142238071599,-23550.813802060064,-23669.64121895393,-22760.121099787815,-5157.390573613599,-5094.326885930853,-16765.19344026277,-16701.075349643063,-8420.116038905597,5832.52502500708,2258.719054299311,-7849.255082023964,-6043.409101588762,-1239.2844572226456,1192.6598693600054
-20179.144512207364,-33617.28190757229,-36379.97297908607,-28898.999158166203,-1534.761663671294,-2271.545428514034,-23374.4458293133,-24461.101872613108,-15364.367047639575,3464.086009929717,1145.9798335212754,-10091.612255053973,-7769.317604713864,-2890.6903482863495,900.4638997353295
-28745.682660064573,-21398.408148773076,-33025.368571449646,-22426.579710474118,4211.063255569024,1865.8431579340263,-23073.39542369097,-25428.08636690997,-18351.557627518898,-844.7546084771536,-1437.7060354876744,-10516.299857353406,-7032.448057087383,-3546.933683286129,256.5000434622782
-25767.365663366338,-6772.276829054092,-22258.572271228004,-13926.069785050728,6281.7637331135575,3628.048057549268,-19395.195783311476,-22318.143144860886,-17294.6819107423,-3407.624808064002,-2806.072877109481,-9329.760442828065,-5066.782192422762,-2706.3931536578216,-71.89924702299595
-20277.63548732274,-2081.0263009729474,-14442.871241425762,-7890.345506622052,7076.643340151216,5703.252215883453,-13121.848907481339,-17973.690970985164,-13335.594123242809,-1251.812895300156,-343.30670322378694,-6676.203868945709,-3973.85505476262,-1695.0930968393798,89.24619888276902
-19721.724126005593,-4525.022208597626,-15052.42761681984,-7605.485971989269,7052.238847168298,7380.757941748917,-7395.646752566993,-13925.74125578755,-8869.023489774865,3605.832025750621,4566.882563719987,-2972.9680614985427,-4110.528536749129,-1596.0788198678672,297.8055844051703
-17870.06453564066,-5811.170837621889,-19297.69142718371,-10719.963243671515,7800.686132547642,9286.483275331708,-4699.195381931924,-11895.3590594339,-6269.069618679519,7293.881826291749,8450.520938548623,412.1649463197176,-4371.062946379189,-1998.9045874835062,255.28397235265157
-10605.150060748125,-8206.768932825922,-21436.474778841097,-13753.380574975048,7857.804691464016,10963.33526953688,-2805.2967376629836,-10812.763842706247,-5235.658056605522,9034.691238212456,10309.084158585025,2316.8095286630787,-4484.8629029756285,-2363.8329674227666,12.702609177722707
-4667.171888681614,-10269.968697873417,-21096.44664893216,-15463.38703851707,6640.051191632636,11443.729033886606,-753.495283778429,-9070.815808775998,-4212.617283775477,10187.21897077774,11513.08365222084,3549.1998939523532,-4861.456353855913,-2848.9715929499994,-308.5094587437009
-5142.725961242851,-10648.288947828707,-18243.115963621127,-13946.771659618385,6017.213205923168,11855.177272063283,1655.6681231626599,-7338.387822246991,-3480.676544492778,10843.227660296045,12504.543854147512,5049.419603389873,-5090.6035209538295,-3464.4805785717226,-593.4155536839943
-8238.516205515607,-9204.606312992413,-13360.505119222638,-8808.61401724723,6757.47414753567,12366.190121526904,4727.122159882298,-6208.443801089885,-4116.108533467854,9872.037447789553,12528.807296650091,5931.599330790625,-4820.6338040912815,-3766.9815448200975,-736.7991499948209
-10159.424783045286,-4012.371182458256,-6796.40782837029,-1548.232450715267,10635.363652167734,14267.470331846944,7379.97293241454,-6497.05905598207,-6555.045840884669,6476.766857955164,11116.558396133103,5272.38626733817,-4698.777578854742,-3609.4709170885053,-728.9036110639611
-12624.639664514054,4975.5529057834865,-4474.823578201357,889.9433957438615,15621.009686153811,17927.628736446506,7870.382823904867,-9193.404455323525,-10271.166107237299,1327.5380137228383,8703.450018010057,3865.4220789695355,-5044.553101047264,-3359.9158425912037,-665.5555150665675
-16462.39956323583,7491.268402911511,-12805.064286283028,-6785.614860178496,15154.368635468101,19817.693057707456,6058.32398864324,-12843.081020598602,-13585.033347912753,-3273.4010773136224,6661.629543701172,3392.7996493083497,-4903.126677015118,-3303.5480974318025,-655.4174967096119
-17026.065819348212,-273.49045018128106,-23752.917122541236,-16878.266883926775,10070.881128096113,19088.655460761292,4772.548954829984,-14768.561446556256,-15328.884778748396,-5440.798109577424,6391.186523062647,4677.688503300066,-3262.5630459973454,-3271.152345486457,-727.3109891101029
-10584.608305687834,-8477.413453349247,-29260.883624739436,-23038.37493443344,5351.164576122194,18417.199741608958,5362.421316990547,-15066.93065982705,-16295.378425411858,-5834.574487876189,7933.520529733981,7119.774803136178,-602.5297081918739,-3074.6443452825533,-859.379841316877
-1008.2608392684785,-13063.883053988846,-29288.429873740653,-26619.50288168146,-896.495640300029,16297.911373383446,5427.666748009419,-15196.174756441127,-17451.0625870254,-6361.755532955547,10048.75715832237,9716.435173367681,1800.8197820081325,-2927.57325264608,-1075.6288299409402
6513.028085862982,-10797.196957339891,-23152.74117634734,-25118.542089307295,-7576.754492849563,11581.521588686328,4862.310077970218,-14393.669458410894,-18607.96364005637,-7794.653687559105,11513.235216617262,11811.2469127966,3494.383675392865,-2899.531742805925,-1355.1308007942148
10578.19800263057,-7825.812896475664,-15798.120676737653,-18411.704875283704,-8002.541259259151,9486.97493386955,7197.698253604587,-11878.175454088721,-20220.389354441373,-10383.456620410838,11752.171724329562,13157.190411031472,4514.801690964947,-2881.4170034152494,-1617.2961819682696
6944.573237820098,-6537.660080837197,-11294.184809181683,-11351.044000740723,1244.4011458247592,16229.418759182956,15182.091571122235,-8815.228959569233,-24150.976314466043,-15311.905057991506,10502.00297762165,14350.296540060039,5038.456048735171,-3332.566562235266,-2004.4728378613966
-5959.016070386002,6026.559044544663,-15863.431153508498,-14204.310057836987,16202.902676331398,34233.970839541675,29207.970689212667,-6786.082982901742,-31618.685450736157,-23371.785018095117,7300.515688868563,16095.223516547014,6040.858684721438,-4289.799493198937,-2716.1489186184535
-14033.117179493467,15920.27845321095,-43994.35817667068,-39553.83731265403,17945.595871304584,51423.44962086244,41298.62014382757,-7312.3599127538855,-39285.37755661418,-31199.912112325048,2572.8538741023185,17447.880702268314,8151.756617600677,-4125.679112244506,-3346.5200586790174
-3198.5949527169755,-6449.257123535461,-71763.57258610318,-63453.12859220168,-455.97364425722844,47568.182182507284,39772.71011639523,-7969.112326560476,-39104.781350597324,-31882.09453452035,-655.1542867673479,16807.92239557345,10010.3128037692,-1640.9076223033824,-3089.292735896721
16865.990133676376,-19577.155356789866,-57543.31311773026,-52406.380197547165,-11529.294038242637,30588.136858168895,29357.422786893552,-4479.084694995422,-29548.630455145383,-24613.11642377012,-207.67900596790187,14528.517302036453,9922.380312907326,1569.1628456479755,-1925.7412263780047
28129.202708863053,-9867.03969797074,-28375.325822099418,-29202.519736205093,-10477.836262890574,17427.02918404424,20025.297026537548,-660.4694313938355,-19589.664467239043,-17047.480181247753,890.2081572195822,12068.478784723928,8370.048808811585,3232.3699620002003,-784.6693131644888
29626.541758592906,703.2768947474757,-9395.732234026593,-13407.147051655858,-8400.671611835673,8241.32528027527,12233.087996365692,-1014.6021839188844,-14872.596572517794,-13793.02682424902,-783.0612027708164,9826.16057331252,7025.565432746754,3325.623012280162,-276.8422974069411
30639.09287250414,3980.2150301427096,-4243.2772880816065,-7642.703542948703,-5710.5905715519375,4556.103008017089,7783.0417789621215,-2352.1465678425275,-13549.864199844784,-13366.878056868716,-4134.129191520394,7998.495361247994,6741.690042754083,3217.087838234927,-135.951604819591
35029.8877771204,-3147.1965267958867,-10475.451996365156,-12107.64964130803,-5786.500073794734,6564.857972724748,8578.25527006324,-1487.4243318563656,-13593.66889571645,-14423.016237159687,-7473.552335977534,6984.540487147355,7487.182565963708,3623.195936756653,62.0809191138934
39120.45770127116,-13674.131511195557,-22594.825592987912,-23127.856648748282,-10377.745809406277,11517.703067053015,13632.531554569998,2005.2305002018509,-13850.085434749531,-16237.942866931959,-10705.8703241528,5934.395476636695,8533.168191543773,4200.06171215612,327.1623895966023
36061.92404996519,-15054.641181392904,-34209.005293395036,-34427.00338984107,-15709.876711564259,16689.75736414633,20497.625396854415,7369.115089740319,-13450.11596837507,-17888.272019791635,-13096.555468652852,4036.3751207951436,8704.59118091028,4247.985701497748,451.14067509206745
23487.609507686022,-144.07125521563088,-36911.823217738405,-38648.460648168744,-14898.966722219155,20730.302810701578,25548.11642986718,12645.833112672799,-12274.068664718305,-19236.144586025326,-14063.004224315891,2327.0173278407647,7817.621478863424,3608.219079111227,402.2227450400993
9048.035595161187,21353.186543933352,-25560.627806226646,-31988.145647832924,-8168.672800507058,22606.054483637927,27039.43959948074,16456.23722736895,-10023.860246828226,-19967.206739296093,-14201.834891295668,1697.853612128064,6980.932513949214,2881.226379886777,348.59141648536064
3197.0911015486445,29523.00945464501,-8605.045022365204,-18991.169945526202,-3301.711893128898,19817.08145503978,25558.262908869976,18512.280079966164,-6598.067658220703,-19206.452452837675,-13803.504908087702,1449.7219754005096,6786.361402479609,2625.3961505503758,399.49799755423913
7849.521501748796,17198.62480960955,-2670.385207887637,-11789.605647576547,-6235.777547194164,13228.798942823965,23170.51055236372,19138.74273929049,-2845.8729543197896,-16829.99438480145,-12720.799271669332,818.3651343324096,6751.86563658517,2797.0455596177612,521.8950542677999
16961.695061180162,-2549.539426533894,-11556.483654501853,-16142.997338782003,-14728.150952794665,7494.344279057595,22039.08916566833,19064.607240180118,-133.82053440917954,-14170.240140924852,-11642.401676900312,-536.306195246585,6480.465122074358,3220.4985537004945,700.3131704940049
22813.05956108593,-14041.488411607465,-24493.297188958382,-25958.00219927899,-23063.375604123798,4485.586713063175,22325.027963871635,18816.486571815352,453.9872834055992,-13270.180092440829,-11899.345446520612,-3223.651188835818,5686.052971377613,3860.302908026957,962.5493041659166
18424.54546492358,-14017.98700214432,-34782.18578722105,-36071.39591914023,-29838.82650619035,2756.5204664009525,23219.621645891137,18917.69206569634,-743.3810335712133,-15177.929280147588,-14076.97977194329,-7296.42685417855,3896.462642092558,4422.766755416532,1237.7599966632633
3673.949154274595,-1482.5649790057314,-39895.580956679136,-44907.59593916497,-33625.004702559454,3148.5451069436303,24580.327417190205,20045.649210038755,-1534.6142335528286,-18871.1101997416,-17671.458522275327,-11573.868138836904,1527.8329045728028,4651.36642390829,1447.8254696643476
-10123.669738482735,23002.30731498118,-28845.117973131215,-42800.02362681122,-28297.90170774172,6497.142667446033,25072.109380516744,21890.61438722199,465.8945623328315,-21837.59009545521,-21732.566805773768,-14879.111150261322,-113.49040692054467,4935.990115595049,1691.185368865485
-12232.738850697193,36203.11516248641,-4514.514849371552,-24479.647147911342,-16009.600762300766,6901.835030982612,22719.072179594234,23847.279994859982,6251.917191506396,-21193.65872051879,-24821.037390414534,-16696.541491033142,-375.845759842272,5682.092985438432,2054.1962571625186
-3628.1130140739865,16825.794573504052,-265.2162460746888,-13265.48677817813,-14965.896576264702,-565.4205768514464,21147.756530216408,27721.803664112893,15709.836945683379,-14877.153829959254,-25027.052739632323,-16722.137825570364,417.68325347764846,6687.033143458221,2435.8599812826046
8049.408737509672,-9336.749845440485,-29276.442825424023,-32310.594555800242,-31967.47341864919,-6324.66363587906,27412.59751186774,34907.00093809799,26706.32772611768,-4055.0677258691926,-21695.614671358664,-15420.789244218066,1203.981860093791,7522.506385054556,2771.4901042954457
12416.23068991914,5976.892363845113,-45296.020196134494,-55029.85321632532,-43962.478000791525,-655.38524816426,37682.41861881424,40681.69668199414,33628.62434135131,5211.1149544707805,-17282.628626337304,-14469.574650583612,86.09962127557395,7409.9406919732255,3065.5006865046703
-761.9601504074075,36872.016351871716,-26698.316920204878,-51350.663525215015,-39252.99270608405,5455.062845051251,40114.87542715222,40279.516344479984,32739.426723988337,6655.563211851725,-15698.378397734377,-15052.851758143799,-3930.512679906648,5102.669417398445,3036.714297163566
-27337.093484297122,41937.73154499975,-7549.512302796332,-38029.967528906374,-32531.593523429354,2476.197670594536,34352.66379329746,36665.23986356541,28204.15571917879,2088.650579680455,-17650.039225912788,-16244.018399443188,-8680.383592603579,737.7344248098542,2300.2855674896364
-48003.52973945554,33156.48586219347,4382.779251272965,-25041.516443524757,-25564.120407186798,-721.5200628855837,27705.22702248656,32756.393054793793,25462.09419453113,21.100906097013393,-19144.90529371152,-16393.079149496672,-10877.959429399541,-3062.080708453187,1164.8287100651996
-52111.37406632999,17790.023202670887,3783.817035215584,-14378.970362236065,-16420.806856124345,-979.8407849828883,20314.786516824384,25948.263375237737,22831.18005119017,4318.146275089372,-15647.569981797391,-14849.109736271244,-10069.111042038607,-4087.723567776642,488.99181793408627
-45338.972638600855,15014.054283923186,-6865.173199674227,-15855.488565804402,-14434.49700756278,-4305.025413382639,11191.450619814143,16368.802430211126,16686.13363700821,9607.496547625873,-7123.08046355256,-11452.159530817284,-8010.358245036596,-3002.956093545845,565.6298554418252
-34421.00002100024,17049.00777883117,-7494.453943232341,-18145.702820610215,-16301.83225720866,-7981.87395593811,4965.218645597435,9403.695596647072,9373.2179306308,9886.668932832259,1392.6179978027583,-6580.829182525162,-5804.223752319416,-1663.2821175855304,889.9663717668425
-22280.013712934433,8643.58394223738,-3932.3531940846574,-12778.065799119695,-13641.066417657048,-7572.6603959049735,3377.0824856249783,7283.753340197982,5451.259893626446,6340.244935986457,4877.398481669182,-2217.850229421511,-3791.430579357059,-993.2514464535697,936.1292830873667
-13982.699289849554,1825.5091542665414,-3578.331079415596,-8414.618526289976,-10399.073684130735,-6567.785190989713,2925.3287215747414,7515.826958931456,5476.518712866263,3843.116615593339,3393.4380791107196,-820.1521252097425,-2677.1397763710374,-1042.2937222895912,615.1753912057382
-14827.24990633747,2826.4947079176486,-1725.1458970067179,-8576.082598063347,-11441.22493022615,-8286.976193377795,1934.1610133867125,8683.51995715424,7722.00951198696,4681.378273033289,1079.0024004259376,-2595.607338011331,-3170.8577665452162,-1672.439446096359,113.05035053479679
-22585.308542290175,11268.092211468223,1826.1215729108108,-11499.274403168836,-15592.298898178231,-11546.96025926245,1430.1078106484,11095.313952834047,11010.852257715838,7747.994916420331,1323.689666156725,-4852.552627194403,-4795.382941710153,-2609.3605281560185,-354.6591446443834
-26868.666360881154,22880.416626590286,1619.4155709076836,-16630.544489424334,-19827.515924013587,-14245.96436289654,1338.401755224561,13647.98202244995,14033.457069498058,10529.744685646889,3667.938647711327,-4613.052733983488,-5709.42604181439,-3225.501580409382,-614.7980867281351
-19328.57803658413,24460.930222311526,-5168.192582210211,-20850.749550009805,-20958.446494789547,-15232.263727560374,3.576064619263434,13786.333579733962,15076.080850970897,11015.912795942631,4818.624707996994,-2093.465528572195,-4394.785017000826,-2837.1404494290446,-581.7226187046665
-5061.861398236948,11509.799791414842,-11983.702554252433,-19578.07635463313,-17988.252967360273,-14705.537316134469,-3462.890821267631,10459.588126541099,13806.54010694933,9420.84829633293,2803.47061668867,-734.5346694866384,-1812.4855050916844,-1557.3815684106735,-361.8308118926318
1194.728967244136,960.915450510555,-10518.836870694184,-15070.944962778773,-15092.517927734212,-14711.192826003144,-8035.493004063002,5640.586410101104,11985.295871943817,8192.462584713896,-86.39568533858316,-2559.171639462884,-784.9981405991426,-552.9183001393225,-235.3130358571485
-5469.745630694412,6351.999070214013,-3560.9120223768045,-14206.795508415473,-16725.798390108324,-16773.578523391123,-11593.237879746104,2398.0668687235816,11388.425310872104,9172.468861796395,165.59448603887057,-4814.19731180365,-2331.732103095472,-840.2704381857052,-397.7037769246124
-11545.702287172464,18841.094434348382,1255.155045738237,-17596.50592926105,-21215.23927319507,-19390.81161981038,-12619.671266392694,1878.3490992995808,11818.411797187662,11269.35182897285,3914.527558570125,-3670.654351012241,-3977.53039211292,-1868.7901274803562,-697.5503678013765
-4211.356118032323,24934.964243338225,382.906311202294,-21490.314616712723,-24226.410276071696,-20508.081762538735,-12131.031543150895,2245.2786047408736,11980.26592829092,12423.970580787005,7395.565055355826,-318.327044454213,-3468.6138438569933,-2088.83851468996,-751.547751654212
7292.601268945491,16898.979606260837,-7178.35679296482,-23164.174093989932,-23556.015894577282,-20170.49490877659,-13028.702305633607,758.5150564932752,11783.356068494848,13292.857586023656,8604.376757937547,540.7831271926963,-2897.9733687882226,-1409.5967502208903,-490.0219405998855
4414.743223649453,3200.526958645869,-10057.764081738005,-20266.179144575475,-21887.775846994955,-21115.723475021066,-17142.164986347685,-3315.030645244366,12226.39116326676,16323.851695227542,10307.820440688249,-1367.5556779831672,-5513.648066770122,-1865.875606911631,-440.116023626193
-9654.867738197798,13659.199290653656,254.37661306363412,-20808.27185122902,-27240.37305180448,-26974.994628108638,-24013.161059858805,-8954.835303239943,12395.155168692638,20612.708727570436,14452.535333207808,-1145.9137300290536,-9252.293633214575,-4328.912360903166,-1038.9339676199581
-14489.704236169648,35025.51798136649,1245.509075065469,-31272.801783289586,-35723.93080659072,-32371.02339264346,-28699.681378887468,-14189.652140027767,9325.549124171906,21302.128372561856,17594.037443289788,2721.1617685451083,-9110.65527628877,-6347.615190342689,-1832.537455603324
-5674.549805898831,23641.75354745208,-12005.883769360571,-33526.8034581238,-31388.05912519765,-26906.001174048717,-24493.150608858217,-15634.20564212941,2880.46796759151,16110.581884316169,16023.92366339105,6004.3807540982525,-5167.987327507481,-5700.98060941846,-2029.4485066463835
3021.506440298085,7.840131439130019,-14737.755985792504,-20097.967333627785,-17172.947280111843,-14848.359943315512,-14351.25216656997,-12866.280827217895,-3357.404867950418,8810.137689332436,11726.426685964714,6294.987574721086,-1805.489067335016,-3825.98176655853,-1691.5728045049636
5828.348250884425,-6414.802232741506,-6686.08945782969,-6367.793131547045,-6625.803107316124,-6315.820363868424,-6370.645544804665,-9728.874352147734,-7658.741997706286,3591.5285284811926,8995.375179690334,5986.499973210334,-502.6208791501127,-3021.768591362349,-1532.758678119024
8227.777100789242,762.0673122018966,2398.232123304451,591.2040465502046,-3090.419709268264,-3303.9751338614215,-1788.4840090051812,-6651.740618601378,-10481.11180866562,29.99873891528739,8285.362956440938,6922.553785129928,540.5310064246719,-3050.3528876097525,-1747.5640768657972
11638.54631350485,7217.875567821473,5854.11356069933,383.8608631964707,-5713.042606015622,-5778.081563493739,-664.44910901427,-1915.380327717666,-10453.769821721038,-3577.7067864533665,7068.953321457224,7874.791739185179,2028.4309104519232,-2648.6376846326057,-1917.0606569718293
12478.811582562801,5342.994578949675,4382.088350187478,-1373.687504575562,-8855.981659114013,-10263.414414319128,-3452.3771877445515,2039.5582227777736,-6754.3594809878,-6382.656071875845,4300.0239633168885,7488.020891491825,3203.2352507449978,-1639.4240023814757,-1766.471768583217
10123.336239450255,3211.850199974225,5417.3750048511165,1160.415842591259,-7912.235762442158,-12083.753071223853,-6932.08130711627,3028.6841240763083,-1757.7685511496838,-7022.341159738273,1222.2024762516223,6151.594153876974,3795.965219193093,-466.42294842259923,-1379.4566452458732
7536.163153514502,3806.5732129716066,8810.63629160429,5770.1285380389945,-5081.842477650878,-11840.5057325901,-9075.546914182903,2238.8965178840176,2267.68968167376,-5940.668620374235,-969.1981919855496,4915.918548097756,4211.389308906796,619.4842166792095,-933.6252475810882
6472.364487709545,5680.658963594959,12136.026713010524,9870.941640945197,-2459.367690222726,-11334.48447376733,-10563.013454200254,721.7611863644877,4996.016554409398,-4278.528688254768,-2462.981442257285,4046.2540248572436,4645.393631102387,1509.7064790854083,-546.6259863242682
5116.9578510506035,7976.142409709027,15266.192864577588,13769.148544383832,395.79670404732815,-10374.387289409164,-11407.839391245667,-1094.7109522346925,6675.1932940601055,-2489.768780552598,-4050.1400582958045,2852.38035281698,4745.251721181946,2056.762271168983,-266.207043948999
1052.2779866544809,8348.135447489029,17791.62956178987,17949.42643688823,3835.435524413973,-8924.313760432424,-11390.43086872845,-2332.0488596125324,7863.073997211035,-272.7732956590357,-5787.244767056517,679.6816005485932,4057.532209155589,2177.7216380170216,-72.92031855695242
-4579.039717522161,5725.623611240415,19150.284290639996,22159.506592611953,7364.066898943831,-7927.33932521583,-11594.771496305657,-3016.5538729015816,9210.940296986868,2948.382702905668,-6671.098999255752,-2063.1986188292635,2698.1687822481463,2034.336192711347,104.68827279022115
-8370.998567206288,2867.9884443203905,20029.87063003299,25982.59420266489,10448.782228694383,-7952.729014421795,-13161.306086827015,-4414.464245467328,10327.603313780512,7072.60160029273,-5830.593016474288,-4251.832275512555,1345.9425941145414,1939.5275840699144,323.57700919277545
-10063.032879523791,2203.167174610384,21698.442489841556,29813.418919050655,13575.277517802326,-8235.078683446965,-15667.182018133015,-6992.054702592902,10429.524551468437,11190.67129470151,-3719.8770403145895,-5623.626013241019,254.51789192596215,1925.6925536527972,541.5742237186594
-12520.961487484667,707.437562356729,23585.670437047833,34493.93778810643,17913.797009296984,-7669.382690482405,-18123.125898406044,-10046.377167529823,9792.263983376068,15154.385836860116,-910.2074585962712,-6945.480261546225,-1326.2004948079498,1532.8439054693308,635.5392659495786
-15765.645072713485,-4992.455196299559,23851.01935742312,39659.71662686143,23388.41983725148,-6516.687976433444,-20856.166577776552,-13773.76747069622,8435.682081188204,19459.30643560772,3626.011795890392,-7792.948529211293,-3813.226980059267,421.94033070496675,568.0089329236056
-17080.619612815157,-10957.465473395263,23493.122157387417,44482.24060636824,28784.56729511591,-5629.6168413581845,-24524.302497331424,-19053.226355076,5010.770089909707,22824.01256634913,10425.761351576026,-6282.2762645768125,-6017.659714656407,-961.4232457422933,461.07230333048915
-16971.67499033278,-13596.589166998581,25155.81072633354,50105.416748458636,34759.20023783836,-4019.679194516835,-28030.973286009175,-25155.509040605324,-725.2328158590046,23370.683702137754,17541.446843985846,-2192.035127324204,-6862.634835514182,-2131.9261675702564,335.0220465960227
-17729.549913275117,-17587.197504526135,27278.183372665044,57893.02209884254,43639.76237267556,340.39961964469626,-29911.479332939223,-30923.274157146137,-7639.787848060177,21387.36693384798,23742.411036437334,3376.945287654569,-6768.273516650053,-3525.0859023497096,-80.64680051030314
-18952.86930471746,-24972.327777619015,26829.746838762818,66241.60426391111,55155.26559784063,7484.891154868431,-30346.748262700337,-36852.41031304285,-16224.63800099027,16561.338278563468,28994.47099370327,11137.290170929367,-5089.131357524877,-5193.072108607597,-899.8306914043209
-20264.74495904135,-36062.70149353509,21834.64686019979,71191.00825172859,65978.22098009897,16229.363348978837,-29072.60929301527,-42515.29093923,-26839.18623561693,6755.785919676232,30193.822395880485,20650.427172195694,309.36259153757203,-5441.497121336434,-1619.907420583188
-22898.01722427253,-55310.74450632909,5986.409146372422,65389.32330543364,71310.62941732482,26080.054783404074,-23724.166685718894,-44641.22633023559,-36295.185350135725,-6971.305187542286,23631.11110113722,27067.87930144739,8726.041484708516,-2739.304157814612,-1567.2656889281952
-26677.48122566065,-65167.143450416945,-16429.59843406102,43528.95173404331,64331.37395954511,34251.1812162564,-13200.071895132547,-40420.96956569236,-40495.26644441671,-19608.419771271845,10819.002346198218,25917.337235240426,15874.004985344236,2086.049824532431,-600.9771935113363
-29765.165226460944,-45155.07984403935,-22851.78475326038,17547.669490759767,43468.68243969475,34803.73839159798,-804.9948689627695,-30572.435877287702,-38308.3305917402,-26988.96620214783,-2794.008482958279,17753.531233395086,17980.34761945166,6565.928183765771,827.7923690284472
-30920.95224914226,-20043.8679106684,-10362.147581713421,6485.641233262298,20439.36112294521,26022.655757250526,8206.438744105182,-18599.751726376446,-31640.14752435377,-28372.320355770633,-12505.937161193096,6976.725598362496,14652.325586896968,8565.474316144791,2022.7236558959303
-30626.36380813319,-16241.687846665005,-2298.557302151909,9409.773032075384,8803.091855290384,14351.36222375522,11536.902508326528,-8189.399029891456,-23621.822970921556,-25825.9011536495,-16968.479678982934,-1895.694229009541,8604.176167591937,7748.770984228775,2507.4480643777765
-30353.04875442808,-21871.377994627957,-8174.626399153405,11357.801222699809,8971.56853850337,7328.9150543320875,11120.781924760322,-1019.0276139131402,-16664.981031949123,-22192.901396458725,-17861.84983243215,-7165.411258953532,2992.7717332390066,5454.014796175089,2330.201416756685
-31276.122771245842,-21742.490645515627,-17978.35035262569,5718.764389316805,12569.276055707795,6755.840560369156,10207.159862714756,3470.634946563009,-11465.895594352505,-19204.786115254905,-17551.115109300994,-9785.815484014896,-873.9288667952972,3137.2447258014568,1854.691553849047
-33909.56119541566,-16778.26350212966,-23784.458579762486,-4308.017529912659,13477.938958915887,10067.619011249624,10710.070875792659,6702.731601352961,-7487.556779798407,-17164.909120572618,-17402.734804966494,-11320.106180768758,-3341.3103328613442,1382.3070417421527,1375.2676282741427
-38473.40897104394,-11759.31270228239,-25295.485131204307,-14661.712509063003,10137.479861725576,14213.596633103542,13081.786503573678,9873.940237273311,-3884.5318689119863,-15658.098443093813,-17760.333519558284,-12751.337975333154,-5186.508237194,97.97710838089522,993.3478354943318
-45196.23034350905,-7999.36213652631,-24527.366347374813,-23594.419776328716,3028.752849161799,16962.816879015292,17042.193615486023,13820.4429372432,89.06495701256648,-14121.981104226936,-18487.179563314545,-14460.26509321037,-6978.181286701125,-1011.5053000652359,685.1456594480513
-54335.87662309426,-4220.716108826387,-22595.82103154227,-30820.187374861714,-6947.552795102504,16704.686416529184,21780.157726358062,19136.899280757465,5128.365830223193,-11991.649404038213,-19293.40755310941,-16503.33326197846,-9000.407713854578,-2201.91285040669,380.2033158676487
-65984.31015482216,1497.68087965488,-19179.118400797804,-36311.743939255895,-18923.19221910674,12268.18631039844,25874.624910844283,26050.972246511545,11971.992351849287,-8629.469991085542,-19806.40253624147,-18781.573067637295,-11333.775825282106,-3619.9161374431606,6.476367837613921
-79634.16547799547,10666.108114002056,-13018.850705034227,-39480.64141337599,-31927.400351919277,2899.5702472612907,27310.347230305342,34112.69616232295,21314.36029425107,-3247.7677789525096,-19525.138092907368,-21084.534165737616,-13925.693569886611,-5301.967729933983,-485.7592552204411
-93536.22152199686,24040.096349808864,-2722.115344962955,-38912.19785301865,-44369.3662051566,-11555.699276466768,23654.079437164673,41879.69579030018,33487.60210889291,5042.508156431098,-17767.138570871517,-23068.697794286167,-16621.341944800963,-7190.1053597046375,-1110.1520576894386
-104188.90152690213,41349.416460827924,12384.126131270355,-32657.812028092398,-53541.27229814936,-30184.82645708337,12510.361955977807,46795.761709238905,47975.08959560936,16977.115285660042,-13681.064133312368,-24210.731615360153,-19154.71940854309,-9142.981705615277,-1836.9864692475767
-106469.60475160436,60622.74004934181,31460.064238648356,-18820.085308264857,-55623.09193082348,-50509.16711547883,-7599.979008517269,45509.82998071543,62912.759805084504,32644.01904210139,-6399.294049745071,-23779.059708386892,-21115.78928717362,-10941.445583972372,-2594.6081740193436
-95093.75096910389,77277.50768647656,51978.18966389966,3881.112836075823,-46664.496538803796,-68493.2536964342,-35940.02504573933,34926.67547880354,74869.78776444936,50789.226439918355,4557.13595187882,-20930.139829598076,-21953.234835241477,-12307.21008109917,-3282.4451467573545
-67952.87632068347,85275.02362240411,71582.12890540033,35499.03584516959,-25026.619582346346,-79678.60878757812,-68327.34934775476,14098.343974738107,79469.6062538269,68287.63386218056,18638.523270433427,-15028.30455371135,-21077.06256055077,-12947.166702327602,-3793.190371450263
-29684.248519970824,84633.21941365059,91537.28695557546,73154.84741651113,5361.346651992127,-81288.57847372121,-97198.3759564555,-13908.005712728895,73207.61899052843,80499.97814970049,33757.81668442165,-6119.752771185341,-18062.13584864963,-12619.563729366893,-4041.886055886083
8340.354536238323,88225.12650519895,114291.4833192292,107564.49939420816,34116.3316715444,-73605.18381534045,-113924.43392142076,-41971.512846530626,55731.30929092317,82929.78866053057,46473.8592199082,4699.097630666505,-12890.166643516153,-11211.43468406551,-3995.615532681166
33723.328606035124,103775.2280526834,131155.2655147761,123015.43100499494,49693.89202900629,-58961.85281180503,-112618.44433971148,-61706.27195089817,30799.30186573356,73450.7294561499,53107.13123177906,15381.904508667822,-6049.144180327813,-8740.694224538662,-3659.563332001958
40346.339868503965,107967.12746363235,121588.84384703825,108338.39175763275,48073.84266383688,-39852.69511599034,-92948.91317211273,-67135.20777588747,5107.533651898726,53488.38404415704,50967.456636568124,23300.63072074827,1465.157015032995,-5291.493047462494,-3006.979846174117
30777.27581642343,76185.3028910493,80535.60397692744,70697.41526899143,34916.72051701986,-19894.626448688283,-61190.85370342285,-56864.58593766705,-13433.384228996372,28427.83062993656,39461.6313845131,25495.127650406677,7764.244554330376,-1306.6535861390157,-2020.149318165188
14803.663975899964,28739.328731486294,33160.94627204341,31955.711653393057,19397.141059815327,-4810.322508300169,-29210.787316766502,-35986.02118348924,-18990.282575851357,7181.824326538214,22307.5001275901,20445.545757821546,10264.35938770421,1933.1324406779545,-914.2744063725237
3829.79981555283,767.7091561228353,5502.742424609792,8698.252857183672,8128.889275624767,2069.0363367236714,-7765.787038551874,-14963.758832732174,-13120.621461684268,-3025.424949879185,7336.096271812799,11016.91532571677,8033.662795677354,3000.8165636706017,-147.68433596987768
1993.9243493450426,-4438.656961413303,-1444.4330840389332,1290.840345877382,3089.4700041796527,3225.76724888317,1275.5464963376528,-1858.2817685810699,-3857.766565190318,-2895.9038540913402,303.298254049873,3076.6125926858304,3506.8424750406666,1910.2912109450053,0.8178532044279336
5368.24202658599,-2385.452191174893,-190.79407498332736,1569.5322494710936,2610.5423337595885,3144.1630781948174,3352.48982243755,3158.545040125637,2409.4286531352172,1281.683860505714,348.1131668162088,52.15725067921147,201.0466299026764,185.5777189849918,-276.60807002522614
9254.422018195579,-1809.4199069888805,956.3258627817111,3081.501334695172,3920.00313698778,3882.1361090171613,3824.5611248263285,4297.738078133264,4943.266874826149,4737.091439267546,3157.2112659322233,978.2316801583289,-478.59641542772465,-766.6386767273423,-572.7083906392832
12239.791996982021,-3325.713204738212,25.423091149507542,3290.3791937423202,4973.134020818278,5095.165333240212,4651.829870869141,4778.938280498491,5752.793277753567,6550.621011182222,5780.98447911497,3318.4568721898595,657.106186483556,-667.1798646786247,-652.933783513102
15049.314519388026,-5263.229389452183,-2350.4086760827518,1850.8611367035326,4838.672051630456,5881.788700073516,5689.758795294131,5586.464633383138,6399.08342829433,7590.407505646499,7608.667941966881,5538.6879492965845,2351.0475153757793,35.539709432709,-529.3621742868745
18753.03944904652,-6340.207481604142,-5066.802827703818,-742.4255812948786,3409.000186943436,5763.819560675147,6463.0452323192185,6674.391568503198,7455.086475590543,8703.321775691827,9078.310844457286,7335.749773588053,3926.993087205795,871.0251062043117,-313.292910972248
23964.979573137964,-6556.9519949480455,-7581.320734258116,-3958.2503670532615,950.4701398007586,4749.378165435877,6853.240304832503,7995.562041494705,9138.715840388166,10391.702899562119,10713.646699679131,8916.19671617198,5227.932786421495,1596.1243002064184,-97.8324189577374
30151.753999685665,-7007.011890611987,-10281.743497156527,-7695.550580202183,-2238.7656606245973,3183.2595023522385,7208.931211340001,9902.19564062829,11830.556948816053,13079.965468370996,12915.561884018558,10514.67356677484,6258.794722860049,2104.1578383743154,59.6187968103555
34541.20690326319,-9037.869000541685,-14034.927223491713,-12108.550563500721,-5727.029677759192,1862.8748124059614,8489.103146652724,13337.926646092073,16326.28223123021,17351.659501905964,16042.259139933965,12266.729255195365,6973.788889674938,2285.9594535757333,105.89745645763203
32312.538498984377,-13103.812541679064,-19001.32573556736,-16610.078564099596,-8168.318949024937,2624.0889465923274,12658.028389149871,20062.402563687436,23955.634411252788,24033.39978917748,20475.491599574078,14227.202441192945,7235.244313068575,1968.3231875558492,-37.68962524767795
23529.133588194723,-17213.75557435697,-22879.868855642762,-18221.453145865722,-5989.244561444426,9222.476393529412,23143.244179500867,32771.71874035037,36508.41176314691,34082.13493744122,26574.009030062352,16406.94517189463,6882.575939867787,954.4017207845651,-473.83338831007757
33031.33446127102,-16237.058452342702,-19763.390681451143,-10422.524742316058,7375.013388411011,27547.713964707604,44562.1861369798,54537.801240397544,55624.64667169319,48117.99792306505,34444.19193356716,18771.06916323052,5867.494675042623,-833.6420826092175,-1273.9545890552392
132292.14345465053,-6049.5498608810785,-2815.802948794946,14628.31572279695,39156.687695278,63093.52538244262,80192.07007950274,86584.38904030844,81111.64788536399,65362.03323366191,43430.22492048518,21131.420309992547,4382.456332797995,-3156.3613276014603,-2368.353818088347
409243.85363346897,6723.896007670769,27307.885371921395,57873.894291987424,89247.89114115608,113670.22674800576,125944.52258927419,123831.63918373022,108042.41286258018,82005.73169193919,51350.72109497954,22881.23017974192,2852.7324220243463,-5341.888783307929,-3441.400407355679
826872.2890631127,4678.943975910252,55741.310260964165,103016.01914256363,139257.31207969133,159953.22218594386,163396.3345561473,150480.3387171769,124379.96068510361,90136.10408303373,54050.655283420405,22737.261980696294,1711.732627468616,-6434.623557833848,-3954.247044126885
1078493.0355086846,-14055.011917916278,61941.46875518527,117770.6681228788,152267.81991988592,166181.46680953683,161840.23823118708,142843.03613264783,113767.362879167,79849.93898196946,46565.90034600537,19023.45860530287,1107.0242395734213,-5648.830089134649,-3383.780789364979
766842.9784298169,-19744.78830977561,38679.37415511938,77195.50656244693,98250.86040921228,104634.4654996424,99383.48478914809,85701.75134757847,66874.2589524657,46156.800574314104,26615.909745196084,10891.227054531082,851.1261922390046,-2886.0817197737306,-1587.496138006536
-78641.68159369862,3539.5210519013026,-2781.4737371417573,-6852.619265120515,-9028.7420379817,-9664.491249232395,-9113.235918572318,-7724.762167644267,-5840.885284781841,-3787.7469567705057,-1863.1666120823863,-316.9576568060651,678.3948695222244,1069.868131124442,982.6431300285366
-864670.8187863271,22575.415568544693,-42919.98358903894,-86645.634616307,-110921.62425241835,-118607.10897409476,-112961.97034113394,-97529.89921718268,-76022.73867041654,-52179.22126521679,-29565.93744643196,-11285.23441732927,445.02181380277176,4869.630590540115,3449.7146949090916
-1065112.5105321237,11483.39785771914,-62275.239652505785,-118037.08570871002,-153539.59523757792,-168703.0764152281,-165299.65798270577,-146622.7322009851,-117167.62285559611,-82280.33313959342,-47693.26663887619,-18853.166576993,33.2128117362397,7246.195718809255,4989.789703355837
-754353.7514498881,-6172.721033378114,-51551.36405170432,-96069.28074360226,-131771.60132642178,-153348.49489272223,-158363.71625798522,-147128.12784722968,-122413.72082367814,-89052.61940876214,-53327.30589486597,-21985.707642061236,-753.6897242365782,7599.611052818018,5265.4927970454255
-347099.0009620034,-4735.083000449473,-21354.594693841318,-49312.68086548696,-79583.99324995802,-104211.61446390572,-117636.89009776601,-117208.18357439582,-103242.85865110719,-78846.14536253078,-49434.80629477922,-21732.188138653473,-2028.2521340616313,6183.601621692559,4509.492670020644
-103822.64117020374,8645.480049533076,7137.045259366751,-8607.926076389893,-31944.335642469163,-55406.899144482726,-72769.272685605,-80053.6518467501,-75897.50897087292,-61626.61924741646,-41062.97996124727,-19796.072011452452,-3613.100759691222,3828.4121842991226,3264.832321297984
-26769.692960107022,17243.905479460882,21374.351474291783,13055.319011366963,-3668.2366570980125,-22989.510278624395,-39564.211048276935,-49610.668116782675,-51269.835814296304,-44708.68593462613,-32123.68913182958,-17408.620290253926,-5104.61164196223,1439.0623363349512,2038.5737178873596
-24076.84551034076,16895.228603338663,22719.999363663133,18618.75841582608,7192.020179723769,-7148.784142176459,-20334.577356272115,-29547.372205338062,-33301.368034172214,-31319.88852633296,-24537.579206188006,-15125.551991948203,-6132.084444583395,-389.74769355517014,1106.1887384564855
-32527.67444385554,12489.064093049696,18312.49809055812,16121.062673898423,8166.827253626228,-1935.4361510296558,-11240.085766686976,-18069.387849408988,-21705.312904803443,-21912.2176028004,-18795.884863825933,-13099.392089157993,-6540.375723757307,-1469.9549771918328,515.1197599548918
-33386.01517067451,8704.726500671635,13465.770826853539,11491.492972587983,5351.127265667584,-1746.9364026345556,-7765.236044208277,-12065.921768125017,-14730.976756772476,-15749.645774220045,-14713.696502422546,-11335.324884339037,-6383.25432304464,-1893.8283018878922,191.12182563826678
-28431.305550188783,7004.164621975353,9927.251914771692,7172.645904161892,1841.1271720702496,-3210.329926278785,-6748.007305240927,-8989.035462460119,-10642.175334242333,-11869.977921871325,-11903.04481439229,-9794.150995436257,-5804.309898429485,-1849.4193759416848,38.66619323728225
-22339.53917643588,6681.271024787147,7300.184727364204,3516.1476165067807,-1261.8711596699982,-4730.669517416194,-6434.446084070275,-7235.516270238236,-8201.798754783524,-9479.876496112514,-9972.917928927858,-8393.751668494062,-4916.783690991702,-1495.122896783911,-12.418024627625492
-17434.010204731545,6357.479518348215,4731.3899753585765,361.0399877980555,-3586.5799924932003,-5617.562001639762,-5992.329008815565,-5978.281989055826,-6695.003279692092,-8027.231463284328,-8554.715948234358,-6972.603880587472,-3748.3681906752045,-932.9733276088361,-10.376907719209186
-13983.105544852506,5067.5611284682345,1977.7605733920302,-2109.818944874327,-4830.242764582653,-5579.5793397161315,-5156.55858517192,-4946.834481746387,-5789.531827878055,-7089.447344387437,-7223.353525008729,-5281.8489624786225,-2302.4943004583906,-282.44965755558144,-13.177630712804842
-11258.408740933532,3037.3328120437795,-270.954005798465,-3318.3257954360697,-4751.659860212236,-4673.335708787239,-4116.177541097223,-4225.556414518287,-5248.458785516368,-6114.481375292125,-5435.60389726655,-3155.572606776116,-800.5577755343938,176.82595128969461,-116.16303717660418
-8172.771685785,1730.7748928490905,-875.4984403384424,-2827.0791852248058,-3553.0842972650726,-3458.990131866345,-3358.8551065000343,-3771.7051008101944,-4360.954590365982,-4191.186024057361,-2836.2978596191765,-1060.064123054401,-34.569572931745796,-51.62130977663065,-420.3981719514742
-4212.383508338639,2757.23854742407,592.9484481240913,-1215.9926819417574,-2334.5680371850844,-2840.605184863064,-2815.091202333291,-2275.3364062729297,-1379.2822794420285,-576.078994930782,-358.18755139347275,-770.8189375033285,-1295.6340653850243,-1346.8458829622857,-899.9671664344604
-1352.6978593082094,4587.23977669128,1322.8501622905542,-1625.373087954483,-3353.922256985086,-2903.995132546732,26.594395358691884,3863.364614853108,5540.980144161416,3257.226413915127,-1360.5439074744581,-4800.750086821269,-5131.484403483712,-3234.2719605454768,-1272.055067533187
-4635.341632647787,-3451.2819664854014,-8353.82783035652,-11260.792416348053,-9441.254393348374,-1120.4960475992882,10919.863561748272,18554.207187184795,14793.366397920481,1936.2475217122746,-9972.112283252363,-13490.546102187647,-9671.046508127121,-4169.813570898892,-1130.7266711178074
-17057.000174743178,-36032.44427192806,-40240.33190717992,-37732.97141645576,-21840.638772264985,7019.440928532159,34530.81879636551,40295.96081402444,19180.792605195576,-10398.087681965022,-25963.603693694437,-22682.27549564685,-11302.255452791173,-2787.7607787608986,-356.41673264724403
-32838.89371917324,-83628.80174856025,-88851.22143398669,-77921.04613698497,-37688.080954539444,23143.99954258177,67262.17058597929,59971.59697878886,11250.111601158633,-32987.019767539525,-42712.490123236756,-26650.8046121862,-8102.668311065672,613.982028491587,710.2298604565215
-40190.47638000308,-109213.7638540468,-125516.08554218247,-112929.45731641381,-49562.90270757831,43194.86874856435,97529.37554361709,67613.20585919495,-9101.100947541854,-57774.601000951385,-52780.950634755616,-23355.68585411425,-1483.8171811604025,4522.6854950715815,1632.9996105236037
-30316.206125073677,-100570.62756745545,-129330.85647486613,-122305.45952076172,-48384.774699983405,61690.65014555529,114192.49322298003,59354.629875972045,-35307.6220093314,-76260.40532528378,-53333.45332379197,-14792.725046608835,5982.549374910406,7802.42672647307,2251.1852901261746
-2077.867307177736,-86371.69787369412,-110174.9740421549,-102513.6412003732,-29955.171912164238,75339.28134643212,112154.75836628149,37534.80454126672,-59511.27824007462,-83775.83168170438,-45458.78472260136,-3923.778603909731,12591.904641061954,10115.612442300362,2597.2246073375777
37004.65397366495,-84647.26552328352,-87777.87131653556,-66584.54149363046,-44.59531953499649,81576.32659470204,92778.74322181009,8755.933779529061,-75369.24713694854,-79524.4224602033,-32087.84654732892,6699.986457313858,17444.03159840766,11391.08120853571,2686.693639151439
74126.13826819541,-84424.96698526986,-68136.24984921624,-29523.248043040898,29412.318816381834,78240.94306213132,62640.43415798049,-18532.867857806308,-79767.66796741437,-66152.11505194395,-16963.12517970032,15155.50659192477,20124.760997786267,11620.054744787003,2511.7820963808326
98790.23117692978,-74684.88800723241,-48344.78456573682,675.1948651312701,48974.50273841583,65590.08648271102,30428.51986702088,-37788.793766917624,-73717.48920611032,-48331.068877046666,-3350.6115378351287,20527.409847752897,20725.666623393867,10932.812977944002,2109.949891342704
107634.22749162446,-57173.386713875494,-27875.26859897939,21823.600193620925,55836.39161916753,46845.8507165776,3234.360484041783,-46712.476547142076,-61040.80415254389,-30518.76495616535,6941.622757122489,22916.871820544,19710.912100009904,9579.062974921415,1568.0727619404256
103580.1285749177,-37999.314826622656,-9346.503362841459,34253.82006660825,52251.04954316422,26530.919379244555,-15387.023875718893,-46771.77285150063,-46054.905603896645,-15511.876912656495,13589.90135115878,23028.28353366492,17674.624106822073,7851.8000618101205,991.8183375569537
92063.06239292103,-21281.226224829083,4947.325194716773,39392.94531168358,42273.469460514214,8455.643020161846,-25173.015218692766,-41217.75975079644,-31939.686041443725,-4286.574737837209,17184.188751223122,21706.64221743893,15151.920974109842,6024.55042001359,476.9793202949561
77984.31651747697,-8637.542991602406,14462.182494405663,39192.6518743194,29571.740985881985,-5191.532573499508,-27840.127869991753,-33314.65832304803,-20302.552970269913,3399.7920511706207,18612.116083798635,19655.006084023193,12533.177842960113,4308.632324631489,86.8376910533525
64537.78651795898,-131.54968769074387,20050.3634607505,35548.84290940451,16646.82584329925,-13720.474505279859,-25839.787108266803,-25435.13935348945,-11478.596291787628,8336.666565046542,18703.870381781326,17367.92980637791,10070.152106108932,2834.7980256688393,-160.16767112502322
53224.04592823607,5132.580441837627,23139.536846483268,29743.944958593765,4942.84984156718,-17414.907493975155,-21556.263976235405,-18835.27418687281,-5042.722561381626,11407.61188250413,18111.172094731126,15167.801035186794,7905.323405700063,1645.4780437361944,-290.14119334768964
44415.44229645664,8767.85136551166,24881.639779866302,22238.09513673846,-4617.66419364088,-17105.604361613474,-16909.658133504963,-13825.155990683741,-276.8895991073804,13373.729473002453,17310.291791873795,13248.857706020653,6073.03977826119,682.0764287876543,-364.3903515033159
37976.3608843139,12681.659533672564,25377.669307525524,13035.405924045157,-11161.663213120613,-14033.03883279447,-13211.47430979953,-10096.110937413123,3549.1290385338452,14853.292724425855,16659.538038002174,11690.730100280223,4461.537117438532,-228.65882967968682,-463.29517197180724
33651.658101073415,17865.804441489283,23286.445740381016,2575.8526557319656,-13815.413471045635,-9888.70876997442,-11174.319555030263,-7014.367930996716,7127.63966370376,16408.65961137331,16433.803121068682,10397.24467180739,2737.8347143479905,-1364.917249019359,-659.10535338508
31226.843076605805,22393.643293763296,16664.605973496546,-7035.501061723367,-12286.835642487054,-7027.724253473651,-10986.59731862791,-3700.749526208674,11222.849062477704,18597.26555274204,16720.164875223352,8902.567384762171,276.32135937080494,-3018.685366144285,-965.5239666130147
30464.049580546318,21297.476484731706,6757.416769722121,-11484.977104780597,-8734.589326300294,-8578.199942880925,-12018.239742957856,1101.607827599521,16673.83894479215,21765.43766013216,17038.49486266615,6098.553432519177,-3701.000051121153,-5208.652073475668,-1254.7518379613443
30756.727935063416,15773.572718202528,2787.1677031350173,-8547.388461726938,-10054.499182437148,-16692.59979455686,-12081.933280225345,8771.53319316476,23882.298259495252,25408.560390172563,15813.481481652278,394.55048299986214,-9353.077944320792,-7197.659382949178,-1206.6048349153743
30822.4178513034,23149.377577316343,13049.411322472994,-6958.393134597277,-24055.412817344342,-28539.555865487528,-7907.724169217816,19576.983614661785,31869.641281218177,27539.27432493177,10627.090217513198,-8852.2796264249,-15011.789822484798,-7444.942931239151,-483.2154876578695
29257.87377276715,50280.5031517835,23840.194874765777,-21158.084560606498,-47940.8058854182,-36101.54418080185,1890.736880564904,31445.251916623063,38001.79337596286,25287.108452446053,171.42362291111112,-19386.80021851096,-17380.981312165623,-4806.3281940244115,873.1010972085993
25865.637150238657,65921.93421623959,13521.075774223886,-48075.49090104872,-67059.96535943226,-33981.79641993558,14326.420085274736,40550.50798557021,39218.13372780309,16944.205350687032,-13579.000530346138,-26448.28728706398,-14133.304689446933,27.471576948268876,2314.5266836179917
22121.55280147025,52213.21089027123,-9309.872291768907,-67631.73346045183,-71593.06310223372,-25122.645362170795,24116.624080627716,43687.884672121094,34014.82180750749,3847.9976963502013,-25534.866906235013,-26051.391724314133,-6301.168990513781,4733.1766959390825,3154.6836225230563
19730.768915083096,33864.87985620354,-23073.360811112365,-71005.2108316275,-64838.96923431941,-15330.932545740696,28641.957179569163,40750.16203117822,24117.53479090885,-9396.736163370964,-30576.327438132692,-18549.635616489133,1965.1312986948242,6982.832292495963,3023.1344441691454
18480.28535407651,23906.58216920163,-26892.60206932087,-65042.19038668136,-53582.14765224129,-6803.313823957705,29511.164611614357,34913.49844671269,13808.690468065575,-18160.502174960086,-28209.700682084705,-8959.674237647247,6750.129056145083,6374.111482510269,2175.198165604934
17228.062256055,17008.405660706896,-26838.657052687355,-56615.787286775594,-42358.83463772563,-64.97958405368013,28860.355944419473,29090.1820204446,5683.7190284182425,-22229.47894244471,-22551.422207823714,-1532.0092887956407,8082.170354946756,4681.41646831068,1316.4014502119705
16651.14421816095,13496.13850036965,-24625.75404037009,-49226.48756992842,-34084.46469197905,3736.1701268598817,26671.97992529434,23292.024662024207,-978.9859015628336,-23713.37317598691,-16083.018833389557,3898.3246855250813,8097.225625656473,3348.705689874882,851.700452789522
16708.47288326617,10442.325555281981,-23347.515909076446,-43876.27395464303,-28363.225731521325,5067.950865207501,23013.84331907556,17253.00851418728,-6324.897161092511,-22531.715015781592,-8736.610550696148,7736.005301517984,7058.754921262666,2099.4560499137956,594.3215785911401
14967.924226914358,4160.704683588579,-23797.916190875007,-39006.40615862822,-22912.922248704497,5999.61874314521,19498.872236849653,12288.02112976535,-9231.47267151255,-18721.780458178015,-2117.5120804798435,8829.326362732605,4700.82870101594,632.5925255066106,312.88643864491445
11663.899713381505,-929.9261217541165,-23262.199514633958,-33867.6439732328,-17553.238523515378,7129.269603262549,16906.218072079682,8801.83156594077,-10305.17831380078,-14338.86600400025,2130.356601686631,7837.877406325755,2312.4244843391643,-468.9684219157368,74.56540126055125
9483.707435959306,-2005.4570994684611,-21316.35717416613,-29359.549406331964,-13470.004152727148,7525.553541898895,14444.91360569519,5850.383847692936,-10770.707376138702,-10288.40758140126,4886.690438777489,6585.389001322338,847.4052576630884,-883.7658928093077,-11.362675729496402
7629.777658977869,-2966.5443443818767,-19798.941060363446,-25583.09628664263,-10430.992261684458,7198.986674553191,12041.619710324903,3490.2610369118097,-10396.165055453655,-6014.787875470461,6935.334395170722,5149.86349287576,-312.24350202853964,-1036.721067840515,-4.690162914524166
3380.2370852908703,-5995.549274641556,-18928.517149802814,-21693.083086347207,-7273.935045737023,7334.128589175148,10752.31788851463,2352.504470912753,-9079.242187077538,-1890.5012432687017,7548.282488136487,2817.5483717655643,-1786.7812851245217,-1320.9035626612088,-18.6633311795834
-2216.030067422366,-8237.815472593134,-17416.566103987523,-17470.495416315072,-3719.217906664839,8482.857070459455,10722.202470595439,1709.9650483285038,-7675.580653364038,1225.4479858425502,6489.476658785883,87.6204349120942,-3168.6186494882136,-1620.8889651025427,-70.23369764124858
-5762.272901595446,-7448.009597681105,-14772.635158541447,-13348.288462074257,-365.83498175917276,9906.227883448622,10661.432341421825,392.07829257448896,-6370.959568949781,3406.351273388016,4772.834432897303,-1936.1439040743494,-3822.901884142556,-1621.1962321536737,-88.25497911784238
-6831.54866660283,-5121.7890019777615,-11611.936806351348,-9466.834623110464,2395.399065601142,10756.915311263681,9693.004451880674,-1361.2151457846537,-4448.9050416076625,5236.9692159588885,3269.743900369554,-3051.1454189375813,-3757.4248045668983,-1202.310991681786,-2.1048001496744746
-8094.9800131157,-3398.2536327347148,-8233.450488257335,-5266.923691956151,5042.139790339636,11239.223980234756,8164.96589559253,-2698.3679939602002,-1434.5353226424368,6912.448240816761,1736.101516078978,-4007.620536342491,-3457.9384079877354,-469.4910135626244,200.9754477000069
-10838.956138908548,-3139.812434721971,-5029.817172349859,-765.9774133167055,7760.863075865463,11307.190973213897,5861.028886957888,-3215.4138954530495,2882.7760004656193,7834.529291040764,-617.022840809265,-5379.761913106909,-3195.5158372453534,440.20946412065064,466.18742142288335
-12795.800299949335,-5761.855098772091,-4685.495865866084,997.6215962885885,8020.627396964509,8952.594710322848,2313.4744643814997,-1674.7093792617954,7917.355169781908,6853.400182461782,-3750.939261460459,-6714.651514778594,-2687.381609223358,1417.0127218454788,667.2348666726641
-11311.35000942839,-6643.9971083548,-5903.5570437462,-1089.8210581633975,4474.751516775572,4432.169808933394,102.78056994388442,2709.744692147898,11126.939496612988,3836.296813844481,-6301.838350812735,-6948.11907976318,-1579.9900427640569,2166.854443061933,628.8345011036773
-7823.801562889952,907.2317982164852,-1216.0393504839756,-264.3848147421979,2671.6458330423957,2825.7173301639536,1944.1157159950424,7231.042649120512,10580.737111391387,318.3902111673738,-7281.640549277738,-5964.075970631684,-295.96379948732255,2274.1713191373383,315.8971431187215
-5671.5137074544355,6552.412498847719,8058.97526936575,7828.807873186297,7321.082665461361,6725.1656060409,6992.266755020589,10159.714818770492,7567.179969126641,-3283.339132759661,-8191.611827466192,-5324.614389508533,507.7227579814156,2126.9060349246565,68.28663596816057
-2124.476926199422,-2873.7897139989755,15137.22086002881,22258.493145260516,18845.497183539046,16092.360908967954,15621.079613694536,13522.161471342248,3096.4097482658144,-8885.283011142652,-11393.855626977183,-5870.23943712105,1898.1151254287663,3030.563371369087,254.2004559021815
7490.168275659015,-27344.37549588589,9941.741648585734,34020.79187784887,32482.158463164367,27921.79381045322,25503.502087001165,15943.446039175167,-3300.7699791314008,-16183.36730305566,-15622.142793188465,-5283.184338774311,5445.032852485571,4781.887076082978,541.1801388112275
14800.369149797913,-32853.88689424646,-2580.947014833811,29081.958682000553,34232.940772575406,31463.814201556837,28184.339532722235,13768.659233972618,-9316.847219131012,-20509.90339738315,-16442.681225934524,-1716.4743120677663,8877.49300820346,4883.081150311978,241.35823813932097
7354.058340993089,-9840.1032406119,1487.0473950022026,19533.677208430316,25166.65385101934,25192.674301771003,22626.997875379326,8294.109999977745,-11655.60574279087,-18911.78272461496,-12861.556252279512,1600.206885321129,8022.695768570791,2484.415012164145,-523.8043179856849
-6179.237726720555,-4561.299619266363,10340.513646237037,20378.646045062353,21235.75469291789,20125.310546104833,16041.566128591701,2857.4228796920884,-11213.878540569203,-14583.096548088979,-9131.08899229929,1010.1868151161547,3963.59723214657,220.70702474974064,-926.2296185442582
-5979.643243885797,-19026.027107190923,5563.910524533703,22625.65591175009,23187.785611561656,19694.593606903643,12553.222911076313,-760.1610221363959,-10869.412603781811,-12047.278191689458,-7889.983888226957,-864.4540659740833,1815.1777844387275,88.96329791428423,-671.0879756631874
6326.753182490341,-24429.389761559036,-989.3137631623468,20488.428613036038,23298.93048743115,19968.33310457404,12168.212437819957,-1724.4865095556368,-11044.496161211588,-11361.341423307373,-6509.940067919148,500.93975609706536,2573.6677286726617,736.2110581081212,-290.01658346791663
11378.02527491721,-16771.07747567036,-736.4811710881241,16609.806373941134,19937.796378836767,18650.39303875865,12679.386882944245,-1228.755775461495,-10758.734898929613,-10049.32619321334,-2830.6831354349797,3672.0073869169205,2656.1369661826993,340.898223481674,-233.83296065614073
3928.6748046270222,-4529.378887122664,4570.554302911646,13607.26922701672,15645.018843570231,15994.950631297192,11255.307731364004,-2108.875392725865,-10407.932811622284,-8036.725387549639,407.1355172261992,4015.599039792156,728.876328561289,-604.11805118223,-342.98922919196957
-1066.2477608415763,-1648.3768750199727,11082.59468188013,15228.436446509151,14774.133549708054,14245.412456725116,7404.055380610973,-5740.225309010461,-11264.439878077485,-7512.558710191793,-174.90265263144394,1384.2931914396531,-516.2724682132055,-568.1895990960444,-247.1130923787984
7446.781737020972,-13924.07658233016,11076.772707734854,19642.76601690846,18059.45465835141,14514.16398558451,2935.8251782729867,-10483.588290393942,-13163.584500726494,-9078.517496903656,-3346.9444349377427,-73.15556539220603,928.9720196623207,697.207775912496,135.3401065540591
21577.50203398778,-25088.260482770413,3681.6440596860134,19975.600253356035,20544.17251649181,14955.212144056888,-114.33897164381685,-13235.762893082605,-14138.387087890878,-10542.679006292326,-4987.298479062864,1644.751330563386,3487.4109324431934,2023.4321456760267,565.9819011439639
27055.592132984897,-21049.53375646509,-2129.088543670238,15342.417092276068,18804.674755638818,13732.981178553018,-1054.8253230521925,-12496.138563289604,-12700.851962335955,-9698.139156618143,-3515.4719343781667,3894.019239533418,4435.664282361201,2372.5201085072576,776.3700207875751
21387.70519779713,-9386.449673388495,-1403.2684172064844,10530.283354150995,14426.892992721429,10886.667225262667,-1069.8649227714595,-9773.23158690197,-9546.911802109702,-6787.754584743102,-1439.556997736426,3544.9487376558823,3301.7552592485986,1817.2155521956474,692.8856219829051
14246.638073873337,-2191.373598412784,2037.762780144624,7957.612485856469,10591.264263449517,7734.321910372103,-1682.2556856364804,-7547.9959294709215,-6415.775416283852,-4038.1456543074714,-1812.6972053272075,1072.0592486810187,1835.2834376216397,1082.217966711742,418.0526430670229
15107.758084412155,-2373.250941921345,3356.0844873871433,8352.342801821518,10269.5841916824,6486.4136311985085,-2596.8552569390095,-6550.605923245004,-4507.462039967267,-3859.7424066468484,-4392.252699359176,-322.9466161852053,1714.0260605596889,731.050507279951,128.84513960321817
24558.14675969002,-10122.031171734843,4119.203039580494,13409.31359197583,13905.599456068703,7778.391867607023,-2968.804564056247,-6540.742766377272,-5107.175459872409,-6901.386016801065,-5344.978796350909,1665.673326693132,3152.475599609242,992.3198848386452,40.63706585584066
36777.52478815321,-17124.050331737075,8087.2013032015475,17942.985570309123,15818.674224647557,7623.605330949601,-5117.577041486904,-9379.892456170686,-9841.33627233742,-10219.069855773861,-914.4114428058917,6307.057290964779,5353.79156760878,1990.9972544080301,310.0634499008721
47257.60625622218,-14122.348681967644,5427.864122851363,14667.367082750929,13877.169939221323,3592.3254498250367,-12114.899269266887,-17141.62612179559,-17384.813923717953,-9024.264963589454,7976.245308326853,11028.80644182368,7696.32244102473,3583.2173527240325,770.8003890713607
52837.50774339666,-20015.09108542536,-5155.1784937937955,15203.8510890743,17509.264974970323,1020.6333312721212,-21103.833659460848,-26562.027312016304,-22944.342600915254,-3403.2875910851844,15829.899741763498,14127.402485813604,9803.725560641062,4634.296594066471,844.3312093908933
46057.865357642884,-35379.06726961251,-2841.4956251859235,27171.911140012326,26915.95597957223,794.5254751518966,-28051.63667963538,-32651.05843716349,-25266.411694543767,-80.76782939365143,18233.883208893363,15404.945852474066,10361.845143766364,3286.3599870715498,114.8660691559129
23136.01534927645,-42276.82350761509,10007.820528281442,39746.98564568409,33181.34994162526,-3066.1815039372955,-34725.48128145668,-36382.15868190546,-28442.090704653576,-3214.9378098025336,16204.642214821306,15052.727685809845,7756.95709063667,-664.2566082462871,-972.0316084432122
-2317.5747861321615,-33088.10780979213,30406.88135848052,52743.046262097945,40156.53404569609,-4907.940135982623,-39662.429489621936,-39836.292781627475,-32952.98053375031,-7424.847808786406,14609.49300921094,13902.425740665152,3034.0538062988417,-4665.009871866887,-1577.6001257873422
-12192.836306070038,-363.42746008027876,45111.822979317854,52231.45347074966,42822.81250005806,2264.5946152639117,-35484.33029091513,-39291.50315856233,-32722.73876726503,-4612.102727231434,16825.924012360658,13657.673462720302,-385.16669924440384,-6409.504910470108,-1545.1169694750906
-5695.718811590676,7125.923331441692,23387.000062542123,27081.044971307583,28341.59088479316,6293.884991012803,-25068.9441779334,-32878.910547109714,-24789.837296909966,5375.042643022499,21333.688434379925,14901.54247616124,-880.9406230878081,-6167.573259351161,-1296.3560250644437
6132.490346974692,-21821.80967801783,-1786.662076640236,12941.068713028782,13543.156164495815,-690.4872805530428,-20282.484887152656,-26157.400731645772,-13816.139182342764,15669.32624907765,24157.092646709974,16189.971427343307,185.0743981671708,-5184.1616550359695,-1047.988417466559
13408.570632978106,-35841.79694272306,8419.415425092511,27860.905587223435,17872.5885657606,-6925.72884420128,-22469.178222829058,-22819.494031317845,-4971.229715868584,20921.69223884391,23375.411827301585,15986.158149072977,1004.9074451989466,-4137.38815116955,-782.9268665294428
9091.585858119093,-18496.339492714265,32138.24496757035,44099.049768695935,29886.56700534864,-5374.1238766250235,-24295.005294244867,-20921.707944906568,100.8725957818955,20706.174741075505,20026.268561762845,14026.182162884563,656.9034177862627,-3439.7309807422866,-586.6185896680132
-5843.169382057671,4770.990722622741,39516.10737515941,43285.47846263871,33208.53661052075,-2370.4840715909872,-23460.261805133152,-19157.677124912912,1434.930922147814,17352.087325513738,16010.11421572656,10648.203844614674,-1052.5132388492018,-3204.2894326328874,-533.1766484152984
-19348.75643162737,14674.877355460305,32784.84629826847,33791.73094611019,28481.577070505988,-2597.264276183094,-22208.850802340225,-18302.370089571286,281.7091276683677,13757.245345408457,12654.435136230371,6445.887455230469,-3289.2377480586874,-2953.6191319366794,-507.4779593924237
-21649.66435773956,12850.442312066618,22045.64999717575,23772.018761782238,21538.90635245475,-4532.925161543212,-21476.84754859474,-18415.10163177633,-822.8342520559521,12273.4246544823,10859.816584777027,2693.5653167807704,-4796.155426748392,-2398.4491154429343,-434.3679260643927
-14673.033598984543,-490.8961028331438,9155.199336957294,14444.94818227517,13081.56094150972,-7867.098079195542,-21412.41773148106,-18743.257054950514,79.3622006489168,13574.804949015255,10987.469978110605,412.0396748792965,-5378.865110416501,-1862.0955799609987,-404.4038623555397
-5749.499177583979,-20156.87746148757,2343.913094300702,11915.46193623323,5227.573123814444,-13911.922598083816,-22827.014229676683,-18793.842263368195,3005.5207009920973,16323.490029600645,12251.535736857215,-646.4645619393242,-5530.34221532951,-1580.711870836844,-463.26645614716506
-2555.128378111131,-29376.81692021253,11024.109934232589,20864.734503515367,3753.8089834754664,-20039.752361836043,-25202.94045691543,-17999.263248525363,6740.54578377452,18484.371307459445,13332.313691909463,-1056.5914837074881,-5503.596804945224,-1587.9360642995644,-575.2058177534964
-10282.544611896368,-17793.971542082094,28184.223568292622,33484.41629718149,9503.170723855625,-21874.90581089696,-26255.81639311932,-15685.278740759884,9942.742912730339,18955.481056717115,13726.354999921363,-1170.3258783890722,-5762.830625591268,-2079.3587642357256,-763.4645221398265
-25219.075259432208,3798.481317857534,37149.900324163595,38229.42854025191,15588.652861916717,-19456.910155421716,-24156.4361028065,-11643.844597823254,11915.74175420577,18075.38257212453,13596.935218672696,-1847.4297688828945,-6680.806784839722,-3006.030908733805,-1040.4927928404813
-36430.20951332377,15880.778554106957,32254.89326282639,32357.42194803575,15013.371202501468,-15240.268947336921,-18646.786453107496,-6304.19001343205,12881.676760534714,16697.632606503925,12514.114549524247,-3583.2150247750833,-7462.838890085845,-3731.553639223362,-1266.9861613877788
-37847.01409904784,11947.253045484269,19971.7839511909,20592.901420552906,9298.085188924577,-9999.640405655528,-11919.875337344116,-1240.3990697873592,13082.6783671498,15012.18949663745,10006.171491733181,-5261.1647323949155,-7118.320932824932,-3744.1422408282706,-1288.0617092359219
-33213.78572747064,1228.0485865363175,8539.490166098249,10448.411389296167,5467.444949553657,-5392.1644352950425,-7564.0717067108435,1717.770544681135,12713.178950708634,13273.89174186937,6839.75344348571,-6108.5989026893785,-6094.263603954529,-3336.95574636259,-1176.146806218781
-29283.34693881979,-4290.812184138294,3917.3105903751743,7613.919250789051,6190.3344863082475,-4182.019526195387,-7695.732619928279,2052.950663284522,12759.45634412113,12460.341180516423,3590.2305204750146,-7150.475374905691,-5568.695069888689,-3212.65370369989,-1131.1418087351367
-28684.874123285885,796.9483011703418,11458.79988343674,15217.553083015131,8942.849257515698,-8915.876042196438,-12938.799201694233,505.7757179036534,14414.276422734345,13263.542228091137,481.36597298253685,-9011.271916398317,-6141.785762082692,-3564.7757413761406,-1066.2923259066342
-26141.418629413023,11930.301675359799,32409.88960281031,32348.801487315275,11011.033075022318,-18576.259696661076,-20910.33316671287,788.9018348259294,19983.928633151405,17302.955409723985,-541.3477661380638,-11224.916149794108,-7726.651882777691,-3484.685423282917,-520.5993941292405
-12736.30873507215,19898.91298498369,61817.98442129131,55719.9034181518,11243.449553967706,-32487.031295188353,-30547.753484436274,5083.283818253814,30560.48608227606,25472.073181225518,940.390980111601,-13678.855560894204,-9278.773907558972,-1667.1244224031639,655.471524771122
7266.956240113782,2011.9651178759573,69294.25065119241,61302.15891163236,-2490.2236734596504,-48837.84415152752,-40414.31453143257,7879.85537882329,39045.78646387136,31942.430132217632,983.343754332866,-15780.794535937704,-9146.135432718827,1443.597200842662,1714.0488341821506
14882.838420206132,-16258.738967761097,37425.963621607865,33782.84392614807,-19010.59600643867,-48823.28922917572,-39546.21702575356,6777.859779745972,37475.74891311111,29815.222212298024,-2644.7016568467943,-16056.39912020244,-7247.876982711467,3415.3768604943166,1815.1297720208947
4589.724303270184,-3017.774770877843,13404.44945634061,12042.655812854948,-13629.253887849036,-29996.535227281413,-26301.594483247933,6562.579943438131,29328.700894189238,21571.944623370873,-7167.979785025871,-14544.458307642735,-5450.730550427291,3108.5534744578354,1175.3467948607881
-7275.841327475789,7153.54168537788,11452.723601702073,12016.52389273866,1192.9717562534443,-13718.668249493134,-13188.726676150714,8762.139557479859,22386.423429236507,14044.312705461474,-9939.365428468971,-12942.328830495117,-4785.730669695655,2045.9440470895602,608.114715005818
-9172.359906139716,7961.30433190466,16682.645061360294,19550.357291170418,8797.671479569999,-8806.511356369645,-6327.8889700855925,11742.695335694574,18968.294392380336,9694.778422504307,-10845.34488938801,-11869.628329208546,-4396.8125868690595,1622.0839909937135,388.03773073255206
-4346.46882008726,11367.796866851315,24207.199384923304,25645.375273608388,7025.498830214256,-11753.162402200724,-4700.25564706821,13975.264564808875,17540.548340935708,7446.349677333932,-10317.550306374229,-10497.81163729609,-3432.2385991100246,1588.442746885389,275.70656650371313
3684.6290142511157,12580.302544597798,29408.91341153212,26117.281425648183,140.2882841823951,-16160.141089851257,-5318.522359749181,14522.090482534793,16412.510044382223,6284.489462016181,-8628.143373591009,-8382.316852824706,-1787.6176774246414,1579.672971044334,174.71497704025342
13218.351097645938,7350.31142956893,28405.992052633148,22158.398531245344,-5504.878337302474,-17756.72158699556,-4992.206186780972,14411.692921338805,15373.915336609749,6002.506565614573,-6465.023783727789,-5864.4923905922715,563.1975249541199,1737.7952267693072,168.84695077725814
18556.02109716701,-1130.459493356127,22017.821661668517,15499.383487203899,-10266.087924335976,-18535.597129582817,-4647.050564610142,13990.111880056444,14467.4699862573,5570.0674950758,-5138.187702022131,-3662.5441803112176,2996.686628801111,1924.7412716554327,256.1909482921855
17028.99955698333,-7934.491433066562,10540.851695899519,5002.530852008245,-15111.84144610566,-19133.228071287467,-6344.511799788483,11664.855343075225,12549.011622202692,3067.2332937480546,-5756.016659948227,-2794.9583471868,4233.895316684752,1977.9431881307075,415.5993266696662
13238.350247395598,-3633.3031846570257,3710.426723448578,-1303.945956745427,-14510.340180921772,-16808.58506386121,-8036.084724455901,7912.43508161602,9098.732592009352,-1722.8567714628678,-7992.919293656607,-3662.4480253180977,4077.040172362793,2132.1584343021377,663.9792215795693
11076.301001211363,5132.038834857539,7374.961480118803,2505.662747526708,-9320.457662499972,-13315.555469607803,-7196.798408910598,5538.85538770149,5546.761366010829,-6631.1390157963315,-10340.623506062799,-5201.294222168342,3670.859415740525,2488.0300443163924,951.327448090243
8978.337564743533,9497.747802582035,13878.140937842654,9704.495862250391,-6052.215538050932,-11786.63371020193,-4418.586581857645,5523.585246136964,3449.133142798629,-9541.280734660548,-11552.832961178103,-5748.336454059432,3788.424949968558,2698.9507867161983,1158.1538417716324
5929.70591403378,10483.670187746226,18429.79262905523,14271.126856621231,-5607.350842159304,-11296.073281578661,-1449.9871793987104,6744.42021835789,3149.823464469924,-10084.477314746111,-11361.608342531536,-4801.757827882706,3934.590550440027,2451.0609197803547,1196.8203817571375
6477.552328971585,9866.35294871089,20955.501275592105,15272.720861858581,-6290.9690473189075,-10866.748736047028,849.2512369619916,8538.215354387454,4092.084166791315,-9205.243923282607,-10352.25216600286,-3463.8229315520493,3585.187916041233,1985.2402220204524,1093.1205741881195
13257.529105189446,7707.227019110451,20978.01618102386,13362.488328114423,-7331.64771850305,-10239.032960696251,2885.501044671473,10210.9140157284,5182.791285700018,-7943.517870285092,-9185.611010143157,-2350.858740638323,3226.06396592357,1706.8685936855804,954.8835938604664
19883.353849215146,5827.234918681001,18599.68453645365,10423.93107140475,-6940.079367250838,-8430.374565051952,4758.18773200773,11352.881484720838,6478.706121126974,-5895.291751992,-7128.926720549891,-316.51904276986585,3118.261058085849,1514.4169129694951,891.8273184788843
20927.212434994282,4345.81186080483,14432.034453483824,7589.939387716208,-6405.026734473248,-6742.098595797299,7867.782530327346,13841.807745174494,9600.64398839254,-1778.0331254928747,-2965.793386240915,3132.55938058766,2832.0297931242562,1329.0990745025456,1023.145977515127
22168.002726520375,2216.886400097883,15286.609799949634,8929.103005067725,-6469.023063048236,-5055.121368049774,14019.852217495118,18169.624583572608,14314.293591087862,2981.5744625243237,1710.0387038875047,6619.692783699143,2868.278956459055,1780.434811373502,1356.1550981564699
28144.680034038847,8846.898952568295,24123.787401009187,15671.248426350896,-5473.893920488545,-3033.05958727015,19953.237854520667,22426.903860411698,18010.650092237058,4388.636773614588,3421.637964909516,8928.729364005021,4251.719715971189,3073.2714330610743,1525.8088174767001
29445.24487998177,24487.950588496242,34461.082470370195,24297.34655164021,-2819.0978923236353,-1015.5080508254688,23084.347097543854,25073.26839057072,18483.642216151624,1236.0037252911202,1495.494524644157,9747.967000272289,6240.048512524839,3909.2509964773376,1143.5703228113914
19270.98845805478,33559.1728097396,34778.558839299636,29127.1314528119,3400.1943248747484,3502.2086983037434,22306.514567175636,22921.67385620337,14786.322765352112,-2924.9052217964963,-1061.0667865415564,8921.419741487683,6667.930650144566,3179.0351013041177,516.2105669266487
7563.14895306954,20109.434015771898,20586.511942102494,20534.168964849636,5396.67319175982,5028.706661502626,14310.50461690076,14221.337627807468,7364.352276617856,-4924.747941635375,-2049.609622028848,6288.996397443852,4687.4412353512935,1684.5422729548852,292.34684089515366
3481.3416316937005,8683.266036638597,12462.501264064851,8702.80313756974,-1270.5085934569117,-748.6362421091237,4486.459220890377,5359.97220268358,-352.74849121393555,-5527.004923392432,-2565.078784068063,2645.60704257999,1800.702997147158,714.0779795461447,501.7324111318295
3316.766540681368,5535.628041425257,9834.58444489955,3140.597290724047,-6154.106793851406,-4964.767479274825,1076.3583159524612,2120.039460355463,-4100.855962597582,-5877.632171013026,-3424.8603796847724,168.0349383994601,66.93883840362173,374.49202543694133,656.6589410661812
2748.393523909354,1732.2270110143118,6461.439421365071,-1239.086010342673,-8163.012536667463,-6046.632207278181,843.7655726255834,1845.9438626330939,-4151.65648754275,-5635.113160295265,-3366.903005466236,276.4327783439072,121.59616585018256,225.14104744293758,522.8536468973674
3686.4810097779095,-874.8849231975707,4213.379787466662,-4378.070119768267,-10883.68541681941,-8132.272423914368,713.1250716878914,2145.3741002795723,-3456.207379065327,-4962.379631989328,-1890.3316752077167,1936.1587818418516,1107.940180061195,154.18703388408107,275.9437010468946
6465.228129253929,-5695.662674332024,1621.4547679300008,-6287.7009418188845,-13279.866843556654,-9761.11212309715,2133.8386307939536,3282.2234925583844,-3313.160835600407,-4563.039950789405,-330.25320762823424,3203.255837108385,1882.3840656896691,160.70010508972751,117.94831943872191
5726.845237700309,-8069.510706054249,1155.9039203065813,-6876.767191466175,-13934.740943009769,-9529.297363176704,3860.3961878118444,3987.909689691655,-4000.3440131710063,-4752.272953852703,28.502221606559374,3243.745994379713,1890.558790156074,108.07387286679648,53.16854642319464
-2316.4176256296673,-6173.650597303164,2692.9488142309956,-6432.787372257931,-13474.263033824518,-8747.900941283238,4317.772792687346,3319.56760183881,-5307.843952185383,-5226.0437242592625,-666.67670050211,2397.4363058009644,1227.2715897276005,-106.5050567124681,-28.70702254832341
-12127.35110720189,-1440.6398349846017,5407.15677861384,-4313.752978130908,-11810.828631304626,-7126.235179507468,4520.711741628608,2381.6172859680014,-5954.446436136772,-5130.086738739099,-1248.1838515715199,1366.8050297416557,393.3376903022976,-331.04410397182096,-162.01330860976014
-15169.102655137938,2979.030482144419,6803.294242672658,-372.9572788082846,-7535.588465393793,-3599.162706856297,5125.4373169412565,2368.6034221141294,-4816.21454463939,-3794.9325374590035,-725.0829778948746,796.0852189312843,128.781903848731,-270.0235518633119,-266.9584616529168
-11297.544771461091,3634.709277717716,5357.451186977266,2221.3059327223264,-2690.929232996921,-157.76773007457086,5230.807463719766,2981.0878604606905,-2547.9602088781603,-1566.7172644974767,786.4351476343819,949.7968935036424,741.641941237951,43.958284093968246,-302.50453225973035
-5276.803732826423,4531.454519108528,4850.670096962628,2734.3971254161925,-731.0606041250097,868.2171814908166,4658.899701471484,3222.3640355388084,-901.3961173134041,304.390354850071,2066.3063637778155,1301.256100314824,1503.7684795131886,357.51173758259483,-296.22927321398254
825.6557611383084,6071.840882694337,5640.949143922355,2627.876545951995,-1236.439286451506,544.2811029344863,4348.148620894901,3015.0336907281903,-700.4689750430098,707.5479057741734,2023.063695654081,1021.3744948823482,1546.6748920567866,602.4461648483122,-292.18596486861514
5375.123694856749,5344.327310236279,5325.239465676626,1072.0871239977196,-2384.9322854706493,374.6606862361257,4334.424465818368,2766.4544771368382,-1505.0746220083352,-369.9443983378448,925.783748560498,99.65859769974105,804.2386302749092,673.0926856351493,-387.10971621526073
5558.654491154414,3401.7415880178273,4264.61711563113,-1462.2840826326278,-3519.8400784381015,261.91555252450917,4196.708426991421,2484.678944328864,-2584.5636422168545,-1895.6600644448554,28.972691556126392,-672.7638600059488,-241.38587679330863,365.266633306123,-635.2475889624095
2283.378184920899,1296.148305441265,3465.415343733612,-2253.863839640368,-3938.4562107161414,692.1480940854099,4499.53294814427,2272.1116325243356,-3225.0219685738584,-2555.030092854103,121.99732389164137,-673.1370673391461,-892.6119443302712,-160.43712145195087,-877.7796941045849
697.6102382388043,2182.53755143127,4891.42136153173,-168.51517621855962,-2874.3343972667717,2290.8634121531936,5051.5574068065625,2394.7215398156527,-2429.929721034953,-1491.0132534324327,987.4383205398893,174.65159736065314,-635.6856377649045,-415.36759964643477,-895.255954889167
2273.6457502865483,5340.278371181606,6546.339290093833,3339.3105218434785,448.8078589301436,4513.787706086012,4905.879185401805,3198.3853322031673,-229.64592241389994,592.0610871500709,1879.5682112076872,1316.2503460921123,100.32576377679356,-291.80554057213925,-744.93615006653
3044.6762432573883,6022.408488598975,5857.35365120855,5528.294827929497,3298.1172998882153,5188.899766723319,3778.670567905753,3265.029546444514,1120.4861196001398,1449.1478511303396,1725.9570938802744,1580.7619010853748,461.97786330860595,-149.0438343388789,-676.0568861566422
1463.412781049288,1153.2779418469518,1290.258662205832,2999.528517872499,2860.2908691591488,2207.2360951614805,414.1192380890051,1356.5410925685635,1400.835329358812,675.8968755418402,240.9966622906354,773.9188207440924,574.9629791626321,-122.84465675665672,-751.473366488976
-1037.6881110273362,-1566.843628747891,-1634.341156038932,2117.8844050836447,3285.5202760414154,77.64436566418198,-2389.609335387962,331.6330664609192,2051.49553679374,-99.2936176659349,-1189.6764054315183,90.2903827780618,782.271944924097,-179.86928244090194,-851.1934211254313
-3821.20361754738,81.52869422728305,-168.48898809406288,2052.8674360130394,2751.941282858087,-424.4045953657845,-2908.0017474203078,-57.14820668744409,1867.91566480385,-913.5543891444163,-1792.2697843980827,-226.66888095355705,615.7119354906946,-474.75208945024406,-885.9485489443725
-5091.566236412706,528.367193847491,790.6775759986588,1308.119304218368,1542.2480184833073,-862.8646359801318,-2972.1602105245747,-586.6327471518068,1179.5052701501345,-1753.196298616012,-1988.7980389340562,-508.37337079775665,104.09756820538746,-860.5303674008774,-832.0304731311548
-3690.3314948810034,139.37643868280918,1120.6748176947042,475.24327137769467,476.69298386221817,-362.2884672619633,-1972.3331517508113,-90.51350579806905,1276.2949019420957,-1568.975630301785,-1795.8115344220132,-248.80772974277295,50.778594849674334,-935.8867507126452,-739.740102299667
-1324.0713108544805,-258.48500709103774,611.8390666979427,13.75061447980218,-352.4595331488223,13.05105273312671,-815.3184495525992,380.0832662865681,1569.2287361887954,-833.9779598464888,-1414.761378132583,596.8215455062254,594.4944793014926,-776.17128399319,-680.8802737182407
799.3730680443832,502.659138665047,1055.2761536144037,332.2805285635431,-538.4690370858913,43.62271215986806,-464.0821003636544,68.63431430177019,1369.7078406021012,-724.1188755838093,-1402.6617473616948,1225.9134834483825,1084.2290152572693,-746.5539071696479,-637.2916384167235
1955.6074843024203,1706.6099047134283,2135.126029577307,-378.76545479699837,-1325.8794343723293,-38.90858534545583,-446.11727324744055,-823.531497793341,410.54944332194185,-1274.5907606113474,-1645.761443920165,1148.9579216981656,1032.3686674560718,-891.7192848801237,-542.4565832894926
309.30881211257014,3042.4420381072778,3302.9595277708413,-2517.3756517715374,-3186.69122427504,359.7931893275448,182.74782741055904,-2026.259998324028,-1251.804075443709,-1529.6655947311272,-1421.348801247097,479.7368825186103,423.2307173952536,-1013.1884177544717,-393.60538546089754
-2620.6350432341196,5967.159438137967,6051.610029981619,-4800.156195569409,-5351.635017104399,2611.1357901028764,2506.892699632877,-3260.788396308901,-3066.2666490913916,-522.9278417767828,-267.7938728796953,-524.9606171064972,-538.694973513507,-948.2122542291868,-215.9831017439645
-1172.32168512207,12100.466533369517,11389.782834185417,-7311.919395358598,-7701.317268990161,6412.970026874984,5861.588246573496,-4683.421819286313,-4389.172610517512,1609.3128298475726,1382.6559828495451,-1522.1517071244803,-1391.5854894481859,-592.5265655960002,-3.25300627869764
4766.519906935623,13768.239859669957,12699.846408678117,-10594.164658454829,-9916.574250901675,8233.396330894406,7126.3587480049255,-5924.605872027054,-4620.898853679103,3372.223379793615,2453.2512668024924,-1863.9217040380559,-1484.03125497222,-137.4852749420644,188.76663628551086
8073.633863102513,8576.354810031778,8218.255177059045,-10137.07805369942,-8856.723997880257,6865.584621218946,5544.825951885802,-5457.267624882432,-3451.624119042157,3544.095989560706,2415.4552355990886,-1155.137232742436,-793.0515741604077,-14.183683399879783,274.1938821064052
5959.579201749325,4787.985037961087,4755.071710799238,-6007.35017172892,-5101.239805817024,4882.7128672597955,3580.719660174655,-3498.226983857325,-1777.3823022615284,2453.403123676104,1746.135187657121,-34.14520268415322,-76.63670063934968,-197.31296815768462,315.2508399784818
3149.6973151701573,2643.037584650423,2701.9221505651535,-3113.7059722248123,-2533.2746457737144,3192.480056688596,2046.1860518020437,-1994.242266727795,-1010.4742458282342,1002.0324748663411,951.3488588981756,456.1207240784148,130.03985354811905,-275.3706926720772,426.29769976325
2815.1568657976313,1318.924170069915,1549.5013377022844,-1743.616431228835,-1252.182854367814,1867.1335121317854,825.2545795547557,-1354.0244359451965,-1232.0066459045638,-245.4125680442603,139.35626720605552,147.63810864545258,-90.08403600061766,-179.48653102149706,566.5781142675211
2520.361705144804,456.94781486541876,904.9388242847938,-1071.7329602067794,-530.1421007552891,1144.8961805402528,281.85911751554363,-955.5099661738298,-1461.094687264068,-950.8744632943406,-477.2481938676949,-258.50755139130695,-450.8137395211218,-182.4654316440146,620.9702863206581
232.39373111515607,-133.62026723921514,242.4438138751004,-674.0005527180382,-288.1957161669535,916.4996207345955,406.72313686191944,-529.1627302878089,-1136.6682409160705,-1025.6796338917616,-571.2104505314761,-215.59268086584024,-693.4311656818232,-353.9299459341838,605.888798928056
-1262.2008112244448,-141.52435257576983,240.14476077235764,-447.06103186575524,-55.49926846007216,1361.3063747385938,1022.816626725492,-137.98358079369308,-404.9392743453849,-415.6614713692587,12.191929326232753,224.75654178310901,-532.0817559917185,-389.66413788056894,662.6637277103863
1056.2014748066701,731.3692163492465,1135.0089310961455,-1037.597951006868,134.9349840018471,2869.4113146191835,2178.672420165379,60.802656439653674,699.7256410324966,978.0724589212833,1091.3401771933293,748.7829106522693,89.36243763507275,-49.75602573887525,832.2770069150386
4376.281759163372,3849.18817762909,3648.0477184649453,-1492.4769620932939,998.4782005501322,5010.150550960129,3538.695034767131,279.63629034643117,1789.2626861787803,2264.1602878144217,1775.7915696632917,877.5259566238583,594.9023754437316,405.3412626138088,940.1139937421553
4410.433338010416,6430.858471298619,5376.707409204554,-1134.0343444895975,1636.7162023275341,5463.555929675206,3550.504961480537,86.68668057081285,1779.7398060439955,2409.5432850508278,1347.0144204759117,333.4101092800181,509.30610414244416,567.9697409492883,861.2438140323985
3583.041711017043,6235.677517550426,5200.517091905976,-341.750697626947,1963.1955837455996,4855.883318624261,3198.0158528520665,179.12140922281992,1571.681254804279,2103.953436611983,810.0695615582949,-102.15125278909147,342.0727612786551,561.6320890937543,755.4025519907772
5041.095423104983,2290.4465420656575,2184.320399429601,219.8759477681138,1492.0475720242782,2840.186345368362,2781.7757697795405,1195.6463362655836,1485.3613275012651,1622.59316632308,948.109977748814,182.4085125605456,471.3619120773326,693.8913018682266,760.8396231917034
5093.20935160317,-657.9081701296991,-1274.4256926660323,-2122.357775173682,-1368.178657824216,98.94362851577819,660.9835838882282,582.9819628899772,73.65012096541687,427.2728357383919,525.7659322380133,132.80780216005516,319.34202967487374,737.2525317538336,756.2524538446401
1615.6476877600405,-1007.9579362179531,-1619.1143283131212,-2472.4720124972346,-2349.241592052895,-809.6010582727686,-904.4402527348088,-996.4413773733867,-1458.1194997386988,-835.1292068125479,-875.3399365129719,-906.0705875474073,-381.1979987682521,426.3576620594041,660.9770026432467
-1564.7838802401743,-756.1653134338893,-1349.9479026543345,-1522.6004860425687,-1760.9236674494991,-956.5040247118337,-684.6258047870358,-1103.840195498325,-1738.9476948763208,-1397.8855034734338,-1801.2640307390004,-1859.1459387260004,-1085.8182407455022,73.23948297243203,568.1269889998779
-2148.960946227352,114.7593143176454,-647.2656441745371,-1187.4658717742168,-1079.4712214187823,-671.8085469911925,191.19156046906,-196.07742524248533,-1039.1050370456371,-1042.6320082002694,-1364.5504433272008,-1792.8066893757994,-1326.774766042866,53.21337278422516,519.4645394534954
-1244.7345890826984,412.86901527978864,-29.341826350069567,-736.2535868456756,-639.1407824606764,-180.78558124622174,805.8799462109982,576.3417146670931,186.92192372933158,127.163600962739,-128.26532814629434,-983.6733817587499,-1124.3892078368622,288.2411601343575,452.5487839094028
292.13556762541333,500.53433581446296,239.06849867377048,-423.3360609012284,-625.8974053128411,140.12713565874262,903.0892462113457,915.8689782246054,1398.8349523352517,1509.812018142058,951.839713388893,-171.6932275072691,-739.3461781271033,489.1830680124202,328.006331765975
2146.1480719046526,330.4626247734023,77.67085074037068,-817.6977582921663,-664.9009419080064,511.5955126341829,615.5757306570522,845.2670276899346,2047.5575143895794,2402.0479395281986,1390.0136614475791,233.23308723729377,-369.91112662111453,521.8232572657929,163.50555568084758
3129.9772110443473,310.12064950669856,-139.55262952374505,-1572.235298291429,-552.8163090120578,939.929324027729,-73.53375103355211,239.4093705527188,1999.2851625426042,2545.0605728265173,1219.1644644302319,290.2690785925845,-39.568881277348,434.95948688772353,-14.402955671256336
1239.0605695981494,719.9675068772319,-163.77698460123605,-2390.171599076577,-470.60269913657123,1239.715327468132,-1275.6923583662751,-959.6408832549058,1464.2848430287881,2049.3901033292004,645.8170785061992,181.8168107101332,251.4570728002151,263.75600522751904,-202.8059557375368
-4225.263187041993,1440.630784825582,-43.546597728613165,-3282.2785419665042,-628.2916910874226,1147.7083136736078,-2963.6785070268506,-2566.528967582196,569.816316582014,1059.2187358912863,-211.5697260688882,-121.03036452006006,317.5493959507953,-27.47447644040676,-401.16053766272194
-10636.735108734176,2480.7766817849906,216.8216800873689,-4340.326991371865,-1053.620245819021,624.6211407575967,-4698.877150690831,-4088.2430714096076,-372.3629267122829,-109.35346728101723,-1168.5268668452409,-574.3192431416478,81.7374113327967,-317.1418299913387,-572.8008477388173
-14153.560640054737,3507.2284333484754,838.3640832151854,-4612.277851380803,-944.2669924957095,405.66298273922575,-5235.885883134969,-4525.811450790591,-663.6379853924343,-703.0129853741355,-1622.7937594119962,-597.4915344506827,28.892638052059016,-384.93607034404613,-680.9015689191908
-12388.552318400918,2140.759167501357,62.47897804191868,-4181.163530082784,-878.4545257485106,147.84293122805755,-4184.614399563216,-3523.494230201748,-283.18184562469537,-163.558890872184,-1011.1580781170671,241.1939785691428,579.4498265734967,-194.32764083780114,-704.9555186808168
-5075.235939939053,331.785222179714,-1854.0901498624087,-4569.318863761378,-1723.0397364206685,-805.3167494610781,-2879.59738744943,-2294.504561895926,-21.99446590900027,845.3282282010855,234.22853318292323,1250.8206862235265,1321.9461531011116,205.34342615342194,-627.5930472751731
3630.797738220886,-787.9431260501802,-2610.331246263024,-4348.591417455602,-1994.5202189191118,-1328.2340020451745,-2289.7314970409534,-1968.191895168395,-215.9355408055235,1100.507752436484,942.1779864998555,1413.8565673153917,1570.3197603557387,614.7409064233959,-543.321060715615
6320.988389111927,-1814.1801305424644,-2408.860702920024,-3205.8009664764854,-1339.8231558019063,-907.7238627360001,-2348.058415073341,-2260.45506253734,-216.6037544128472,297.7515862590396,278.42989826012996,768.9014971307823,1107.1478787001174,570.6716172167678,-628.1750694874538
1125.9384466176782,491.5353355927904,-114.54301067157292,-2091.064050688726,589.162810840528,709.5458212530765,-3129.3947274099414,-2553.8820067599595,719.5219477412301,-1234.5266867884657,-1571.2638258876425,292.34119446715226,298.4098884401085,-119.34570186960605,-845.9869112035317
-4138.999043338795,8330.354998702582,3731.827265136405,-2994.000570068591,3510.7497699471983,2841.314063168471,-5348.331945497352,-2989.290337470383,2114.160146916072,-3059.9652390134493,-3413.245310675992,659.0908266930421,-216.83047234071404,-931.5222635207987,-917.6172326185831
-2597.274896396548,10838.735978864426,1096.1441703799862,-7828.436837370273,3001.313286306648,2080.789577411257,-8216.235743056772,-3871.746048959574,2368.051395877764,-4444.476402207323,-4086.4457266988175,1317.8986014717495,-178.67748874672623,-1146.8289492200406,-738.4697794543946
1614.4906303440202,2049.5599307355883,-5212.312427509203,-9874.847393960632,-1185.2965853936175,-1410.8164138380646,-8545.386507641126,-4534.011754600996,856.0336016248623,-4607.907940110508,-3583.0616548682983,1188.8298785906552,64.84354708597914,-760.677043865684,-558.3734847485073
2283.9581179224156,-1999.1662720225613,-4176.546689132629,-5460.185624410351,-2667.5739405349022,-2626.3279732861743,-5668.666194580172,-4001.1461840772863,-808.5561586544587,-3660.8067649871346,-2803.5476890756095,291.0299739057822,121.12662490392574,-419.2738964069141,-557.8972058232756
1255.3073623345294,506.5325625786697,-538.3976505071374,-1752.9229415035982,-704.2465126100155,-1069.1049610313062,-3030.951998169211,-2848.989126168833,-1321.9503251123554,-2825.176835478385,-2505.638713233335,-431.1480016122457,-116.09108261384665,-506.7591413110257,-603.0622161870751
1124.0256896951896,2976.647926885135,744.0112172168942,-1390.5606389773513,2323.6268809401195,1261.0446209634115,-1907.939378955466,-1518.4795324477077,-864.2492708874253,-2610.2607081587253,-2649.9916075950005,-702.3685928909088,-625.2039286588752,-853.7106920771464,-569.5923067266144
-316.2581907387555,5075.328030859836,1261.8557381423875,-2202.8871872388136,5045.971702147848,3384.6533622042,-1620.23037344856,472.6946968356896,568.1584428073837,-2365.401740225955,-2578.6313440015224,-830.04427331637,-1099.7164611708342,-1129.7329790758547,-514.0727527618559
-4042.3870249067145,8184.105978237817,4014.4687131331034,-655.8271160930701,6513.472948086934,4559.053848452881,-1434.1060013960907,2427.1989544149924,2280.92606700917,-2095.5112282448085,-2039.914937909027,-764.1258895488285,-1134.9782574030162,-1152.2053504975197,-470.8920611687508
-7476.320482270998,8555.29134040637,6284.895287066881,2283.383985967447,7071.095680429463,5496.514615839551,-361.862829980656,3731.5960999308163,3272.5627565562536,-2004.6845640562367,-1420.3040220650112,-468.59415607866003,-911.8244305872781,-1020.999465379839,-386.8643371688544
-8845.192104837664,5916.435043559765,5692.202163475894,3713.140037397847,6455.698951088042,6062.0636678525725,1196.0378973391505,4703.800630973852,3876.348423491681,-1693.0511524196538,-839.240699656706,-145.20934200923332,-852.7675891045035,-946.2010143605141,-258.28971368132363
-8334.701235705763,4290.888719547378,4257.009267651598,3846.404798059511,5499.819477660024,6339.768531104197,2712.2607121341584,5637.595760147089,4688.563654855035,-959.7564716555887,30.5002735467325,324.44523240332563,-859.1994195437119,-902.246920922155,-133.15876816842558
-5545.213800906856,5073.69953062169,4467.616516556764,4276.6535939460955,5658.444993824738,7094.146553140205,4290.722669787097,6646.4581345128545,5801.281235964112,211.91602728932966,1448.27744599933,1277.7944138782238,-564.7319567393372,-683.1913610276625,-17.045127982589605
434.64344000247036,7358.683956434125,7345.48761378417,6286.12347359982,7465.821764569344,8727.21855160241,6036.177835724665,7760.0825813062565,7135.4566579105785,1812.8110715158562,3240.157464829981,2647.6038107211816,117.7281143051888,-271.03009374968246,104.75603918381739
8691.313075390111,10862.100400426694,12078.200542572244,9713.882368848388,10724.809592445205,11044.71629210476,7577.376484628686,8840.144970597132,8333.655167485997,3433.9657391688074,4771.063615464485,3905.353913133316,957.2354621575897,124.19578603538253,232.5963071976214
15854.058259135529,15600.279848616441,14930.055605162283,11436.555529364006,13889.574931486037,12486.189094216592,7998.112320769666,9436.719278073137,8781.811931171693,4416.0646997431695,5464.550314433915,4616.170648274759,1676.3940848267189,368.06326024076395,374.671137167333
18424.793891689187,16550.496077493102,11524.274832154626,8499.956184976238,14314.070673620807,11138.391205793874,6595.401494313909,8948.85933108046,8053.263640582051,4371.1538318488665,5323.327399121858,4729.668602889861,2119.1849067172525,430.6436717786763,517.1955149765001
16739.022782919015,10310.832725381395,3906.4626345955903,2700.797907618825,10670.454864940582,6797.121851310333,3461.9893326784604,7271.0704866556825,6260.390894774845,3421.477929728264,4681.895212988243,4320.616320449593,2128.5825533943375,312.16907651542977,630.6043735552948
15107.030708884467,2847.019456712424,-1337.7010349806574,-1738.8060923587554,5008.997853518715,1620.460853168176,-169.80046467844048,5029.216699364945,3886.2358827824587,1870.8378107977983,3914.582742793367,3575.2026988008806,1693.7503020823049,223.64334509275602,742.1654265802587
16705.30539421856,346.8400600023946,-2138.931750633497,-3194.1515257959845,669.030852870241,-2205.47242607587,-3199.319707718351,2892.6149164679086,1314.304843532258,-44.89505588439415,3544.399456728118,2876.791636920725,1160.698028929435,421.01819820587514,895.7487995114805
19871.680702914353,-304.96007361939206,-3078.734738491179,-4638.420952843573,-1749.099103749247,-5110.7328817433945,-5911.316275208889,1379.7175305565124,-1279.202998851712,-2106.124174185689,3569.6759884665535,2133.605783040834,627.3809116530907,828.319985809309,1034.7154831887126
18070.579531925472,-4733.60053200582,-9095.567026114948,-9661.059593074448,-3381.3926135922025,-8558.63725291233,-8916.243898250807,66.58323535838133,-4365.161855420891,-4670.6636859540495,2899.383189858487,429.2209095868784,-458.9769153783538,1033.6924358678784,970.3473573694204
4323.688673191365,-11432.461316969839,-19191.92756026626,-18046.66215297258,-6163.171871996879,-13818.028364821472,-13075.81146447622,-2316.316751215485,-8571.767657367565,-8198.277883439185,435.7918217473025,-2726.8016552547156,-2441.198067473516,512.2118278368007,559.6749609821443
-17434.69360048364,-13437.78088994768,-27777.15441115327,-25561.329206983388,-9118.893063234773,-19448.428900355597,-17543.011893284824,-5568.988572302884,-12798.936647859835,-11663.479466283676,-3448.484970915869,-5985.581803067975,-4532.7007325545155,-824.8469732972219,28.32945941687194
-30475.61882904674,-5835.889285531642,-26410.07164960599,-24873.457096382277,-8117.574572289214,-20748.050920490896,-18875.929710640914,-7672.007821227418,-14560.066818684883,-13072.805296475755,-6736.677768603604,-7139.505801292287,-5401.256300712454,-2134.7603382813113,-143.47966794407944
-26265.018040563733,2421.8822367302773,-15081.193009471986,-15423.352696321588,-3389.6732997575946,-16097.345069412806,-15451.71456631625,-7058.564101168949,-12823.616748290393,-11693.76713374347,-7535.195716783861,-5816.144638899728,-4720.852912785301,-2409.3524319292856,128.20735643085322
-15561.015201415514,2653.5499806586668,-5057.269063081842,-6151.486243954463,233.50523303332204,-9562.250750467463,-9921.102561348824,-4600.703551400159,-9220.225496428558,-8782.018930504997,-6064.50020079507,-3807.3025075377977,-3459.30556171109,-1729.7766951521148,432.4980512550824
-10110.353989487341,794.1634133455302,-2307.625061095159,-3037.304868035509,679.5632150022983,-5789.406642940826,-6098.389487382365,-2581.8995366902,-6161.96849427123,-6170.30160237513,-4092.460116153057,-2610.3633370038824,-2560.8779593208005,-947.0686265409399,501.018470911261
-10258.289141366053,2136.3551972416494,-3023.868179949698,-3678.7113376774887,49.38063569645085,-5418.3922550946045,-5035.620782420086,-1974.1475236886565,-4679.169703090629,-4680.623362265282,-2749.8816780447605,-2222.0595319347594,-2106.643588853483,-482.9659159245062,424.48764438079985
-11806.132792995131,3883.914203991822,-4522.161903686057,-4916.789082339448,-61.407297028670364,-6487.162510265384,-5332.381437957128,-2120.5798362058,-4381.286134477439,-3966.534483220291,-1870.085349775738,-2033.0963364896015,-1664.5592689577245,-143.60690344640201,334.2208215985373
-11375.462022276344,3397.9555910756712,-6837.5863753190815,-5904.58029758262,346.4617364927,-7127.282324309937,-5384.18973184677,-2062.287900756504,-4631.983998622835,-3412.351454754848,-986.7770089650426,-1635.7183710159773,-929.6115158558462,286.01687134984644,269.1574363263783
-6856.479680257852,1910.8515587970212,-8967.880632912236,-6344.5729021911375,638.6785770101446,-6795.23641777752,-4667.877053102528,-1344.5966643190127,-4807.361874174449,-2449.422272283231,91.44215087431678,-979.5020289118418,-103.42844470229034,708.1692003194329,233.67081965944772
699.9481656994681,1351.9236913722339,-8805.399855286685,-5693.911213101824,549.5165660447994,-6278.487949724501,-3725.171442769731,-134.7664546836105,-4300.913849114741,-695.080403202551,1409.4982906943596,-219.41448433153698,422.5549802038663,904.7547483073677,180.9612481354734
7411.285802887789,1290.253845992881,-6795.450226840767,-4629.853066771136,335.15104260070706,-6075.30579500133,-2660.675361035339,1332.534568931441,-3083.8831706348196,1496.3735503778014,2845.670402831498,565.3447897619203,714.0326783708568,893.7760071234329,41.88176810789246
11051.848399545934,416.57770038767865,-5367.514239526478,-4273.365641759888,381.9509073025408,-5927.769419388967,-1138.7819093938028,2912.85728863343,-1672.6280836550277,3400.607407324763,4127.025437002883,1387.7343463497732,1112.1011893568707,911.1462691636614,-154.0197124453521
12819.092420847834,-838.4389898533258,-5622.800143502141,-4316.1322062410945,1224.5647355922524,-5578.444482370862,830.8438714038242,4448.308644894136,-447.74778290537944,4672.447404202304,4966.7428494403575,2083.341255638037,1593.815953897822,1066.136556642803,-300.5191073182742
13557.121083516735,101.59346689425327,-6276.401692335141,-3161.1869080628303,3381.9521762063337,-4804.386158887557,2879.570606539321,5592.720121146954,396.29492041152537,5236.614722121066,5133.91345552205,2237.8791631280596,1856.026982559436,1180.255705766366,-381.93594528063454
11523.802811970212,4308.1902072202365,-5308.7472896077825,-460.9265803899338,5914.014219472601,-4050.825726434086,4171.21036339334,5902.325904758722,583.4188523840543,5262.066330699892,4578.0773861601465,1504.4608214308678,1740.9764394229155,961.0277219202013,-496.1437643165889
5470.963166849186,9572.001831018973,-3396.351303317602,2123.9917227976575,7514.11851426107,-3603.1817811344995,4840.290768142288,5884.321828381547,239.8637877927374,5280.263038457528,3443.6547535129403,36.02109125752379,1311.168618189789,370.5372798647407,-687.9861510587461
-3095.7797047179615,12686.052134838286,-1292.6261740090117,4169.0021239250655,8436.776262555974,-1948.7246518746406,6247.749903183946,6571.6434597002735,-28.483879165730386,5620.704848239415,2099.1939895783116,-1440.558711918446,861.1585002712438,-276.43800593626156,-886.2835843347593
-11543.959883303001,9816.274067315782,571.8017339815596,5437.473884979957,8919.076303200429,1223.885975712205,8402.863316670517,7859.535457683105,115.88942365701682,6163.690289830331,941.0904799791683,-2384.627779443888,644.5137362984918,-763.6522446204285,-1025.5916068259057
-17632.70908028977,5324.159567260834,2268.4629702698717,6498.85059878456,9656.324570742354,3677.01579919226,10200.786128731872,8578.898384485565,-124.70547390636588,6305.474249581889,-329.10881368072637,-3026.1554397523287,432.676493913688,-1129.1391311516325,-1104.8231112774802
-19740.125349185826,8880.49640490233,3660.088685006455,8216.74074901431,10871.116985374245,2236.0034469670704,10043.844524242977,6912.827642998091,-1780.281052413709,5239.740785170192,-1943.874984807081,-3548.012022010499,23.511063356274732,-1332.1087782298769,-1123.1209463655107
-16771.268861875124,13579.634452003333,-735.0761179230934,6164.522347452721,8776.549956457535,-2602.709836546795,7139.682645152414,3152.8079502412365,-3726.434865448496,3456.3831757654402,-2962.1547719454384,-3475.7419805062127,-182.33780008060057,-1220.4269995756238,-1034.8321114483813
-9654.322534323279,8591.098100099744,-6604.20259162143,1377.8431719869009,4294.573684962918,-5744.2236969560345,3953.120926891131,229.4891269845533,-4272.2529981777825,2290.7989905736936,-2700.682157667548,-2539.0187275267626,153.02610157975056,-779.6341489828211,-830.0181808957396
-3038.0335584606382,2051.4700834928135,-7407.279246636972,-1148.676702842787,1423.020762257078,-6261.706998012918,2104.376879253043,-1237.3517825244903,-4082.6184601372397,1822.5978039369875,-2040.660446485359,-1421.7303278154463,695.393288416673,-296.2941381058056,-621.2789808304512
-17.93020709176976,-82.30150292699112,-5022.515421973874,-1601.011092523883,-126.2802000775362,-6406.238548817686,434.2339921162415,-2888.545494294017,-4663.485939317994,1202.4885613304125,-2166.0531515067632,-909.3782019056207,1020.5832310632521,-107.42268832182015,-488.6241284983225
2229.9119458329887,3082.971587319291,-1976.6259612321078,177.0535906777476,58.22004677111394,-5973.599469595562,-987.9522900399758,-4613.234078893565,-5764.24060842954,347.89775334595316,-2935.913123404661,-779.1589513523395,1217.1481073278653,-140.4978708229197,-361.4052692013053
6119.9601527878,6024.711799036714,-2173.5092451769974,2489.448202714222,1654.6201519451004,-4823.926527654973,-1125.1331386090694,-5222.187266143339,-6173.437326767168,-148.83653322404643,-3350.5663423764845,-368.657813783326,1525.3845469521937,-48.196979492934304,-201.882922066177
9294.076068560173,4490.7572610586985,-4722.72438065659,2564.6488769741486,2195.1185346108796,-3926.4782313411074,-447.334715391756,-4687.826981059554,-5504.06061716254,-130.66127714314587,-2953.548570966186,280.78663542668687,1822.3051546718036,237.92259034618903,-101.44457990473808
9357.197113590877,1432.0291928064478,-5702.656200255175,766.5894205561657,981.2484613692151,-3685.7491577783167,44.89405296815201,-3733.368902453298,-4239.336360689941,76.40805014350629,-2124.7833435516022,579.7761170905155,1783.5669287102296,425.45657528864893,-118.81390768416685
7636.361549104784,-402.4898447323341,-4762.653484204097,-1082.9180395125925,-698.5171612084011,-3867.765648694942,173.74223999167805,-2914.6035441311587,-2993.07845003881,293.4417262887906,-1442.4843543539264,359.3767904771686,1381.0699870175026,300.6453649036014,-174.25659171971193
6921.312567127967,-1038.7302890754668,-4013.5266410318586,-2119.2498420882016,-1837.8128184417792,-4340.137930092272,470.16971916637675,-2380.641121321753,-1953.234684801876,682.8513685662266,-1155.0959811887856,97.07741043189321,926.3493073694988,-20.398344776825667,-148.99371166023366
7883.464189262298,-687.0622520720295,-4843.280207188066,-2166.2452915800304,-2285.46500690745,-5124.276885560482,1507.882815472739,-1996.490948818238,-825.0175676663864,1493.6727869072383,-1147.0319043882594,210.9382600784345,601.4511708939184,-332.88813548857763,-26.18798190223589
8154.9600608207165,2475.71074350892,-6370.142316033346,-358.17519338332977,-1549.4816401442224,-5387.845163908831,3392.655995140814,-1536.726950717466,589.6246282118524,2645.5386935095826,-1265.3634263306574,586.5546771085689,305.4074305907902,-580.6681187398879,100.27182201313417
4892.475956764148,8873.52771578672,-5660.412519113971,3507.408356861281,939.55736405161,-3854.666610139216,5782.800097210193,-889.6227050494124,2000.8660777934942,3600.839947703166,-1504.3752198932918,922.9721584537202,36.35185357813589,-743.8102558786165,161.41070008529573
-1265.3679773360216,13527.400534322069,-1405.1786078257048,7701.378064905177,4600.225847548798,-680.8473656704994,8065.627262456165,-185.40370692405833,3075.4130498594636,3962.180624369528,-1820.7626192330365,1187.524065115546,-64.51174402940592,-752.4215034136016,213.40085288719453
-6278.062790881791,12771.844495054243,3747.916761705313,10317.371369199542,7894.221080865629,2650.7402266619356,9740.030013092153,454.932644727533,3903.3577792992332,3934.925205111386,-2078.772277337938,1516.0195448531927,-64.6561538889456,-624.5822630597663,334.63198889991344
-6911.028430020933,10505.715894214653,6569.244527840151,11682.345581546864,9913.32351956878,4802.848106309684,10818.85379524457,731.3712508700395,4590.142496531814,3806.546881127244,-2193.8389169079264,1956.4795264340016,-121.33516558092379,-455.33413522247315,503.00203833135345
-2545.4248803065707,12420.564411901469,5098.279868915585,12953.488881477504,9922.148914324142,4668.859943477572,11081.473009509877,-5.086374627562805,4856.435932547294,3514.0458960755846,-2144.4858516085988,2557.5786916521097,-135.95131521522592,-213.30086764812108,674.3929783851456
5495.941228657689,14289.477729599523,-1593.5402990990672,12136.415236959825,6568.8103854029905,1695.50732824421,9650.793926918781,-2201.005765898285,4381.5033180426,2864.4679516802807,-2002.786794648514,3367.564932686769,51.15104203454291,202.84478327002273,860.1982125196402
13716.921369684564,7591.707759791138,-10114.747554399019,5756.014656762692,-673.6373331837747,-3866.605546407656,5971.716931361044,-5769.070347954685,3068.1767708898037,1539.0641095933313,-2116.8923475715387,4009.5428476769252,166.06056031868582,648.1476639674734,1036.033849386286
17915.212704496542,-5080.602417324852,-14926.048178036033,-4591.781356695771,-9225.227878727941,-10242.236033690888,592.2127419453559,-9987.248483585823,622.9738723090092,-1130.6479661503492,-3285.4279623331454,3806.863073470481,-459.0948383004064,823.9598760839243,1097.828778006773
15710.326044892909,-13634.490193929429,-16492.0832218791,-12707.356538934397,-15841.172749513757,-15787.59165932574,-4897.687838268642,-14507.627077579598,-2624.581274055622,-5127.29192837855,-5713.4371540242855,2759.659685687422,-2005.3666061954073,688.7377738534118,958.2414926411484
6685.028225921394,-15225.673338962231,-22977.150980355298,-13205.697116462923,-19209.85413223667,-18791.983382034345,-6644.088418350185,-17940.562087639893,-4265.656424202869,-8555.987535656772,-7890.988736621288,1405.974224800203,-3729.560144741508,314.0506342940631,618.3492084072648
-6060.62238797334,-3152.226097427656,-25456.725542838798,-2741.7512663605503,-15588.690842829506,-15405.851871061766,-3053.289516760235,-17623.376431235087,-3130.9378348903715,-9671.747027223668,-8387.458550014777,37.816844216951324,-4739.855356507976,-288.26915302606955,212.54184924877006
-14890.805691923057,13069.961066662985,-13285.737922563945,9738.877202933165,-6072.639609577888,-6894.232292861181,2308.6589754369634,-13441.273222850046,-404.47233892734715,-8287.723306054695,-7017.187673430152,-760.7803516710712,-4633.321911661638,-804.0735488270873,-20.23240065688799
-15381.146987576241,14466.713015389882,473.03406081055584,13058.855173717897,2414.590500010844,1119.5546009016323,5967.750932081642,-7258.6931649589915,2689.0324050135187,-5032.069463938155,-4154.177720924774,-295.92766276899596,-3610.6674677257793,-789.5617958330695,10.419345502333726
-11642.434659233335,7071.962904527112,2395.8761272558604,7977.3815585753855,4021.0831313547433,3648.3379917853563,6179.159591682207,-2057.694204201368,4681.7027009209105,-1464.9048669913923,-919.9487788851161,1040.0848554399372,-2330.378763401818,-312.72906748883844,134.72432458674825
-8418.320367834884,6242.181952276903,-606.379628033475,4327.407808726134,1100.6184462018887,1747.9875964676257,4172.554609676964,33.08449693918808,4893.126834715529,872.1662112009834,1399.2056477828578,2194.8490995836873,-1288.3737246546063,179.33795400947855,198.64688018738218
-5600.354481488118,7650.304917637084,-891.8853539430338,4636.515670444001,-823.7698902949157,163.39055505106234,2701.1629576697637,-133.65527023102345,4219.2446990777225,1765.7032599120512,2460.637034435396,2717.8832345954943,-507.48292598661095,458.5536328016474,218.71187905366787
-2398.0495240499263,5260.052235906837,-1372.0204827195282,4972.136798112442,-950.7813473030858,568.9700454433307,2814.437150515099,-570.7159227113272,3809.3745345334505,1834.2019378822301,2667.9090049291117,2784.8818799115006,57.0162286884551,588.3347985009069,229.82320758598644
102.93923450525966,1833.933662643854,-3915.2279108595108,4177.85090835292,-1003.7546187879828,1634.0165130203404,3680.722593505682,-482.76508242984755,3986.450197070858,1500.131530438135,2410.174173568235,2490.2801688067484,219.98804477786894,617.6569877068571,198.34560690900918
892.9367263022338,-19.12359805592802,-6528.20456415277,3301.054316510701,-1557.1283882776981,2215.733558297794,4268.762166252792,-299.47499066266454,4386.188188999542,755.3342151225803,1825.3795137270438,1700.165787409443,-175.12314928254688,489.2012640066244,105.51450747098991
116.5246792568474,-373.122246755061,-7398.5879599395885,3083.052168414607,-1984.7827813906292,2487.240661113005,4340.062799259502,-553.3043904929829,4566.427092474503,-463.94523034316,1050.5877488007018,511.351733384848,-899.9978006747749,224.17046733200482,-2.5257992086977765
-1715.9080706719378,1233.438118601425,-5768.193442194712,4509.341507607215,-1588.8996835669232,3133.6809919560496,4122.73091498841,-1296.9374704438142,4360.549656223259,-1958.2620952354455,423.3239781780833,-544.7125971997875,-1432.7977449543005,28.663867086561083,-82.77744960214284
-3932.111712747856,5836.358344519471,-2131.0582296242537,7924.434424609664,-431.8266215982718,4191.154834502214,3655.323496687295,-2321.8985416646783,3883.9368973206615,-3377.714100490524,299.1826203014761,-981.1552252465232,-1417.5478668937646,103.38985987739164,-153.45656682261318
-5259.455468215386,11717.844743216616,1320.9817271074492,11476.227374231956,474.2493186347966,4781.005066776182,2639.9836803480107,-3526.0960071883483,3342.7527190886567,-4473.5548144383865,753.6196333637411,-843.1776833738501,-938.7451366160633,405.83831641813333,-251.53010587846953
-4111.87215065802,14616.119134134276,1903.582881779281,12239.64288196219,-435.07405574309666,3845.5715011723246,765.1675349483395,-4815.968581694588,2907.622094598453,-5109.265116905438,1579.2724058421,-524.1099704241557,-329.24889123051787,718.0821820926382,-370.5834910233706
98.83289188484181,10642.081526461414,-1903.9652060351493,8583.908690671056,-3953.859451813834,1325.28495310306,-1631.5518769938794,-5752.824641347403,2762.7628713312947,-5218.967573217731,2472.356369494692,-307.751498079601,153.2982774107851,895.6012850866484,-470.7394851138417
4799.479592382534,638.5559740556191,-8990.353086035346,2358.9265583449364,-8659.0968426593,-1331.4684217625313,-3512.3099759980523,-5799.089482205706,2946.9445892101576,-4918.027714287351,3153.8650064541007,-371.2822291015781,329.7591474854562,866.6019576324586,-565.063534275092
4528.385603375438,-7615.2171485264935,-15091.111739676393,-2228.5666579350686,-11671.521775845118,-2584.267188307108,-4111.245468430163,-4908.032010090132,3299.3651528038845,-4691.242721144506,3497.393785539511,-1080.454567434169,26.50920934702367,487.093457626406,-747.8785868575778
-2400.120924065473,-8263.716953303216,-15893.263395293588,-2394.9677794787876,-10887.470346006794,-1298.2650052066015,-3123.967691059291,-3451.712576276055,3796.114177610725,-5079.8830678447,3541.3958426637355,-2477.3489738391568,-570.6620187653434,-171.09022885317393,-1009.3531793281502
-9650.299654397822,602.3309569589778,-8645.118712139503,4152.69299866135,-6244.749802392237,3206.9723792253235,-869.2419928983986,-1591.79279873534,4365.47001831485,-5359.341651994922,3537.9323307482296,-3499.4380861934073,-782.5298564571331,-595.9916341551184,-1153.293779687419
-10570.164958919087,13137.96325706534,2215.1055564719923,12397.21652559667,-527.7977889741484,7954.983817633312,1742.6659047340931,895.7959801525337,5155.586703541355,-4196.285034748329,3970.6164980580693,-3243.4292855371036,-228.24660987575214,-477.8849215519899,-1070.0726897781083
-5430.940450231241,16643.050399659813,6263.289813946991,14948.851881760054,2350.1757714403275,9855.792077298209,3482.7742059919055,3186.4276427143163,6046.209330162491,-2199.1114190089884,4802.494079553034,-2248.7877164674774,743.1788009399498,-51.86298141418172,-845.5685582200969
910.2048015222305,10883.891870217883,282.553133965951,12047.883699617763,-189.323143243598,8419.614487072075,2634.8181255143886,3613.9275037568286,5969.500198256235,-1041.8696795936507,5323.126349351802,-1519.1130570780806,1553.762237498916,330.4462401282649,-605.2384544376745
3741.578228709334,-630.1005799080892,-8462.432673841822,4197.645808451457,-5581.744049967122,3557.233314199167,-839.940649249049,1520.4114080397449,3879.1682195960516,-1539.3968493373861,4648.536204171112,-1634.6476425792291,1705.006779852757,407.6657443837119,-464.841522256258
2866.9981349361587,-5168.519980547335,-8612.911919040482,-2494.532036674991,-7019.417516238055,-1675.7146847582158,-3547.219154700321,-1370.968540705036,666.7652595841091,-2911.8147597581597,2745.2618301002026,-2372.1585269937095,1179.5680213864275,174.0453030829451,-450.9537717782648
2241.278064808346,-963.003297352771,-4059.1391712708096,-2254.9638545536436,-4562.366181292771,-3177.3299121965556,-3329.1513190084206,-2727.8492905699554,-1441.0560656506827,-3771.1132718918416,843.0763275386566,-2981.0522771283963,591.2039061359148,-87.46940738923507,-452.70738836269635
3769.5079015267133,696.9012846223917,-2760.4267661556078,134.16764551191247,-2930.0466903996235,-2019.2630943327895,-2015.5804026792935,-2585.2678644622574,-1912.4038207927142,-3660.896362405286,-96.96714364904045,-2977.950276697108,437.75049408057134,-147.8265559469802,-384.35210934323857
5342.964289075051,-436.9339510179391,-3201.7342757932274,1003.5093672119854,-2600.1728286192338,-580.6025449555374,-1086.5517325965227,-1937.255864190366,-1464.5216052705841,-2816.156636375342,-62.82153142891343,-2326.6574587885902,672.4383034645936,-12.92680755277047,-281.4696179792271
4872.067015306006,-1104.3805413306338,-3087.535501123566,897.2071947614289,-2289.0901006636313,307.487256662062,-617.4608392244616,-1369.3128541853494,-751.1746360257835,-1667.3699327383576,543.167566393969,-1299.844876169086,1017.8758182064769,181.3286647094352,-208.47648721844558
2838.6015278783966,-1061.8729793217194,-2539.285732245639,779.4814101286628,-1757.5818406075998,666.9093945822691,-378.51165049124364,-1072.518703683847,-143.7779283067353,-679.2154131724863,1226.2980519517089,-366.19864093666956,1252.999374476523,287.69130109152024,-173.08054292666174
1011.5912575397858,-847.5175875519475,-2087.389356852361,681.7455966628406,-1550.2540164446048,554.608421149889,-414.5344019456778,-1035.226740446174,214.4828897518316,-167.56530213305587,1531.4125722109313,8.102768750334121,1234.4071141424888,199.79001275236234,-137.5031159349551
352.821246142265,-727.144324888568,-1926.7004291479052,370.03895761788476,-1993.7997139789436,-24.790198672906484,-902.3018986707009,-1217.364364068526,260.08323449769875,-230.0268264874788,1200.355509357295,-387.4502501306215,907.0502784090996,-105.76903422644547,-62.2176075578882
398.5358931232645,-899.2003132243484,-2134.2583487428465,-144.90403763892036,-2926.696343287084,-842.1716958660647,-1702.381398985943,-1531.5410481509907,0.44254045860265023,-761.4177702929549,325.87404887687785,-1291.2679470201956,416.62346863903394,-507.3839761722829,67.54270843885959
329.1921501741276,-1128.5216139021463,-2630.574647539699,-743.1992628275325,-3839.8268637527926,-1479.0277250941617,-2283.0246255686648,-1809.882997900137,-370.3351068146918,-1475.5802771368644,-582.8737936797397,-1977.4442088299381,144.96518820923376,-739.3383597192529,232.7381449734291
563.148200256611,-1539.076042921407,-3276.766245825187,-1426.680555006256,-4088.310754528309,-1559.8020474297307,-2158.8705703505107,-1978.5776094798407,-513.9836390791368,-2007.5874156458503,-841.2768210250911,-1754.6945136402733,426.513269785368,-592.186159783667,390.7952923408977
2449.6866928633167,-2720.5590734446914,-3590.402574915433,-1705.136862594637,-3360.732453495729,-1128.96883777497,-1436.2516056220898,-2212.0102464107777,-198.77221188975932,-2152.6533544370586,-227.6794741930994,-780.2168721194297,1052.9680984382644,-231.43767888932703,499.5320626813026
5211.848230013065,-2904.6516597215395,-2662.1705614332286,-1101.9923244312843,-2243.3401283975436,-1052.0945424461827,-757.9752793043683,-2622.133462141801,453.0310968573682,-2159.7238122539957,521.8998859364776,-245.12594695440407,1184.1217490170202,-206.12803081535662,515.7088294478339
4526.654828743625,-1030.8575861038019,-1136.4739229127588,-1110.3724022793265,-1856.6109191289631,-1761.2867173878676,-516.8755416327824,-3006.050339239255,936.7646303295942,-2731.759105680241,358.65992748660426,-1165.2745702176983,219.265089277966,-847.2683756314452,393.1047332062471
-2298.191120504684,-425.89278574620425,-1148.9242068134845,-2094.6104036668967,-2339.1667535221477,-2393.6730402231215,-508.3682993051753,-3547.148432060837,981.6477812386431,-3983.108429528159,-341.5803356113772,-2764.5071220028553,-1048.2468405104298,-1643.205623229718,184.98773267799191
-10167.783070128595,-2810.189127190199,-3279.949521176723,-3436.7835987546996,-2753.152989832452,-2985.5474893679348,93.47098350914878,-3819.273708214324,1840.576739254428,-4201.834897047387,441.00039259894515,-3062.514406069368,-1020.959768105592,-1745.0020664802078,106.90114177119472
-11197.24815093634,-6368.98488747821,-4198.783644791393,-3356.028625689931,-296.87108939088677,-1452.7189027089714,3362.320691844734,-1794.0154330133032,4888.52320630193,-2318.8907277606004,3051.5564491193154,-1844.40604005325,378.447815548885,-1192.946200674966,290.696721901775
-5365.045846674576,1160.9044473342524,4027.262313470134,2832.0909554456807,6746.226551573637,2614.557756661887,7930.056174017531,899.1598924122158,7457.7404751858685,-544.4876145487651,4788.536726574141,-816.7777550410019,1602.380534383512,-711.8968894369905,585.2601918781606
964.7852719853158,10608.97669884447,11964.56392267027,6544.836979752356,10221.980844625426,3802.5831747847883,8345.940534412388,1564.3977602361529,6684.096122636622,-52.911885285195325,4421.338052010877,-512.1067221551632,1937.26936940498,-545.7057405540822,786.1207525316418
3576.76813270032,4662.35035407412,6420.705094713389,2700.1612033455344,5566.712535059258,1990.3358990221175,4329.750659177582,1211.25894852451,3726.502373318243,6.9297172177457185,3010.4139599302152,-530.880401441679,1705.3193300072235,-591.2644745182602,831.727078742971
2138.055164503391,-3960.7709406492922,-3557.8563309716396,-2139.4361428201337,-2156.465519166983,-94.33570492602443,-1493.9792937359855,805.9255794241792,-346.97839024084806,-10.64576625634544,871.8333238159089,-763.1088709682022,1018.8133856503212,-809.176400223692,740.1846514076545
-1552.467018482321,-563.2288708258938,-2797.69436091823,-630.168071438542,-3593.6639850769957,535.4005897845099,-4239.824242706072,1467.722840899244,-3522.6573042928508,464.2225404479942,-1419.7292666612607,-858.1239097422203,42.066702479919,-1055.9140587012228,567.1023708038965
-4819.080628871994,1445.3115655438357,259.4280474239325,1468.5478111339696,-464.34452251592563,1845.820167038736,-2576.670602380882,2524.27579046012,-4016.9447362419496,1369.4069596804195,-2777.104095919541,-594.0237535589106,-793.6253405043738,-1172.9033053251137,392.594465873627
-5928.859803046193,-456.76944331008394,-1346.111417535752,476.85606522879584,131.81602643746365,1329.718193798095,-469.5979135631344,2552.5155229664315,-2802.793379812995,2022.9020295491155,-2945.011751805441,-99.07517535223124,-1196.0457213524662,-1104.0101291603632,274.63703784169456
-5179.756555643081,-143.00741514858504,-2136.4331021889925,-106.53864475446741,-1128.77008241476,305.7104816014545,10.109075052055687,1692.5277056521631,-1540.9791415402444,2106.0995038081824,-2423.901627599129,420.55050570085393,-1194.5014529490288,-877.0814192358408,214.16092326358336
-3936.4192456978794,638.4244260846755,-1143.5457304309725,428.34071819389106,-1606.7302987305031,105.90713052108178,-338.64745968242914,854.5780071466759,-858.4271243277269,1793.0126204914372,-1775.4242355415688,820.1162242728469,-1005.0712840918544,-579.5277352083126,171.71367080514835
-3081.5262422312762,496.15601719526813,-392.0367717359828,804.1986482162897,-1229.2986102598063,445.41921228158344,-584.6079543438206,448.9326147860821,-603.4244926830227,1380.3275889250751,-1268.980972220694,1056.9972880413811,-807.9031964332432,-296.1215817254593,115.38282315006353
-2650.2801041897887,160.24589446546602,-264.50470190984436,716.1620358050311,-746.7568104569295,748.9279105147621,-541.7819629347762,361.13235676977365,-503.67257548849204,1028.6784625926011,-933.8994618495051,1149.324093674346,-661.7878895152788,-66.42598442642684,41.81299142234204
-2341.5148825916754,42.95994917186836,-329.5867768137371,459.083218194353,-458.6796417019377,826.1274243714449,-342.0733390482412,380.74765042680065,-399.5975345323093,770.2686198663948,-712.8634881215808,1126.7408953297816,-555.6144916301326,105.88565810854911,-37.02964020827119
-1926.9979571133165,61.60103083784982,-350.7699817733196,234.7869243830052,-332.9303437854702,718.8017328700263,-116.94125053666176,386.4267266843101,-230.00055889683156,583.7911707786092,-540.7013768511576,1013.0374438677675,-469.7656794818438,230.3337136414711,-110.03721271440145
-1332.8811600881531,95.49646076280925,-308.6250608523891,72.02133182079957,-289.4431867032321,500.4277080231112,66.04692039711875,342.89879356134054,16.437789681884396,434.83881381876563,-363.81392032424253,824.666074750302,-397.3316762445529,316.1972238336351,-172.10932270205797
-595.127083155823,115.75989990385163,-237.14007929552298,-73.65065693138217,-299.3228456626097,216.9033067983045,185.82893470331754,257.9857484987364,333.14017878349216,291.0230972621753,-136.70121242787053,577.4392300964525,-335.2379728071878,369.4749846831264,-222.51260444317728
227.11340734065152,136.1878718242966,-180.76264312582498,-262.55136056046337,-368.2748050328877,-87.01681761848886,256.69091275415803,151.02600971668898,702.2875914322683,124.61575555161812,189.63862714664805,302.1351642370131,-253.5349074256126,403.26813025776056,-260.20655766515216
1331.8203829775248,83.71439371618797,-229.72363973316095,-520.2675587239657,-463.9513112092768,-317.5525472367279,308.33594697916413,9.746463578227292,1066.3062168802378,-105.04577199827128,668.853418832346,65.97911453852402,-56.07308607182182,463.1824436515177,-274.65761048343296
3682.005710195559,-249.61468288628265,-414.37349967725896,-686.732270874887,-492.9988817802016,-418.4640024666902,246.39952452102892,-347.92871416962913,1246.8423061617004,-498.3468763872007,1288.9736487364369,-41.35785391791774,397.6397718483155,630.4357296088599,-235.45928328780462
8463.649634483725,-587.9337952454399,-485.9135819698364,-583.3426832664272,-700.0898357888132,-875.4082990517447,-439.7803380707519,-1441.7030505582431,821.6321366071248,-1264.4354422035221,1753.0138421354063,-52.68974097396256,1080.6318798341072,920.8672951720087,-115.55549835228305
13239.742649679149,-455.16554340951444,-957.6448800695516,-1373.306537563541,-2362.973354836323,-3034.888475443151,-2638.65430386966,-3829.629307027556,-830.9106266040926,-2638.80492121865,1299.9113410761174,-302.46513847094525,1450.8627953377954,1114.9994088577844,2.1470997836560173
9481.17283292531,-2711.641743565724,-4446.108605963906,-5437.146376661845,-6593.276716213061,-7286.560281625776,-6391.467223384604,-6950.027104308796,-3834.416103898145,-4414.924298585714,-759.4477241392935,-1152.4553056776099,626.8795734486919,844.7868612130368,-130.75517566221674
-5188.386969220832,-9122.870262596487,-10309.673067697653,-10602.43900930656,-10842.91588376812,-10423.722212878516,-9471.340896499141,-8543.532668665113,-6688.510126725957,-5464.539018304022,-3531.6754383834677,-2165.083495671922,-1235.3763801000184,178.74262444056126,-594.3026913069843
-12861.03902815771,-10597.525195245622,-10620.041813535548,-9637.127951342134,-9608.747898727817,-8136.665928814262,-8045.012080589244,-6205.661913125955,-6085.182899791062,-4014.3528343209646,-3976.0503556701287,-1826.6011265735624,-2089.5650904816134,-42.538063226788836,-929.1905557950134
482.89108114461663,618.7571174028519,261.04398968810244,533.3371354048213,-8.311975348648076,488.635523213166,-233.84852796065002,484.46339614446856,-416.31216663463186,519.7826065540476,-558.2618250513725,591.2237058106922,-666.3120080171677,690.4444772278915,-754.7603801652018
14734.636085239521,11923.052479368038,11260.239704778556,10790.016950829593,9730.647005082723,9201.90167471398,7733.477731054441,7265.409937230643,5415.989362811327,5141.194460452915,3008.305689472042,3076.319137120072,860.2807399253312,1448.782374996834,-541.7120640150978
8185.806085579429,10289.962211480823,10860.211663088832,11728.315095437141,10994.591033523082,11534.656863653245,9287.890508411156,9691.163791665958,6218.03878541701,6694.566713807698,2775.7568807011385,3493.452984864784,160.65470867820056,1238.835960132213,-801.1507504381996
-6746.346958530554,3473.6448288801525,4696.1660437890805,6361.1696479107095,6577.470784552238,8316.640731302376,6123.725900085684,8067.846219412524,3346.0666969177005,5623.629381134775,24.775044823249914,2440.0886901334407,-1668.0058383917155,499.3851293315568,-1193.153872409151
-11263.13651478249,878.2441034876551,904.8327919205485,2003.3974343212863,2119.038337556768,3870.110861343748,2198.211434802652,4819.759354135368,203.9496351703989,3734.516435827159,-2132.829155975732,1466.488291124497,-2514.6281348843404,98.84504140969722,-1236.27264998718
-6727.77626946017,928.6440620058335,305.8399193165816,1054.772284003359,306.28302765452133,1531.7270277371053,-140.58055172778555,2275.1830075850166,-1570.876404813204,2223.800794655829,-2656.020532735212,1086.6389542797076,-2110.65624993485,154.6493910580524,-986.0014958310055
-1826.9004543861697,542.0706597741618,184.11364433853544,1118.1612593176492,51.71348046500512,997.704175829446,-878.2624443605025,1071.5026370677163,-2043.701533388825,1343.0243119448705,-2185.3185307998606,964.1069987830148,-1325.2760544209418,307.2617107349664,-697.8389225576149
630.6400074558686,151.47434721209055,-49.27574470394043,921.1882862135601,5.4521439436866785,871.3412447082585,-936.1596033253132,652.2639289281441,-1850.0116560946713,858.2302910879187,-1504.679897033826,749.6201161497077,-736.9146065833834,324.3153425100088,-468.8779550142087
1759.3291315756824,71.70636360511821,-129.96114716433718,628.0673603385093,-108.0426317894677,616.6773029330664,-866.0250034324147,467.67793350602267,-1441.7433241821745,546.831613141018,-940.2062670688408,396.1949662811136,-395.5431126554356,215.26724006040052,-278.9346236091993
2574.342946613584,80.51200306205511,-87.03897205430526,411.86109348082783,-190.60836632493857,282.1038988987759,-776.1934899134612,316.811951363379,-1015.1423409817048,298.93310457687437,-517.1029042562486,-7.89370154022339,-164.51759967794942,64.97998446262241,-101.03629969886477
3305.142624685478,89.35629157553122,-22.675507886328433,246.75916670869248,-205.84254811754246,-33.37380609078926,-635.2093263360811,183.2054460754799,-635.119991237965,70.11430753251454,-185.87403823864267,-392.32568277233406,54.17604568907845,-74.79121900649878,71.4876823957019
3897.2361060483854,110.75712440676436,12.655265673404529,68.42196962869053,-161.56557443975265,-282.9335375013004,-425.15075589373805,86.71122229837286,-322.1895941362883,-167.82408179026805,100.46848352566852,-723.5915483443667,290.65045350875704,-186.13727198735916,234.93627466731786
4310.415339654035,117.80890114822631,-18.335719965741305,-170.87094592217164,-31.52301664289746,-421.16336757423556,-165.01138533078404,36.318127465472145,-84.99922374468775,-446.85754461577324,385.66653440972175,-983.7611620876947,545.7045423888936,-259.29235883357586,384.84952234029635
4610.750248555919,-12.569956093111813,-103.77168378388784,-446.40758135692624,266.625408944031,-374.2966291497832,78.33893487858842,-1.3567218829776095,84.3748959107935,-801.0526629098354,721.9877282871786,-1154.32906551368,822.7360158216386,-281.3275959137229,520.9901284294938
5017.5102200828405,-380.94410324298013,-14.84916912814441,-557.1612005821527,778.9929849973114,-95.35361616977966,169.9663356449314,-145.58914266469944,242.21147717992133,-1251.8144129601076,1174.5435951504912,-1209.022746995571,1138.0087718433847,-238.6516086178087,649.3203148778209
5835.285120804768,-596.4983747215852,710.9075740482765,-185.76509503590393,1229.2422949964464,235.97342074397045,-38.573437149727965,-608.8940175455505,543.8351425104332,-1768.3236374896323,1803.8296876842187,-1114.812973300195,1501.5949785303885,-129.92376105904717,777.5449342250681
7065.482021486117,157.5587503700423,1804.171357234038,418.15414747221075,847.8872169623074,36.350699372796555,-400.7297615407184,-1522.182497142141,1266.671129720158,-2192.127151989139,2590.9513619197714,-848.153338016034,1857.868862174814,11.367073251097167,899.5717612996523
7878.939058435328,678.5772111534412,1224.6686418882714,-73.1874241693385,-446.64436982968675,-1058.5585414806849,-10.828686783158332,-2500.1313088496254,2599.777431228881,-2219.5346761290893,3284.771068719475,-443.26818464589167,2030.0948517766246,105.4414445992781,981.320452460609
6903.074836089165,-1167.3085120373314,-523.5447099558083,-1243.532080559694,-109.48540249417682,-1782.794038472037,2054.0456305267735,-2601.043645060179,3993.6842349761723,-1647.2460453805052,3332.572256830379,-37.69815316281944,1795.2300247676608,65.44600396119722,979.3152836204981
3732.7812983105414,371.47321868935194,2213.0846080271735,559.0027684052116,3014.2159566140535,-586.8506336755362,3982.8882849093043,-1558.7688422402896,3820.3046671225543,-758.3381178810921,2204.25490914391,162.2475748311428,1103.6005635306244,-139.09414686523115,888.5610648368661
-7.764202520355738,4287.212435917948,3639.2642824267064,2448.509370625515,2165.136957801436,306.78362262113916,1716.3196519053793,-744.0426974713671,958.5992154273721,-248.95700039029646,83.50569057408961,12.580656006182437,226.33872515901385,-456.3946476471452,762.4082629974735
-1643.7426941709102,-3522.069667303229,-5854.4181006717845,-1926.6234087041496,-5287.203813177784,-1503.212045696983,-3908.5012532345536,-1022.3129620473132,-2984.18407185116,-268.41615871880845,-1972.632624856543,-293.56331024139524,-404.1725669555782,-731.9443889262795,680.018164390487
711.7236143303294,-10255.132667578597,-12130.632098179522,-6057.173250954937,-10278.0016395802,-3355.4363088632094,-8009.663864469554,-1385.1313320121844,-5924.4434350199135,-269.48757085588187,-3337.1008154859924,-397.1471929382045,-605.7647940600822,-814.8996848502007,698.7970795977773
6894.904236650473,-1629.23790305633,-4829.614598723583,-2915.813780175838,-7228.296420769505,-2470.7069290053373,-7838.181511731485,-895.8372577579765,-6813.495657999785,85.47414700988878,-3736.3513521825516,-188.64976885542603,-282.6743782488778,-664.4252083564384,839.7179081346653
12946.773351029406,6623.75888741242,3884.8542234686806,3425.04501048384,-55.06548678148654,1478.723183947218,-3329.526521754524,1592.0374868496197,-4365.551591617317,1667.8408227364362,-2088.6553065804637,727.3158412923704,899.3426274240865,-177.47342274844516,1049.8644275407441
12423.62489769468,3395.313026701569,3294.331304807503,3862.7320735240537,2730.829133216007,3209.318956782033,169.19025479557362,3647.2917300363933,-1198.2763058882867,3508.459277425548,577.6689472602536,1929.8106996331235,2318.2327716324153,440.3508796650509,1132.920100992695
4775.796654015014,765.0801408131376,1051.6224303997474,2521.6321014850228,2390.157623802108,2649.712473569692,897.2210677791552,3378.134648068046,-198.03333403638862,3312.768487013454,1503.0909512025646,1706.9054022448624,2409.0115187475885,465.6891044221379,927.8315763703438
-2331.194327433694,1131.863966764012,939.262045058367,1475.4236895532715,1909.9646839586312,2008.9708087083036,933.9185058040955,2755.9707515110154,-133.4303089504017,1976.5052098116917,828.1190052007507,113.5191760413835,1116.910212229775,-209.6423693286148,554.4801057136384
-3362.755145993538,3005.624511321763,2462.8857018206204,1322.837830022629,2279.48977040249,1224.1242717755558,1182.2212634554749,2312.7740448964933,347.17055414936,1289.0316455079574,591.2719716115696,-886.4910743746655,16.721029378275148,-760.5417028032236,236.8190824356236
-662.1516293373348,3004.303122856475,3469.962047155939,1927.3563014384035,3416.9457201897,1184.1301325156173,1871.6007220249855,1832.7781340690976,1028.160600874375,1221.9822482875406,1293.0864451416683,-396.2089849717357,-6.454476202168848,-629.0998998625599,42.4866715608147
1335.0178369157966,1850.3444719819963,3188.9553892844347,1718.4663917259538,4206.577085496308,1569.0597926675548,2640.9578744846567,1523.3956343216637,1390.4114725882268,1062.0227641114182,1916.9738352470017,636.2043497788048,505.1015078158997,-110.67760145068553,-68.2910795953652
1630.7335929450965,1405.2652313385947,2540.491865866804,1049.6268077802526,4015.6788943251513,1484.1551504006602,2835.489246277395,1297.3557726342644,1284.8886623136805,525.8042386855939,1674.6462607175574,981.649611602069,693.4700619093591,233.44265796335088,-134.6272488435401
1549.4044030911064,1143.3504956310971,2053.31268127873,430.16015149304906,3130.0049778294224,834.0561500023817,2309.143963093984,972.2087523897003,926.540520561321,-201.62772454645983,738.125540873019,413.51198799815944,309.7371675645383,206.2719651261195,-193.31888938355985
1604.0207248902416,915.4605568182928,1853.2995018282695,-132.48667759974288,2196.713819026574,-22.130258538906148,1528.8189245891292,607.785769008583,653.7934632233721,-757.5740069045648,-214.53226546147965,-406.217510289395,-327.84532667157896,-0.15779758653918918,-282.5021223668938
1009.4652392287771,997.512321157583,2004.5197273855447,-502.0720049517586,1739.8830854984305,-661.8031115629054,1041.1854381191383,370.28943421221595,670.9456839791806,-847.6172784283453,-651.6000128472783,-735.4872105202426,-826.2250233365797,-119.36014949413345,-418.14513714227814
-762.0519483070035,1210.0175445820892,2431.467269442304,-629.8055252972282,1947.1768643791881,-839.3129146782937,1008.7349776792502,348.46257985903725,991.7174848565928,-354.80995283449784,-453.4142808762648,-282.23619395448117,-1021.9758864767642,-23.607406251858094,-582.5721182563667
-2833.956708632285,1291.2799263052038,2972.5543438205405,-735.4366742883337,2521.4944082982865,-548.6761917320292,1251.2309327118714,579.7601546068765,1555.7292906846176,637.9073172380947,141.98048056158422,765.2395237285781,-959.497713630578,266.6810003808957,-732.68052999904
-3435.2459894792723,723.3496764582524,3149.0016613580456,-851.6149665575518,2891.4176713940965,250.3276777080647,1692.5693363032196,1083.87215965948,2236.0414098248725,1832.3223717517517,689.9227596906366,1948.2459205856976,-776.074916276056,644.8433481314887,-825.3211797561178
-1947.2545037812076,-431.3000299907187,2732.7331949465724,-96.61334196033408,3187.132569886901,1607.1110752246093,2558.3514690705156,1701.679079295935,2692.0650967018078,2775.3686895578826,695.8547464972919,2790.727403827652,-685.3154756789073,961.2326848508403,-860.8316945692598
-335.3343232591616,902.4847814223526,3803.617941263997,2233.1967729305575,4670.298051781034,2806.890343432037,3856.315562540568,1896.936306271746,2299.204129249375,3036.61502027842,-255.2272211609095,3002.5365451182333,-964.2941221801269,1073.0059731484243,-898.5853720972307
-840.1870532810384,5236.260327895151,8271.457938226604,2865.8728171204425,7188.669890738544,1559.5756442398215,4252.112758551788,692.7386829560808,317.48672145369915,2360.3972236187556,-2198.696468780618,2593.6081763943553,-1683.8903764563129,958.7827704406104,-976.9656152201567
-1822.0922170112963,1622.9662016499822,8834.632727207862,-3374.2927935065536,6213.495309386926,-3510.1139199338795,1802.0596972935516,-2089.4968052902004,-2866.732306550009,1129.8310432330463,-4237.287362595604,2012.396879890022,-2374.1498578961778,831.6177875562754,-1015.1794776563755
736.7014944684735,-9938.33059285711,526.175911163497,-11531.527205255457,1022.685688528651,-8595.499067185248,-1673.6204622234354,-4247.9634497846355,-5088.293376877908,685.5408318244503,-5110.037336233934,2005.6541668819805,-2400.808683199684,979.3036184628157,-897.071944277564
6976.531850093045,-16439.40052357435,-5904.7580324852015,-14963.987219609393,-1792.2352717619137,-10346.944105065737,-2706.7275878982805,-3941.5778418237287,-5312.75395758522,1874.3625360774813,-4761.659291836974,2839.559225852529,-1736.050614489123,1414.5672757587029,-640.0077095346472
12341.01528093266,-13527.372683608206,-2494.5540668604262,-12787.645913162145,742.5606785935962,-8672.0475683328,-1111.800147947322,-1704.8424018285104,-4505.587182553852,3959.689710130798,-4053.886423516558,3969.24836868716,-862.2415728878084,1883.579856024855,-358.3559544870935
11854.363149510033,-1007.076635664012,8208.019975716119,-4563.148493379821,6337.794878431597,-3973.8398977742127,1474.9687224829784,828.9996084262332,-3749.9506425551317,5285.580919315147,-3715.1282378182923,4400.73020275972,-355.4719676821362,2037.220835797656,-178.44297248931815
4846.553254485091,8440.805620526786,15803.739621356328,2427.122845844227,11109.596236574072,715.1514555745673,3787.5790903887146,2751.3400806896384,-3221.3428842534945,5132.776675820442,-3826.491485863934,3529.915778761765,-592.7041827504019,1620.5224999454715,-194.7163033387618
-2336.051957184363,8245.321944430918,15368.956745302736,2520.6839207466983,12155.0176196886,2167.1327687604476,4877.811828487528,4269.843974947698,-2772.103170848246,4786.929809703804,-3911.027377852333,2189.9708242410243,-1235.0561411364122,910.6136201988985,-312.95013427677753
-3033.6979967893694,355.6263702069692,9574.425733403881,-2024.8977026622085,9379.612095421231,951.6039054890571,4357.1653733057865,5253.875542857678,-2487.5688280211043,5070.2757580465395,-3698.601950847765,1492.8053963670875,-1591.9717608211445,432.77765496043895,-335.9562314467838
1530.4044817442516,-9867.099604026898,2505.493019502351,-8397.54853540964,4754.344398566253,-1722.5355316833757,2512.8920527929354,5324.04545610122,-2384.144638868166,5475.078513748918,-3143.2296494570633,1451.5226067542096,-1442.8555991478054,288.02664303884495,-245.05950455357592
5881.336749642659,-14420.822138419639,-1570.7338499986577,-12365.2825011527,1117.5074994738359,-4331.642943172688,86.8375078377336,4487.474081372664,-2610.7040738572105,5488.313689150921,-2358.192229877051,1692.3399610686909,-953.5887157250997,334.0949863314846,-139.4513183001236
7212.080471573441,-11846.818563892191,-1281.4004080801199,-11822.44343588146,30.68324932693011,-5368.38403290007,-1860.1138122804284,3259.972295530753,-3133.759077771201,4972.656197051238,-1614.7002307227212,2031.829888238072,-304.0249343468976,499.46469573148136,-42.60299485038196
5987.033970559177,-5883.174576671304,2034.0995306240056,-8265.528283525493,838.463859133449,-4814.5684301476995,-2931.962977821369,2097.6979665505664,-3764.3507998001364,3983.9035253612965,-1215.3926485749703,2197.817196676712,255.9908160964759,650.3893212257144,80.25035497560464
3780.3005123775984,-1025.5941266723348,5694.858473853326,-4686.984214425296,1996.3286427437865,-3720.563849943142,-3423.7949448639674,1108.3504725728533,-4332.860072326477,2652.688439172086,-1376.737150233659,1792.034672594255,389.9817493261878,569.9786606731931,233.65624664042952
1901.185480896723,723.0016025337779,7420.017569118209,-3123.486699091516,2443.8948317356694,-3016.9819548628666,-3656.135273080553,388.004808914817,-4638.273013182002,1218.6624295029105,-2042.4005767765684,737.0902510725213,-11.567068778513828,203.2599285090698,376.8624659964843
1047.3913948993427,382.4009151321214,6658.358954020367,-3340.7653839975096,2062.251111292888,-2727.586903280468,-3620.7788656733856,148.32441429951905,-4559.36530592827,31.736990586009142,-2865.7994908043765,-502.39563419280546,-616.9584777901407,-255.04990071836272,483.56622637935226
1731.6447846021817,-1435.7334428682639,4152.836575303515,-4295.373697376028,1525.753593408107,-2169.5215871310866,-3092.3287902019215,362.11022631948674,-4249.075480992654,-691.3154327755656,-3498.2036811974967,-1377.947641467722,-902.2396435138265,-587.5999565838815,589.0321148348871
4146.886075167037,-4876.633347338238,1631.6004687873105,-5206.210877768139,1487.2613705855042,-1103.9497215033284,-2268.8882379387105,517.2145341573031,-4142.128362521005,-1001.1624229108627,-3790.2264472315137,-1763.9976314784683,-616.1621119393878,-758.6638856038118,737.3237360215778
7348.723413223255,-7520.861266118295,1112.2149300016815,-4991.023924923226,1437.6431381123334,-613.32460922829,-2154.0667343000378,150.58202412919286,-4620.7738505071675,-917.8525335188166,-3609.126223007533,-1793.4734301472163,97.15578943669749,-823.4347297785516,909.2638798375182
10185.647740422966,-6331.694141571096,936.6749765677238,-4611.434710576199,-369.34673637558774,-2102.62462970245,-3634.7400203590933,-20.664534598795015,-5402.598912664217,-41.744930711085715,-2577.084759410085,-1387.7581637955386,1039.2168860642814,-736.6564327981291,1065.3643612118856
13346.69398670964,-6833.826067293061,-2076.0858438928526,-8051.788636011663,-3376.720817408475,-4107.1365749334045,-5767.555484222813,1980.143847061999,-5348.1501330192905,2259.3143703243645,-272.5376382264961,-356.0636802702022,2239.8773679207065,-423.7957433880775,1233.6336132131441
17139.48532804644,-14159.961939614308,-759.823723583276,-13325.286371174772,-2124.8563046351023,-1860.1959903340908,-5781.07352767142,7144.7924181257185,-3483.7418071425946,5845.6287249289835,3018.475124748793,901.5534204187195,3691.12127358364,-88.01849616758739,1434.74136637761
17072.757080829415,-13507.171746946584,12680.788665169066,-10503.840515223128,6192.422931141997,6059.0136360702645,-2260.207552602842,13453.856616669847,-401.47098868474626,9220.485576551315,6031.863122715164,1337.6802146685452,4920.698222365284,-175.56556993799336,1522.5738755209616
8696.403568743479,2534.4807533137973,25494.528434267108,1861.359153709452,15902.508632455292,14760.515917759152,3129.182413181348,17851.355468982136,2394.449706672434,10767.67013504206,7592.9393197026675,485.9052871694128,5256.577462197392,-788.3401178038815,1317.6374070156949
-4053.237944023321,15300.793731121925,23535.622023617787,12798.905574364753,19870.34177876175,18481.463057578378,6939.411390034803,18414.016462622298,3647.840199140107,9806.3959400486,7289.872745433064,-998.489858034072,4459.987579520492,-1495.9231377080637,893.4708461431343
-13436.951845910558,14158.258308151848,16658.42287121125,12875.511300990558,16727.20087443125,15700.290039425825,5464.473952883027,15145.879185422635,2120.366341445837,6460.652163542464,5262.799240092656,-2499.8422494748775,2897.910778495215,-1960.1595058133328,489.31881016273263
-16052.26922891034,6100.520549151034,15155.149309436334,5122.585945366452,10328.295305184945,10280.304227316488,-11.726069864291766,10689.882391241852,-1178.8676311613651,2393.649110459499,2877.7891315822167,-3730.1741151607816,1442.0177421168955,-2161.126325255535,249.78110818058667
-12188.310847689572,-6445.143743282369,10872.227327576527,-5205.099085726569,1932.531777205942,4035.4138758031904,-5553.963545832789,6554.92948471819,-3761.2676352158633,-421.4297620255397,1718.6038962019607,-4149.399704583354,871.0619793166459,-2031.1381267858594,184.35042533478594
-4098.534345556872,-13930.401305790818,2428.4472816686634,-12088.744081123288,-5540.47030675816,-1596.0944966557677,-9474.686857787277,3022.4683429768907,-5172.712553878937,-1865.6315004214334,1672.7628235036095,-3697.5700966334957,1058.2278153528728,-1593.6716085273974,212.29131086562887
4069.8716854317377,-12646.534519528122,-4639.681667556763,-13383.931740603986,-9272.890227270422,-4763.627029407967,-11149.858161136795,793.6217133449578,-5718.296924960784,-2612.8926612047953,1926.31056790433,-3033.2281693703976,1333.5863524584227,-1140.9778796042228,230.54224575837708
8706.745416425374,-10559.29381334003,-6421.498315257779,-12240.08122686928,-9508.775468504109,-5076.171750638209,-11031.91294750925,5.71067438023141,-5490.642108520045,-2995.884886576584,2100.1126249084477,-2562.3113142621232,1388.1163337835508,-836.4639908464653,213.26964658371264
8371.317771441276,-12577.77535963868,-3620.784913017567,-10814.807424321065,-7541.711507422921,-2995.080413946194,-9996.137474440826,258.235487692869,-4799.798164930596,-3204.7816792264853,2109.1358126313385,-2245.2235088947878,1367.5152348067859,-585.7474208853216,177.53211233679428
3552.205833243757,-13483.628755074711,1617.8599983697104,-8184.067842747769,-4228.698210918846,358.22561368190225,-8330.055818841269,911.0458295083074,-3947.5620620105774,-3316.973562568665,1969.5830558650612,-2026.617397112289,1385.011218393882,-348.712357919826,86.65937720956329
-2665.3544768309484,-9091.425907585373,5976.330038031597,-4005.7492619891464,-527.24345891797,3614.304104564393,-6047.891843439743,1638.2823750840878,-2856.6307071771557,-3063.7867518784533,1760.7763917020918,-1862.6329273190822,1291.8051001406488,-220.3022109405929,-81.7510271833393
-6164.091393745772,-2726.274794273062,6703.899813298921,-124.26132482524429,2003.1624884248429,5257.053175548729,-3653.2329677336397,2316.3861662911168,-1424.683283325297,-2217.656008259563,1618.6874013154234,-1617.3953825884992,1005.7248355913649,-229.08626789604466,-248.44338060812487
-6041.108904628904,573.3859591287796,5077.323955413533,1741.5236246952709,2758.6512581115235,5057.5642248273825,-1771.313820023884,2806.0143375208,31.44239396821439,-1147.7106201125696,1593.8925963901295,-1304.952269742327,665.2671653115268,-308.682063426168,-346.2160503067138
-5032.015814627084,1084.4891514435842,4163.007831789305,1776.076922691497,2332.200642326503,4299.04764007222,-751.6131804433637,3204.6752870895407,1202.0326446681884,-406.494461802119,1687.2490606906936,-1218.1251680895962,284.01853654241035,-439.02301407500363,-432.83164437178857
-5636.19099005909,672.6923540747213,4955.8993102833565,872.6715516740989,1254.3131570163118,3884.7012298694,-507.86492683300173,3734.705040100838,2263.1697052223344,-101.51432440399543,2044.1799276289526,-1497.0764529091912,-244.01767114060294,-575.1099323354842,-600.560686161046
-7369.56561354095,-943.677484088637,6066.690527449973,-853.9769313654157,-388.4291458361315,3782.3807066063046,-479.1322799906999,4534.529075021366,3527.8778837822324,14.621172226560837,2794.4961039099117,-1749.1840993478645,-755.2587656452076,-521.3721738109958,-836.1104434669821
-7483.600683906193,-3982.7218174279515,5280.870452939724,-2704.654515971458,-1715.5377380496466,4053.3023076460568,-102.89147617468424,5476.524762398858,4848.138142436374,126.12130568875642,3717.6231461258108,-1476.0614437703084,-930.3426427486303,-150.32734904248662,-1019.4453472666706
-4459.3659111365605,-5872.496862988047,2659.1065174901114,-2892.5405012189226,-1397.1118500776645,4922.82992095508,524.7958845178223,6042.583876511618,5632.247332850978,78.69287224445574,4246.745809200437,-802.6884458943998,-770.8280061210376,337.94463507243495,-1060.6750137156641
-514.2763316104542,-3343.0030974229776,2054.9083198230123,-777.1557004069377,127.10264970895737,6080.121750633079,462.6143713759821,5525.823718425787,5377.23270785896,-465.602382922292,3968.777076393755,-320.9820507703017,-595.7871255552069,637.4869434401639,-1008.1487414748091
1809.5723503382303,53.39603051262096,4951.377429934741,1168.738690988937,499.790660190751,6632.726518909613,-852.1198648645659,3880.7362979121463,4401.030623259452,-1402.48088355692,3278.593244989653,-126.51041815177507,-550.6547210972224,786.3010869308605,-954.655972328359
4663.328162797118,-1549.2833416469675,7694.099537316741,1035.8101667680226,-848.4241360637106,6632.157302269543,-2498.831942732223,2224.6052821262197,3882.309930264975,-2151.5092534426335,3167.073770496107,423.08190285211083,-405.3502115804497,1125.6490471517573,-868.8180129149615
11093.999873151699,-7930.321362640918,7403.864858399501,-1242.2191850382237,-3603.870983907692,6275.752010789511,-4345.9737061914675,749.1549075961761,4155.1633091619715,-2732.361370591941,3849.205268692354,1606.6428755697318,-41.49381838295762,1752.1444066136246,-674.1281333392756
18334.562633910034,-13478.304303621506,1692.3148935003555,-6087.126971648174,-8194.03666742049,3288.921947003165,-7574.103355720676,-2173.875522835092,3759.4776527829777,-3973.1398551955267,4184.385691157557,2677.034325020935,143.08034163949944,2339.1437337488437,-441.6315262779396
21608.43705190564,-9206.007735409263,-3246.2982387881393,-8546.905622894456,-10639.101147946069,-1683.4581089018095,-10670.364563609306,-6080.005336945872,1911.9528377341105,-5864.692781484289,3222.6759590874244,2905.211296921497,-211.4084050223778,2582.217071861208,-289.06260523042687
19774.831136587327,-5166.392194634132,-2115.520863105607,-6909.0633545538,-9496.272837589766,-3404.6554605218184,-10987.595651900574,-7968.5956201238205,241.4722799081291,-7078.1190197328715,1578.6229242120683,2512.9828995555963,-796.1082035525739,2478.0696453535634,-214.22117272753854
13879.542898538577,-9540.954383300144,-322.7772929560581,-5720.361889397431,-8636.107052462407,-988.8347011101812,-9164.832050370253,-7326.680110448522,10.123158334323595,-7024.97760682099,247.98387803726735,1996.5134617116355,-1181.8109811087284,2176.873875586471,-171.92914276087987
5512.703210098532,-12707.568126183569,1590.486529239723,-4412.553476912812,-8110.271570395202,2328.6505571741613,-6895.028102524028,-5995.124246012424,250.9063871468324,-6490.766924674189,-940.3575637711011,1208.1768839693368,-1537.790324318215,1729.1207773491278,-161.69486233126867
-3121.54322137755,-9679.584847221471,3712.75459004621,-2362.373234749022,-7193.102151720319,4106.265228942869,-5370.13698472349,-5246.102353794905,77.37612962094501,-6131.134096039215,-2326.135046554295,-114.23356922934828,-2113.7449343760304,1091.736115761142,-188.01187775323274
-9389.157394228894,-4403.494823158117,5549.555220682841,97.00459891553714,-5726.929745146587,4497.5642457163785,-4713.555766130833,-5281.481229090148,-225.20715481081567,-6103.205414321515,-3540.9696749292452,-1473.381162559741,-2675.88134588636,462.99539592608585,-193.04727903016294
-11652.220771974728,-198.20563535904654,6559.268584058633,2719.2069437892897,-3360.453388947436,5145.577787953709,-3542.717131764307,-5090.292775658376,-32.02674818636007,-6110.035241696149,-4204.877227729704,-2126.4713417645485,-2917.594831363413,167.71498093372725,-106.15877989686024
-11014.651482887992,873.9163354778328,6011.277064971489,3967.5263736966413,-1228.9097370022487,5937.183113165106,-1559.2513871600934,-4070.7671271802374,835.9997747212219,-5609.110973605823,-4164.312343656684,-1883.1727505723504,-2762.249460030193,193.2995896037034,30.691329003387096
-9306.75024049464,-294.26640088958004,5768.320507397783,4043.048012735733,-319.44501554693886,6390.418767367076,435.35002128959513,-2625.784110344459,2116.6352013630835,-4400.51588742755,-3456.423845426568,-1073.4334241259824,-2352.776573095057,253.03857477090736,112.65250307462986
-5832.2691173542,-1174.1179115904408,7205.21466122301,4478.800122922095,-215.1538238008255,6670.753841017356,2031.4318638686848,-1120.577329279472,3608.4541365401365,-2544.641358886783,-2303.8102031022963,-120.58980811602106,-1991.7922204377878,156.02775011046083,141.72958209625853
719.715501036577,-1315.6688947601917,9312.725878250056,5589.245129333923,-454.9245144670722,6969.923902877025,3163.23697132829,272.81298335022814,4937.942270834289,-358.3136595123323,-990.1131100022837,792.514591027066,-1728.3402394879836,-2.1405259594631048,218.41695374996715
8340.720023497015,-2013.2942489343193,9590.820375194698,6251.699543102624,-683.1041127173537,7519.000630351222,4129.379797689696,1402.7821108852875,5564.443579963022,1442.6668811688282,209.99921378522254,1674.8858939576312,-1227.0681828124602,19.789722229647907,374.7562777460401
13106.636452956838,-3696.7894819013923,7387.0672046777445,5736.303175975574,-572.8808654579357,7867.166803812573,4869.403194489747,2044.0955618406056,5464.865469132873,2459.372685456217,1166.0449983647873,2454.9996285867055,-389.31733626802315,261.46434445057116,539.4322323801497
13737.603620915088,-4375.520350716275,4882.208231003759,4656.964191681413,-268.9522624815021,7220.739253278379,4836.622656194608,2016.8418957312092,5229.50668495887,3046.5636229425677,1920.280464775606,2973.7615607174816,406.3599324445295,513.7428172804565,657.5491306346983
12221.116725384145,-2642.507780943326,3310.5756179718182,3396.0355961847213,-379.82767908183723,6062.5023913798295,4490.181559930241,1743.3743700081088,5499.744341702753,3778.621441656665,2656.537156543036,3261.430281292541,929.8533355338486,665.8495719964613,727.5386023161753
11873.436101200168,-1055.41102325585,2562.144823694232,2682.6236900798235,-1016.6987889057302,6248.388579506111,5427.92476411853,2183.137191211266,6923.438994622449,5275.842863618972,3836.4363932984356,3703.266562622457,1460.6442339077212,921.8541806491345,781.2596318123342
16908.100250698906,-2786.1328988199816,5017.45500560235,5524.21424879073,-722.7136823560895,9838.069016810861,9157.774449966553,4070.177513371894,9947.35740269562,7929.22914998825,5682.694089157609,4908.545925834983,2437.4013023603147,1498.3291835088157,941.6882525166743
27522.717428571752,-2968.877952268522,14812.478800951983,14693.640374829876,2772.3801659265578,16452.505248687357,14836.739243997356,6572.929848335163,13640.319941081823,10988.330220865868,7148.310237560729,6947.058226290259,3822.586064329657,2021.3593136219233,1309.4154768293245
32542.146703275706,5204.610871106159,26706.55636058727,24704.183162779533,7779.47440914943,21531.138409372288,18664.26728015264,7406.162473412595,15600.461746688208,12623.016671505016,6440.333411923741,8401.578825873854,4709.20447264479,1639.0900520639743,1637.8391003170368
20483.423573087624,13645.931361293546,28894.118014230324,26104.59624179693,9288.114968636297,20645.640567139963,17683.215550216402,5495.891737739739,14051.026539352195,11470.393233414286,3192.4953519371657,7419.861123141028,4084.3408719943245,200.30321317537278,1504.3472735739135
-1277.2415637630454,12219.076086920692,20430.78166536367,18685.087419585496,6475.183180087913,15016.71568420257,13241.351671401084,2244.750324567744,9860.86573051298,8135.831452192886,-795.0032090505309,4216.219198864627,2181.7697147428266,-1321.3310291448022,955.6469484739616
-15772.548843403352,5344.959924017141,9987.215342970958,9962.75488823855,3447.1776339995786,9478.176641404214,8907.269981678386,-280.85280443246154,5539.151461122134,4616.005655472293,-3451.073319017082,963.5315161450544,314.565813981959,-2034.5342468830786,468.0687670147486
-18131.5447799253,535.4288195087661,3558.7713375782578,4605.392305257171,1668.982351974524,5851.621967006608,5817.723661680647,-1700.6053986033598,2347.5377527504825,2061.611514336825,-4290.05931413054,-878.9886581902344,-665.6094239738718,-1977.0255883618913,294.3575119177911
-15040.43607434223,-297.4952702108397,2342.243782095019,2990.7701866736143,-660.5895971790765,2964.409729446894,3158.7033059837595,-3221.8983516554927,-273.4551443446112,77.26212189832763,-4351.3349720645065,-1717.4469307733007,-1051.6453209350875,-1665.1733368552145,307.0632821773217
-13254.598200109926,-2458.4451953370344,1706.7257284402724,1698.528696550441,-4780.591098734889,-681.6896152585884,283.2645875578545,-5352.992298789294,-2849.348763668099,-1737.1844229121284,-4764.435999248448,-2490.9989781302243,-1419.362063343812,-1523.2788684070892,315.33103545028473
-14749.220888772323,-9547.977582832284,-3087.0543575866927,-2406.6342520518974,-10362.585443669443,-5708.458550547234,-3190.1129612259647,-7631.577485704593,-5252.98518546742,-3190.1482400990094,-5589.832278248426,-3343.557378582125,-1711.8510734539757,-1648.8080832945952,257.4817997248831
-16572.80168584482,-16031.072617865371,-10538.53489731632,-8047.484764026769,-14249.381500313937,-10130.39283143943,-6284.278942741175,-9424.82533030137,-7135.981705739166,-4059.4462674576416,-6305.09333106279,-3894.059684809513,-1576.8400211629944,-1796.0569729981078,178.37037716015504
-14317.90065535209,-15652.729984177155,-14308.1011664192,-11187.239471986926,-14194.349346163024,-11734.669527872613,-7749.657472120261,-10084.271483972454,-8018.564798505968,-4055.4369222411538,-6527.107254897619,-3940.2140256180414,-1007.4071738154475,-1740.2907660127453,113.20278105684798
-7351.868742690616,-11083.905024856924,-11831.001601725482,-9751.921815866051,-11266.389353651255,-10545.352226793158,-7425.191268884721,-9640.269349522661,-7742.121615554735,-3034.604667897107,-5915.63117076419,-3403.229947061791,-164.48225057938384,-1473.91202808033,38.68819732897559
948.6058849720052,-7476.03332322847,-7125.4025341180495,-6385.1218076858295,-8043.427936760038,-8348.430031248039,-5938.462270883479,-8655.380022779415,-6685.3365102844755,-1353.5771925958802,-4432.3869945675815,-2313.25752366893,797.5301051695105,-1026.3586562770497,-56.38741649627894
7111.269667738463,-5148.80382713634,-4128.338890274435,-4299.771099080494,-6193.784924147561,-6738.158825224237,-4173.547295103498,-7580.398722102698,-5446.119303711696,335.5255241892349,-2626.7130905331137,-1079.756465484165,1604.9424550579406,-523.3891179015762,-158.74691011778825
10067.453964657983,-4355.318743521673,-3870.9416797340464,-3829.1339384000257,-6007.580808961199,-5976.659319495697,-2523.935106352445,-6568.662520474969,-4397.116564202603,1601.4236132164672,-1148.9826497012582,-239.66003747734845,2013.9396163133913,-180.69892874560105,-263.0675534692652
10684.010257209395,-5988.392933712936,-5381.912805648008,-3719.684016209802,-6984.768341634851,-5698.271040364228,-912.244296096103,-5605.5735290257335,-3630.145324090198,2421.732061285721,-204.85238813653274,108.57523003500987,2088.127354451135,-0.18432884053305543,-350.4703127478687
9434.159374055982,-8719.550260542821,-6104.048591941435,-2328.7619531467826,-7652.970634396006,-5148.83605373691,750.9090737686537,-4597.147202655472,-3078.5631705532023,2814.0713908011385,445.76227642344037,296.5110166825568,2188.222125412739,220.40973063185612,-418.81504464522953
6096.45553608757,-8488.52850393187,-3862.19346499568,696.9363147574549,-7086.778476710901,-4198.762970125154,1943.1493522077196,-3276.7561676901205,-2176.6619997414477,2955.639834612815,1139.6473852011022,469.6000689633662,2444.946837227733,521.3795944786093,-511.1765181149026
2297.482226810198,-5241.505518171498,-885.1287420483312,2484.6485915212397,-5616.054740499157,-3069.9039787364995,2172.1543988345206,-1310.0912084924337,-525.1530406456236,3262.16939746446,1789.7345192448563,429.366055571841,2451.575764067067,695.0464891412839,-625.005879929426
701.7179352950371,-3105.239968173563,-328.8315353831082,1675.4167568403939,-2954.310153898975,-1036.736950136132,2390.928786506617,759.8369198660616,931.9791609592202,3570.9677018843213,1997.516043067878,190.63137485063788,1988.9450809471546,622.6539465651367,-702.599548426867
577.2059200391393,-852.7951791659128,682.9964017623537,1773.7644529732947,99.19286112880133,1297.8919133236013,3429.638245016442,2185.3688595511007,1423.546646404356,3827.3741400345693,1963.2249316300379,-178.34861235227802,1441.2554056851818,468.2016150211842,-768.7625084448207
-423.0677304895865,1813.3817656779318,4259.647314192024,5305.315199485131,2235.3725579923575,2977.5802207628185,6027.801953784683,3418.5644040506477,933.6071775485051,4682.419060915587,2346.7502685084182,-982.3212821724545,1133.8781175791642,555.6915544528658,-883.2659885739643
24.009303150981594,-1501.6349110423907,5891.185171775931,10093.104096916262,1076.7247515316765,1993.354718581507,9104.039090555038,4073.181325112598,-770.8316506856622,5700.916596474707,3232.6101402583595,-2005.3016112256125,1096.549422028514,1072.3794410443948,-931.1668160851023
4131.7595890975645,-10614.694820308796,-208.63025685746157,8568.453486375192,-3177.37662403719,-1584.2310487742816,9075.042547161012,3470.6529138094998,-2492.504522660368,5621.167889406633,3893.087843756164,-2299.01746432134,1235.0865556690264,1665.1352946856737,-766.3956655061799
6040.914261095261,-9046.362950049981,-3566.7822273147444,3507.463681821294,-4077.352118633745,-2701.610390062684,6250.543872190278,2539.6564080090634,-2508.942530025327,4249.650894948407,3406.352043564533,-1752.8274651352772,1174.7874231343012,1673.4808765134098,-550.9692121615469
1072.779281388244,-997.3199294250229,96.78952929969499,2252.905602107249,-1179.4195876051942,-669.5006904052457,3897.871216759845,2056.545550818593,-1275.1195591574249,2359.964158698122,1709.0741967671909,-1416.1318590890653,549.4013197094146,1044.4418395355376,-546.4520589778208
-4413.596962883652,1762.5409732299604,2707.907000059743,3375.507937860065,967.9444615459357,1061.6951689103514,3043.266988816517,1781.173969374462,-387.3450909014434,727.6902477485559,-77.05991572407522,-1904.7906835353413,-414.85539570302143,473.34585445009816,-672.0656352811359
-2242.6956397609874,783.4250983399709,3022.0396669153433,4613.945536732878,1712.863172404682,1529.3131757422345,2992.3910673478617,1536.5776239179295,-420.17651107864106,-183.7113142602767,-717.6169134969224,-2598.702849515266,-1077.4210673317948,516.9435053195289,-647.394747940939
6306.57821013764,-465.16598456563764,2234.489633035702,4910.144370972583,1426.1288752500554,958.9282901795726,3594.503534211154,1896.6071569302408,-683.2589817079452,-33.74116088034339,42.192850547489215,-2500.650668597991,-1039.3621198000703,1017.8480693564709,-420.06774339347135
13867.982661656095,-2391.6980808388316,175.84203606740596,4470.328030078015,454.07143781393955,-146.31314133793822,4927.627101776541,3198.8544467748443,-489.00417038797355,927.2784121913551,1410.502763797042,-1498.2831900426847,-479.2605328873444,1506.802873587473,-165.70287428810707
15977.528968027009,-3968.215587981603,-757.6482164317382,4918.114730458566,444.10180159820953,-527.408555690161,6083.498068157608,4369.227894305972,-113.21366744265134,1490.1744604812593,2199.9666006167113,-579.3274279788445,-67.69508470575775,1765.7505830461464,8.196738917023481
12718.682638337497,-2812.802198711355,14.260966042095347,4792.50252076894,677.986648394849,-719.3599114448825,5666.931240620505,4112.328704048023,-359.27195566990537,909.2009696535197,1905.6203185839765,-498.5696589129329,-256.8016982743618,1742.0975464719934,111.90666519363626
6374.926850956059,-1412.6425186398826,485.8872635696425,3723.9209354668537,345.9618578765211,-1216.2424053119066,3932.6492700422964,2673.360109710628,-1283.0148738144985,-312.6292674477294,1049.484421587175,-877.8185983904439,-662.9807952248282,1461.5175097781416,161.57629211505557
747.190550892919,-586.36806796035,619.5337208262237,2724.496944033744,157.4828834423628,-1358.6042127161415,2147.733296297086,1062.915714056674,-2203.078232856226,-1405.8142650132227,254.97876786484275,-1114.979369276481,-773.8435469837827,1138.8067187910929,187.60360939688843
-1368.078719795434,-254.66019909206034,514.7019061339754,1863.8109788088464,163.4794221469818,-1156.9691415698628,831.3775336328569,-170.64693548735372,-2782.615613248309,-2028.902648547274,-274.1953174894597,-1142.687593987599,-637.8063926025743,909.1474551038252,223.3044730160334
-501.22558226971114,-326.57958945512314,252.85064286554774,1175.2101281674225,242.46395860842114,-835.270269766266,59.14918058556532,-798.9763042400319,-2893.613853456113,-2032.8719185157888,-421.9764607230919,-1000.6687689788621,-446.73131405731067,740.050729065184,265.65841857773194
1341.661431893914,-540.1419533689419,54.82958234409581,856.590320285137,242.69125293155915,-520.8817160444653,-259.9265970175152,-851.920985109495,-2309.767405287802,-1293.5663834940913,20.4315638910399,-512.2843751747722,-205.57071440822722,662.1210669046154,311.2705435753146
2904.5968407109544,-560.6274410623515,244.87636836886307,1207.8930218150067,312.46555501153546,-204.58778118517785,-166.63739837396474,-466.84273458639467,-1128.6945119365932,-36.93660394145415,1109.1207987141122,402.87191042641496,72.99187276819953,731.5125186433984,381.02077389013346
3852.3678211657334,-391.14356809678515,800.2628862169266,1699.4604578658923,819.0121515582099,333.6358873926424,453.911688821583,363.50224448801873,114.35994987963437,1050.1474341837873,2395.4608325980003,1365.9095598756164,203.13150510001344,829.8686433240393,490.14439222403865
3394.2629099657233,502.57552838572144,1565.6720429701193,2025.0359079936652,1583.3305899619795,707.0559977284597,1359.2556201933767,1378.3529541906066,867.1873369392786,1343.65804573407,2936.2102347073087,1639.8311688144056,-76.65844335385282,672.4556543217931,599.0405210560793
344.54380401995655,1025.2661131785521,1966.7767148515204,2939.616646415499,2243.825550056186,584.3939691049808,1662.0545429553517,1475.591425726111,684.0274170807972,719.2177866423306,2108.191984125654,888.9619255062878,-808.4227603265185,159.82336485185715,639.595104502299
-3252.593162612588,770.6411259054306,1698.0409822652593,2773.9744943222004,1429.0305942943196,-307.5668839547691,206.53585529602736,72.21893110182737,-738.9920276103,-616.4935296513657,705.2008670941715,-24.126624937092846,-1550.2622765001684,-349.3979322223795,642.7568515152745
-3427.736127031877,-2139.5861699521115,-1724.4142235466586,481.5804714371642,-1401.0185879540172,-3055.7596329946455,-1959.0306713492255,-530.1761522273287,-2134.799083177359,-1925.7105823102893,215.42874346306326,25.4078842479853,-1735.1752371928599,-513.4638011232511,703.2232536002766
-1908.7314788453643,-6363.783094399271,-5002.512200852111,933.6123901230334,-1979.5763261152574,-5193.104385598901,-2452.5458085724445,556.8650230921401,-2178.3854825633052,-2505.2736829195906,346.8832398079055,479.67062713820565,-1577.3293447672597,-566.9822382224422,750.5916208004942
-2633.3315455003935,-6631.714645602543,-5262.246642278073,1650.2727558032045,-1674.6847059784056,-5798.63554757007,-2823.710253778231,722.2300663471837,-2291.303950799941,-2870.233609884187,-196.0574496008523,218.85548044739548,-1683.587420517872,-761.926294535977,654.0310101395854
-2791.920997863785,-4259.445736566002,-3774.836689499634,1749.3264381009549,-1273.0698273146281,-5480.5631791614,-3027.4784014931574,428.80783015703093,-2346.973550378477,-2851.27847702479,-745.7776361404174,-231.83686499261887,-1735.5392404619104,-806.4686522696187,537.1951855053275
405.11888369368245,-1115.742561856515,-1275.9096970984542,1271.253528259178,-484.21734603267805,-3472.6348184633907,-1868.2661806225785,563.2227911571041,-1316.5448587071248,-1698.7963304143575,-211.5709434258814,-36.696969733523645,-1184.8521096843579,-540.3754387509198,572.1565541267702
2915.3690618822834,-99.55320804856389,-242.49840112574213,730.5800277787673,-243.03067862419465,-1972.7013966547051,-799.0002864119992,724.9661131592624,-196.7002338457234,-359.59965618349435,773.0795770429988,575.7733450182373,-459.48621947769624,-350.73247918787524,650.1249971958769
1595.206320358217,15.938983394652865,-102.39915797509211,1037.1906384205447,92.24047273331797,-1509.6974103131404,-219.42668087936065,1125.1427169105075,587.229395463411,221.1901247253519,1289.4663960775247,1120.4803442691098,-163.93186203607945,-522.3026282174858,590.8830158489036
-770.0713386288537,-544.4848541210998,-753.2312485088665,1453.47208279266,381.7593330529224,-1705.2041057669474,-80.27498593892142,1606.5560650547739,1021.8623691027487,126.47664503251224,1127.5919124361485,1276.1959207443092,-273.27343747621273,-834.4430193721848,425.43915323142664
-1175.8096990210377,-1435.6413467661735,-1466.208982065229,2083.39530114961,1096.3734827985124,-2377.112804155977,-570.1142566954205,2072.8091592817727,931.9953932244277,-576.1274184191068,428.4474588217304,962.9443966223553,-502.80440402984834,-967.454509771846,299.7867196102331
-1411.9198903567158,-2723.1851075524546,-2572.390946167979,3432.149225510849,2408.930214965693,-3613.3855115449333,-1726.9472078946599,2769.075226766199,813.600048557192,-1817.8957926817134,-488.8097369009014,690.3864286991252,-595.192700424134,-964.5180966035175,244.70144683612017
-4110.26494550883,-4666.143019513935,-4436.516427514304,6366.17226488585,5035.0383837254185,-5205.812130839343,-3210.43177670891,4309.568424456595,1644.4775052813452,-3281.535208335318,-1401.8050701180448,1176.7081256125298,-266.1444496547717,-1099.543746047492,152.31323303880617
-6439.0612426710895,-8043.6791507271255,-7572.3999662208125,10781.792912840921,9021.42711204176,-7107.170557170781,-5149.299754580679,6377.310353457221,3423.909733288651,-4428.993419295102,-2213.689584561839,2318.570099931211,590.0187307203942,-1332.0555432868903,-23.19850348453464
-3475.268587370893,-13294.246026812994,-12142.376124249433,11704.921916811705,10454.168440243979,-8595.987973141795,-6896.547797848828,7007.93042552082,4761.052218981117,-4369.708172182653,-2443.7087994775393,3092.3392041604866,1472.8206355569373,-1251.7034291858276,-167.73875502705437
2518.3481168396816,-12339.568032800782,-11452.41034052847,8383.662593483961,8287.189969278294,-7058.137889290992,-5949.55919009508,5798.517820609877,4677.458128849233,-2696.6506180169827,-1575.5804167964843,2801.076271147728,1603.5593731748522,-795.037875561717,-204.83281746683272
4322.634919603523,-6347.775414166612,-6272.401509413693,5554.2915157886555,5749.281512946325,-3334.8555646431423,-2745.1093389952216,4282.658562089066,3439.398168548134,-547.2649730040486,-66.54232318273807,1793.5311085317062,944.5960983130292,-385.8993876939425,-210.6077277113231
1486.1490629584212,-3295.4787183405665,-3405.6708935790134,3108.6637815302797,3452.4030625614523,-981.714599463567,-396.5243285222818,2947.608121017076,1658.5683356510701,547.0061408194774,1009.5329704430349,730.83468367708,133.9834834191446,-240.92889662408578,-241.58464448684026
-346.67077281887265,-1984.3420186475068,-2235.1508956290463,869.9036766020273,1508.5037028320376,-518.2923681593625,246.44528676572793,1647.1322610526213,-11.718418710997213,365.1783638404504,1169.0494036877553,-25.395829103192227,-348.34006149151475,-265.1728764577921,-287.00732543587804
687.1938006999942,-783.6013868043234,-1162.3486588025041,77.658598842708,673.9229560892921,-612.3180855076114,211.90179484649465,655.4649404883471,-988.8509299725501,-156.6805240816235,835.0910291318423,-215.1367409425876,-290.25525060018674,-300.7771511549506,-366.0806087560667
2779.4850594354034,65.06973594107002,-667.6765559824872,370.47122913631983,491.107499270649,-630.5017123282153,462.1127209158466,252.77769272660504,-1176.6045275569904,-29.627719798517717,738.6700666903457,298.6440786495966,310.5969889514042,-148.91714854840546,-476.3598597637015
5139.354505178405,-260.04542242005414,-1192.0845631917418,-120.0866409753624,-345.25208990329975,-309.10120522009004,1542.3082711598186,670.722866341356,-817.0744982031549,789.0212072228885,1040.1895651012821,1066.2586471318646,993.0573752359528,166.3386460869424,-549.2378309715808
6651.942904471965,-749.3056098130185,-939.310402199361,-1069.5952930158148,-1451.4213021632759,266.17058714759327,2597.7109270840183,1248.3371301457355,-559.7022186582903,1151.2749271779412,1189.5306323720679,1267.8321999266152,1087.111460265771,282.88386208304007,-557.7448209034069
5530.980018651679,-296.66157518836206,85.05550124543151,-1726.5692504423614,-2514.9894861525954,-0.5067690177239683,2570.093141114698,824.6148302076417,-1073.1089743176265,467.1475098610297,941.346388643371,878.4180765193875,665.1186509046865,87.98728165495493,-568.5209438822196
2761.777177115117,1352.534546948008,1580.9662653777227,-1655.4117816680734,-2901.635586310363,-378.49543920204087,2052.6435523004125,436.46569262133494,-1191.6236873521236,-259.38060713217044,301.8958792051394,425.06768641961276,527.2542891084232,-31.594101050897578,-634.4239857946768
220.92094196674967,-1062.529585441025,-1124.4511589821022,-2231.926182418914,-2246.6508623042973,-2298.7273935527937,-697.2132768270673,-545.4866869380201,-457.2637663999946,-929.6873896007609,-1154.1030617920765,-384.8052249669604,765.9390785590592,96.84127418782512,-734.7303109549886
-1460.9424585137822,-6130.977853323587,-5868.727065228709,-4920.947432154911,-2745.8327723244456,-5391.497635004624,-4225.326045323014,-2602.6423917493853,-155.9584048553594,-1679.3520993259974,-2743.018921510621,-1387.024091263687,892.338877304634,314.3555542055366,-784.3169976212876
-846.6554955718037,-5487.355916016776,-6553.0957854036205,-2991.4651315795145,-163.9762990486706,-4894.133961237877,-5448.447745779649,-2766.371034410123,1065.2336895950957,-887.3264646670116,-3025.397674526746,-1368.1145935294721,1207.5010122565418,641.8691364261301,-660.9958716536764
799.6929673198656,-2377.148776305348,-5001.5279877292305,562.6306018615505,3256.3825410715745,-2627.9618127326717,-5597.556364125618,-2012.3323326876773,3246.55847126324,1245.2591145423846,-2181.25731683959,-405.9986807642583,1898.517658022748,962.9308022795014,-413.16872401789027
-574.971483611423,-1451.8103841066127,-3638.463747532736,2724.8700630568546,4459.964833713178,-955.8009478442733,-5068.718393429829,-1918.994852099514,4121.764363579277,2478.907442863125,-1286.182540091193,331.77478579322343,2142.6902122465285,908.9028610169767,-290.5264296093061
-3910.4998986968544,-3588.3476487422563,-4500.810559563124,2025.8529277536413,4119.499635412758,-490.77003376222365,-4779.433641742509,-2201.3489287003777,3524.674590734232,1988.614001664029,-1112.3012120229896,245.12002378440408,1453.7384645678503,546.7773980892524,-372.69902761903086
-4025.892608898818,-5475.061868902232,-5551.657175689729,-527.6228193207323,2980.293135079216,-644.8673290009232,-4996.1793144768835,-2589.333439469891,2448.529874130782,575.1101173709177,-1924.9730963272823,-621.6260038813608,310.9953062723512,360.54473139689026,-452.06997636046145
327.32050858166156,-6156.534561569405,-5817.795934163422,-2211.2505965804658,1767.348200320319,-845.9525620869885,-5097.701829745264,-2951.1212110702227,1615.0059788721815,-454.8366508488335,-2995.3951464073457,-1676.7301602183288,-580.0149434379077,538.0743564305982,-361.7310356398953
6394.323641412181,-4618.6634932328025,-4976.305805695587,-2419.2813083080882,1129.5594502778117,-1201.9373464055507,-5442.594838175644,-3268.8739050874337,1751.366150917664,-32.630132873548604,-3055.512741897046,-2111.7149770188453,-717.2819707516603,880.6683256229762,-151.01402927449763
12437.231161743384,-3676.369534518936,-5399.973607339928,-2024.30635716755,2890.6473299592326,-270.89529251858175,-6045.785160607819,-3130.2649094687763,3341.547422033505,1896.843668596779,-1749.6965596155642,-1872.049360818427,-118.83881583128709,1269.2207453947435,76.19442302188118
16549.290866401505,-3243.993045211871,-6981.315949732674,443.61298354127723,7704.644333440942,3184.6535238893894,-5947.385688071784,-2541.289953718932,5643.14894169015,4258.257171085305,-115.95375116928909,-1765.296964571601,381.94936921774104,1642.7886597270494,268.92117094677116
13997.997785001417,1086.56598729966,-5682.623322788296,4524.891679564147,12192.256317907122,6945.3787534476105,-5236.889713864764,-2489.5028028237184,6895.370139986881,5765.443266414618,584.2488491248071,-2361.83099153177,12.39924513295938,1751.1750324370419,392.98248136204677
4384.237429301246,6104.5521179968555,-2759.4961693764067,6874.510028550446,13993.238955004013,8775.142068039408,-4894.557836594027,-3388.0863880323623,6319.020767728944,5997.863946193732,150.7992953996109,-3435.541288028349,-972.8491274162839,1536.336648155478,478.90312849435145
-4020.9090373037557,8180.178650649618,-1095.4141181689113,7339.729983152905,14458.642576144774,9600.819245102844,-4429.928895908123,-4137.868632735281,4956.8901985415705,5583.2554268914155,-474.50983410151014,-4353.042474196164,-1830.6422513804234,1286.9313764829378,603.8224013607933
-5168.243703934794,5926.52362213711,-1586.255085641989,6708.909605827675,13905.661540050078,9906.55589489573,-2766.2913514533957,-3574.2870945226355,4135.168859594288,5399.170096724953,-99.60722687683838,-4408.059334239165,-2037.552681309926,1172.6469217798062,737.0147540902374
-2423.6287548411883,908.2420438040277,-4370.611613094105,4768.252363866382,11655.29993033965,8398.778447656081,-1314.9225437864666,-2518.038760243554,4129.314824336593,5799.483196905058,1514.3752454397431,-3216.484503963493,-1465.712131856038,1101.7065843748023,763.125786775227
-1338.1480593758383,-1879.651214671346,-6767.364268461144,1661.6943579725084,8947.27053955921,6271.33266543736,-1468.8196250853484,-2305.6924119758946,4693.204791662906,6513.0461555208985,3154.49511420992,-1524.1279587443578,-623.0558412448111,934.1431300406152,671.2554984166729
-1917.1186279896551,-5660.328651286261,-10093.15256564506,-2769.4753167943236,6924.48996061983,5202.913675993569,-1760.360811005621,-2661.446727977949,4657.979537994091,6847.028563616152,3430.668244921105,-1246.266783426297,-630.8417128948172,664.7669259135638,650.9585663531298
-2066.883320998765,-8859.361191093383,-12801.061110916906,-8234.682044426501,2286.4056656023567,1292.2393311249036,-4840.619683654413,-5705.715222413617,1112.7137604302889,6577.980025782817,2722.5037528338817,-3537.0174640118603,-2396.192845316491,203.5204797737364,888.3660243782313
-5740.459163070998,-19455.34974309825,-20312.889309719074,-19745.61457136926,-4530.658469950975,-4584.41611652619,-14358.11811834374,-14346.05137552362,-6501.66926191676,6062.540003388472,2330.9971717247595,-7104.3991665601425,-5387.3058970486545,-881.1436778159635,1175.4629001729406
-17137.11650878323,-33434.97550157278,-34621.87708105991,-28854.57584972776,-3027.3867815723524,-3409.6542643165953,-22572.570949819597,-23257.08417093352,-14080.793716852228,4235.509753015009,1558.7958352423364,-9741.49687889383,-7586.048589008728,-2546.3771654241805,1018.2479177050152
-27810.074519142436,-25250.15878547242,-35018.16407864908,-24423.393398421642,3257.29720028168,1207.7129073815977,-23530.35769942359,-25723.9423739103,-18046.045619442957,160.88409166601042,-816.0151363504128,-10569.389241930436,-7388.974578016048,-3545.180437895241,399.036753362085
-27172.225697233782,-9425.739845148883,-24712.443475320233,-15747.541820912125,5978.734525063275,3245.864112219167,-20483.343532457067,-23194.25403717846,-17851.967009514523,-3202.8452635635613,-2788.3477674812043,-9734.571410034216,-5501.322405178598,-2977.9603640082005,-47.844868657285815
-21118.447774427183,-2172.399574848594,-15593.453897030837,-8857.487032757073,6991.303563081713,5219.826891318218,-14686.871762045294,-19010.059101676867,-14391.675475213375,-2130.3054373673203,-1240.2661696624814,-7403.395186932179,-4089.444376695998,-1859.0299258068912,29.27264426946067
-19614.66580379077,-3942.040639017459,-14240.540116505083,-7167.515228083339,7038.016330098217,7033.398055271961,-8428.131803104521,-14711.81578838977,-9783.298493272507,2485.458660722472,3422.198142064226,-3856.1026571159864,-4027.931609572446,-1543.704314094336,268.6802910647673
-18825.507761310677,-5547.808360898038,-18453.27777107316,-9970.710210627793,7578.4831823789555,8794.826424748075,-5146.367169676086,-12185.170130956909,-6664.651843433547,6657.207050185396,7765.686586631478,-246.22680758088316,-4338.911739445377,-1903.5041884080529,287.406472263435
-12488.84085330962,-7542.299417655843,-21153.023393527525,-13105.497110130915,8020.884828339836,10704.289172568073,-3260.2463076186796,-11103.68945342056,-5434.621672378077,8732.694679351544,9995.167238250904,1997.2088288590555,-4442.495595406233,-2281.126735101957,79.09436987453523
-5484.860315581,-9968.483410224679,-21417.664288119726,-15309.198810130923,6909.934114312735,11373.342246160195,-1230.4126465339723,-9508.134783696092,-4462.045924490733,9939.426038299616,11242.15228840802,3249.156993334139,-4760.153284807311,-2716.3712334867273,-233.79468329343734
-4576.3892888355,-10686.391451252068,-19074.26551344803,-14615.884673451466,6076.0728664827075,11752.993553969764,1037.7433176349346,-7691.902941372157,-3558.92605338672,10791.523593655673,12331.970326211514,4706.832823591054,-5087.2141549565295,-3334.029972074658,-537.8274785295716
-7594.550553854089,-9770.141385099178,-14676.69250691864,-10288.275218009421,6376.780806207054,12204.209447271716,4001.5436274526774,-6389.651668080156,-3815.4120991882687,10295.770436381654,12645.714932035033,5856.395716189201,-4901.539039120929,-3743.6576554513795,-719.0804955547703
-9787.13861048409,-5662.7958693343435,-8267.813074952175,-3126.732077124983,9449.078803772181,13617.490919187177,6904.5941459660935,-6231.47251992466,-5844.576399679433,7463.6283046440285,11560.2068236496,5544.788038444484,-4675.9103903548175,-3670.810728167938,-740.0985220195153
-11878.831488514757,2985.632437660275,-4119.032734501948,1223.6447089563871,14754.844457106792,17095.388659747496,8009.744899074286,-8390.079915441946,-9385.032638752058,2555.5480232043046,9283.521944365435,4163.085186042983,-4958.443973008265,-3403.0917335423514,-678.4575119988909
-15643.36199714551,8050.527694108059,-10170.12198453,-4380.635457080977,15883.852239686605,19694.03433959416,6554.162832325415,-12087.318169916736,-12954.460406023662,-2401.4242672797236,7009.034724531023,3350.2380716116436,-5048.776392982473,-3302.4019560897386,-649.9261448803295
-17490.155928914057,1860.579894884928,-21655.604802942726,-14896.324284049224,11284.692581385403,19318.1988004303,4870.8792388821685,-14531.822514860514,-15051.23616790262,-5166.9102033753015,6266.541137363914,4243.541583599547,-3771.981967144366,-3292.7866249324416,-705.1447585553034
-12580.61315237816,-6831.42129457015,-28464.154363196332,-21881.38682923388,6430.848471997201,18565.283937700937,5170.596243876538,-15041.15403735608,-16070.877197266258,-5793.220889283101,7476.301839173181,6515.879130427694,-1228.1958649031367,-3126.7455025681074,-823.2618734536416
-3127.0651769220126,-12552.601618012646,-29859.74586983575,-26110.530886308883,766.3260731813823,17077.693149364015,5552.28070173971,-15187.652713767218,-17172.300559572574,-6165.900046167607,9587.9943403266,9148.129974437503,1313.7655057370375,-2944.8900670523535,-1017.5689947316387
5054.278347475611,-11780.476580042643,-24912.123901720577,-26029.572412983664,-6369.274958804806,12685.449620942101,4874.100836032115,-14737.35629539797,-18347.989163687962,-7384.633989527478,11275.098440988138,11399.289316893412,3165.853051406229,-2907.236048170912,-1291.2861065331322
10096.376602194017,-8105.564217188489,-17298.353528289794,-20195.08132169445,-8715.940798222653,9378.381225868108,6236.9753199072475,-12559.404553461309,-19725.24210069232,-9642.486224622235,11818.070469456123,12899.225362607847,4341.582449107726,-2869.0827585221846,-1556.549438559195
8748.138710915378,-7340.988052739006,-11944.567205019315,-12618.948211761513,-1714.4942858274271,13662.740026850403,12767.41835642935,-9485.976085396303,-22943.841457557926,-13899.278541100888,10940.982368963627,14036.80690106979,4923.146925789585,-3159.9547474523665,-1889.0417496337445
-2691.09692368929,1962.4741642769538,-13166.88511594107,-11793.918423151463,13051.433756273269,29400.591899177336,25687.152847966743,-7059.172586545427,-29661.52090506009,-21330.99792056622,8220.741094145846,15665.250699289416,5708.8044821125695,-4091.1995691056227,-2532.76450259954
-13649.346431097914,16344.177084140932,-35610.81493990972,-32145.730159352788,19787.363049634183,48857.014432192336,39469.022031729364,-6989.752272501103,-37929.73302212177,-29803.112434463263,3665.7839048172586,17274.93667773249,7612.400387176225,-4364.662061484044,-3255.428465267067
-7225.148104627803,86.1229075708751,-68587.80846802483,-60724.39153143014,4200.180638996027,50438.40630228469,41379.62554753716,-8115.828593981554,-40138.62942202576,-32583.519980315323,-238.09955570742682,17150.34455228502,9721.4402612345,-2371.460588192587,-3248.3655897834674
12584.92908176819,-19490.251123022113,-63818.86258554199,-57379.37227652519,-10582.538547967932,34419.45059055514,31827.95573198448,-5579.097182334351,-32156.38827952191,-26621.60391027843,-547.1322481145819,15108.557826777012,10127.086393826476,915.3132316683691,-2228.677617041986
26689.31557350844,-12604.337049441448,-34423.384458454006,-34030.95221854901,-10960.512562734617,20005.052158919258,21982.739683961823,-1193.3417700260945,-21445.00397404507,-18428.110345291116,830.1337732405623,12608.756658216422,8762.228763065676,3029.4364895044,-996.1032249611669
29643.394282446876,-1360.6776453843381,-12593.602395351234,-16236.718051141905,-8950.672040296244,9979.22810288911,13853.914337970558,-661.397543719346,-15539.662736979517,-14200.602681872622,-158.4921964409435,10321.742875103733,7251.885999162211,3371.289012472813,-341.51773509679384
30106.655150077888,4229.572603084494,-4205.9018395136945,-7970.351145276694,-6236.001370874936,4812.511140373712,8341.87518934819,-2189.055110896415,-13688.684327540335,-13313.727521466952,-3344.536106365511,8346.744324848936,6705.0089943214525,3202.782069235217,-163.27103237705364
33828.916447989905,-849.0111218855526,-8350.706166438415,-10350.782488015771,-5359.667075773675,5746.139313008432,7965.921517298927,-1919.7713538311252,-13520.504348032247,-14077.616129512598,-6718.074282593139,7167.350796248352,7250.653558868139,3490.4190766099464,4.430142326276382
38572.869664368605,-11584.56111403794,-19587.549982627086,-20299.27024326599,-9019.899861222062,10271.36435427374,12194.50798185379,988.9833966575242,-13833.167277258406,-15814.071691980565,-9998.079885623547,6248.8160500619515,8332.144052295134,4092.3900572152506,272.2106966468837
37668.66533973156,-16149.702834059362,-32025.651714221713,-32232.673131154723,-14827.37715173873,15593.665786602114,18965.317557232323,6073.3417676303425,-13609.227420494457,-17541.71654762314,-12677.772088614203,4512.788926844372,8780.516159642322,4306.544854486351,441.4908055536357
26947.546170206737,-4775.385419966968,-37495.61130931627,-38595.965805484346,-15786.778254559798,19923.87795563365,24690.225245767924,11540.748437582984,-12620.944622101679,-18955.85116615017,-13943.790840253308,2626.2713541057547,8062.680277012056,3791.0320663914,420.8858500998834
11889.316492206724,16921.005355036606,-29223.8592214302,-34414.27498157821,-9869.700395564701,22507.924090364606,27008.366401291678,15739.552312480022,-10653.096367754075,-19901.531080834917,-14212.33820267689,1767.842249982607,7114.054784455087,3016.6235213084337,352.69785630383205
3500.9856783890377,29583.93979688767,-12043.65149627958,-21909.89591013819,-3825.9764272960315,20917.026394601082,26070.476860265542,18189.478989629533,-7454.9496779530555,-19541.666647725557,-13955.674704367106,1525.1084231498398,6792.731771351115,2637.077937950366,379.3038115395852
6114.529972311043,21355.487097501617,-2527.488149978369,-12395.699986087477,-4864.732111858336,14831.911009148957,23661.484739966698,19084.26410993744,-3663.6878669903585,-17468.08505526652,-13011.991652002502,1011.9868193674693,6774.024976621584,2733.0355989081786,489.95260633118426
14885.588332336507,1644.814022146647,-8705.410211527027,-14345.142504404572,-12633.563110566029,8545.18686658893,22142.81257442323,19110.29041502559,-592.5569914380685,-14694.622026085353,-11816.83456425022,-133.3805838773634,6572.462983879166,3101.9361312330157,652.3493210153754
22165.086209195797,-12495.371473809697,-21713.016260493903,-23629.084566102523,-21318.316878124737,5011.87465665124,22187.051954761555,18868.057662732157,522.5104729456627,-13235.1865652313,-11671.3051391145,-2466.2861354193637,5942.938554331295,3704.4606370689276,896.8554719365696
20535.547149193233,-14969.14095352887,-32677.8897159128,-33746.83379719053,-28407.5743009023,3053.896231000602,22970.739059541243,18821.969918814553,-405.4406171209461,-14514.59640398231,-13424.356216524691,-6291.840201922581,4395.339933803241,4323.366340935671,1180.142508622787
7499.312225327883,-5699.291818404745,-39687.427951739126,-43354.170377358125,-33329.54243688621,2745.5948103476494,24257.5390774229,19689.8947487156,-1531.7249053983417,-17986.665536054603,-16769.48192561625,-10651.440293097221,2052.4758406816427,4616.978350752758,1402.7889899462325
-7780.090880676212,17208.963701264853,-33214.38075710689,-44892.950251104856,-30511.216063643482,5670.423032819138,25180.047535608297,21460.765672967176,-312.71186004107994,-21375.494565519897,-20825.07005309178,-14241.039587992233,144.49475294739182,4835.075105957058,1624.8100520697585
-12903.8402094294,35807.58680786116,-9762.125129014761,-29337.10284595124,-18608.54925227858,7509.3123069143485,23452.543128842997,23340.113713339553,4585.5212086322845,-21796.4033126937,-24301.716156290262,-16431.719212438427,-431.2481057266367,5473.936822132817,1964.1369550220072
-6181.276701662754,23730.758582500705,2245.9523668329257,-13373.750114481709,-13312.492265220926,1566.9150883762995,20998.4946427807,26515.323721095978,13275.727361276284,-16840.93023012526,-25311.36420534433,-16872.57625680296,183.35754681465994,6455.745913799514,2353.1564198272067
5591.670930963377,-5864.750960252189,-21564.097664913235,-25895.931302629862,-27440.144394819246,-5959.272195251171,25227.79254193553,33123.8454117994,24309.908189878803,-6677.460314202313,-22693.29037176772,-15759.111563576997,1116.547942806681,7375.048859068839,2696.517415598435
12703.055158278898,-1300.5848263717737,-45310.434095267396,-51899.60861322081,-42901.79461469493,-2656.4096277936833,35668.230191911316,39849.514322057104,32714.980845549617,3636.288330450162,-18166.344972436807,-14563.745544249181,604.3850931870847,7586.93795292036,3010.0173386644856
3936.6153336907205,31777.889031928906,-32196.626002511643,-54024.74371402801,-41072.781970424025,4871.29926796481,40529.84931888076,40857.14913722719,33525.528911037196,7089.020955297164,-15688.277729136864,-14801.58523814633,-2817.9385873546576,5861.887426495905,3097.6547176494905
-21029.24062579767,42536.55788946396,-11067.716822559061,-40919.26525673027,-33806.19134524718,3618.6837496290755,35949.11703541546,37515.472265029704,29188.173559682706,3233.221028432868,-17048.268622407224,-16015.677249964614,-7726.3987043814095,1805.6570981848954,2530.5560044337435
-44680.9195958861,36070.14927318345,2252.4392081029346,-28182.512767567918,-27557.87636922047,-419.8605882228284,29171.433921242795,33778.229052955074,25907.142193178708,-94.30865597023993,-19123.949267606004,-16500.598417364545,-10682.331849527776,-2400.694017444617,1413.7128154226575
-52471.137538309325,20911.345072331773,5512.829047433789,-15879.127873376277,-18178.73926799101,-805.2216033381022,22228.795060090877,27877.26859974944,23682.872270636122,2954.1215587224715,-16988.240569195914,-15360.556653219932,-10432.00115343074,-4104.272249481231,571.4374817498164
-47401.43982676353,14224.105118889473,-4860.849715567972,-14734.33322847402,-14130.41863635585,-3248.961310149828,13224.726108498082,18538.409136322844,18379.61151599388,8718.250231879434,-9303.838630304188,-12394.078106644865,-8512.298478723998,-3333.4111806166984,501.41444874119713
-37131.36040756679,17530.68931009303,-8301.4687275057,-18395.414243148756,-16158.854891068055,-7475.222053755346,5919.204483918067,10539.724132143107,10866.760290296043,10318.781399262392,-232.16287020370032,-7748.29777246842,-6305.222926156479,-1924.0549889043068,827.7100303683242
-24958.670123044794,10973.519294066755,-4422.995418024689,-14276.532012263728,-14585.081729246163,-7923.520431653565,3496.4645022249815,7451.374891992997,5950.679395260353,7222.893058319209,4615.212484028813,-3024.854206782208,-4206.493744368372,-1078.6572676398332,961.4216425742525
-15194.156461179782,2698.3684194279776,-3608.4067713373647,-8969.754772729313,-10825.112564958165,-6592.275695460255,3084.689019565255,7377.908264112313,5215.135608713397,4136.800529980801,3979.264893548296,-813.8959717114302,-2804.476974917984,-974.4590798190064,712.9311211341062
-13777.545909534792,1933.5620790207763,-2427.289955363079,-8249.98062667467,-10826.669067767163,-7671.422450236633,2160.3256630851815,8313.911733328181,7082.777806517154,4215.80095302604,1453.1785424916498,-2017.780223513498,-2914.3710804515595,-1486.5186255279687,232.07169158395084
-20673.9111736288,8740.061366635213,1120.3656102847808,-10613.4983384459,-14522.093771614736,-10788.585258492776,1468.4912031360388,10452.77306397974,10221.073841950776,6975.605846596632,999.1322224713399,-4479.699089186175,-4407.218084913361,-2394.9323774150994,-260.5081137723921
-26789.995275197896,20571.2146412722,2275.4827057522416,-15349.971221291045,-19020.82065031409,-13753.684527228026,1403.8023124618521,13185.362152372532,13461.306836294987,10048.139666892735,3104.5452102966874,-4946.783204271228,-5670.469404451896,-3154.6706917923802,-580.3833248870156
-22086.42573163943,25593.422024117008,-3231.913832806653,-20260.291517098096,-21103.194462229854,-15178.236559078967,495.78542763545204,14072.023560888627,15068.260042605722,11142.059804826922,4825.169320586638,-2711.5832503447537,-4890.431844125724,-3028.4527117751913,-613.3767799822125
-8149.746677249945,15091.840387687753,-10982.497036374492,-20387.103099671054,-18882.785065408258,-14873.81086252753,-2508.077241563202,11464.099000607965,14230.71623535644,9859.113392302874,3490.197454852158,-765.1684181078917,-2368.889972783412,-1878.4713669552689,-415.1245884690768
1052.8925155164304,2086.2895406479724,-11631.608310430945,-15989.099941293134,-15436.300201543956,-14538.487021273808,-6997.37979552342,6702.710675694998,12332.863015710574,8303.302306183627,417.888011223374,-1936.9300874679725,-768.2622104369813,-686.801239266312,-241.4364628435653
-3307.857098254075,3914.998539127642,-5177.093926038481,-13910.659752529878,-15943.12999031525,-16157.884968809,-10977.081184169343,2890.744903497464,11393.378833910021,8765.627347639807,-278.1985003530075,-4508.825146593304,-1841.2869719594005,-659.9843635977526,-336.6367355561573
-11151.659636731672,16167.519407291207,562.6283621971204,-16660.62697054688,-20182.515375062074,-18878.049305064822,-12604.588522053253,1813.6696244442212,11701.949274623756,10822.140745207964,2921.2366845686724,-4273.686297538366,-3765.95110771609,-1653.0290659514403,-637.1554484044383
-6970.152807549838,24590.729450188504,1233.4067152146915,-20685.924893772797,-23828.672046653952,-20418.951244721065,-12226.609204453607,2243.6229586878417,12003.705963477547,12267.164734024718,6812.605282563197,-1019.9214849559733,-3737.0006578855036,-2158.182099768734,-774.866016343133
5430.8417315174465,20052.2252010808,-5187.925641098557,-23170.38258570757,-24020.31971621536,-20286.505779784184,-12572.747239099966,1342.6411525761876,11801.178580806942,12975.183306708614,8431.53740986096,702.0436046285731,-2811.7764956241845,-1552.1567872668893,-556.800812658649
6663.03288402078,5204.464385761209,-10741.439107671958,-21144.64488847716,-21924.193480540493,-20537.910766640536,-15894.169006255457,-2197.708370705578,12062.130571879421,15397.11233832612,9688.757314389846,-928.4561219452046,-4636.593102852441,-1559.765456637433,-398.5177168113119
-6553.114119861799,8571.00585711511,-2384.1310555438026,-19659.49854172387,-25228.741295386022,-25262.138993428438,-22360.362189669613,-7601.948310315807,12539.914006511966,19757.308599532906,13400.1234253605,-1585.6691272010166,-8593.87519817549,-3678.7668327240945,-853.61549909356
-14876.456001891627,32137.42515288809,2959.6992855816598,-28709.571650687194,-34448.14678186192,-31853.445632175302,-28250.898475847618,-13201.529201412037,10406.504325481461,21685.79995933678,17231.56313527444,1700.4074282309725,-9598.990275870827,-6093.809526511209,-1682.3554227814802
-8223.434042003795,29050.905902959163,-9167.194126847162,-34709.20495318792,-33780.248009618685,-29170.566348356282,-26289.26352134501,-15762.80769090901,4478.507782884067,17688.778033992963,16787.16219370434,5525.464749617114,-6174.144812045766,-6060.881592879072,-2052.2063903761536
1624.7125651215324,4254.303409261159,-15504.905276591933,-23760.078769912074,-20446.92393315852,-17531.908006949332,-16692.749451598353,-13672.845730041285,-2105.873928501441,10382.093260049884,12692.636874079051,6405.846564094462,-2363.372525544194,-4211.187707642428,-1777.7274175022535
5445.853633208705,-6524.90476658297,-8868.458465972948,-8973.00434750158,-8421.185137433597,-7772.107507520816,-7844.249874080229,-10358.593512919297,-6808.444141710645,4557.964573838316,9378.091227272735,5956.470982525296,-705.2071889141735,-3083.641418314381,-1528.623690560125
7501.998754653221,-1424.0655344177426,587.5532469863812,-332.66530057533043,-3277.869207266228,-3496.614047917502,-2587.3014432879913,-7492.767749910352,-10005.775514317635,821.1306954325257,8398.461491339023,6633.495741860168,249.98381679651152,-3047.9297744942946,-1684.6270244673724
10958.969944219343,6551.717010080751,5751.720736843328,890.0915146726861,-4784.396009649167,-4821.209726605842,-532.25172137917,-3073.2426626149127,-10810.427538221926,-2755.6162766531656,7494.317625121065,7753.241321122242,1685.653802562953,-2806.6915158748657,-1903.5851425643227
12630.165490873727,6132.312818329995,4692.212491326033,-1278.0102406258727,-8458.571390444746,-9376.052116949555,-2606.1437729139043,1385.0013673022263,-7832.250363491654,-5908.046995922951,5023.500108557021,7698.157876345151,2992.5453053290007,-1900.1248475453867,-1828.3320808780195
10806.452117744393,3405.9426429091345,4845.062545957409,239.44537606159795,-8431.29934474829,-11942.953566931821,-6247.228983752158,3026.153479285573,-2861.0672340344554,-7070.213997090727,1870.3855865478395,6480.846362289519,3693.1912299487444,-731.7274924357788,-1478.9828191199426
7998.605940612686,3529.3465573439757,8002.79237568672,4729.44925658634,-5730.024231096998,-11947.53544185691,-8674.390457416659,2497.9319582138073,1468.6717224283761,-6274.070098343341,-556.2808512003987,5156.947118849707,4112.406026605362,384.13486152866534,-1033.4865126182424
6630.016496457254,5164.205289859677,11398.38133177133,8981.39484155802,-3049.1570285758717,-11467.055212751668,-10258.347311275555,1118.8672260258033,4474.492429021978,-4672.16509882641,-2137.838489771414,4239.975330478935,4556.074946028402,1330.4807260788982,-626.4254069202935
5615.870491669626,7520.9535627756195,14573.964849381915,12857.356346980738,-312.39259888239206,-10656.663631594063,-11301.134288929652,-698.7161063136742,6363.347757665923,-2916.5549499390836,-3655.980895638518,3200.5446802314996,4780.634989724208,1969.2518101344062,-320.8933670627712
2232.115328328872,8550.497452496296,17310.099896593118,16971.90176395717,3014.043352767861,-9256.286819871126,-11431.825438126623,-2127.5667966988262,7590.543478722657,-850.7741078534485,-5418.294787523164,1262.0586594574834,4291.131501007938,2183.7042356230186,-112.74291460063148
-3344.308106797694,6492.897071895237,18930.567973160683,21222.407787229848,6586.895361948879,-8065.876159226607,-11449.000290472095,-2846.4035174919463,8888.617614422923,2109.0520552409675,-6607.589270565617,-1445.951829550172,3035.375417419624,2073.3442491573146,61.3728527486856
-7762.2455242174165,3343.5653181709586,19791.98715199966,25139.297512010202,9778.288237322935,-7877.13178138526,-12679.069419741434,-3978.505460704079,10146.111346339721,6095.678220950331,-6171.355372559193,-3839.322269303549,1624.0172232545629,1946.5555030854866,270.0483399069925
-9708.732302092889,2235.967008131201,21233.038027141447,28883.405971339234,12789.832830509502,-8218.848506771325,-15075.714533858325,-6334.125572539621,10496.622673274986,10281.601374348842,-4263.054934833717,-5341.740929804557,509.9419143791494,1940.474518995984,498.0877944563405
-11806.992667698596,1395.506271535124,23247.705829302166,33340.71859453648,16784.860037717048,-7886.999190004145,-17573.100975302055,-9322.753163508072,9974.975646608851,14221.974359423702,-1647.1210345609286,-6631.481983925731,-874.9601132746162,1684.808535676962,629.9849480388754
-15112.467989541432,-3416.998542724866,23949.660927847497,38498.604544029484,22106.281641196372,-6771.980660855739,-20151.677669657252,-12801.8241223421,8873.51643480823,18473.272606757964,2364.6722326590216,-7741.995059547553,-3206.190984494961,727.6276206458638,592.5670120069865
-16998.419772272115,-9899.4944679841,23455.240215799116,43384.9724860393,27573.438818156577,-5821.578544079645,-23630.5756600975,-17715.231001129872,6030.496556005598,22264.13496681116,8749.746926771757,-6894.417143688145,-5622.316528475161,-659.4953381672381,482.89585061689814
-16970.11642800426,-13111.803467756985,24596.83095267681,48639.125229735735,33208.26452496518,-4573.045031792451,-27342.98831611326,-23772.0295493454,722.3604863031961,23506.064867896148,15995.002124456072,-3280.473706787815,-6776.672348386261,-1871.506070401326,376.8742029925253
-17463.538318199084,-16306.36960706095,26956.973559403414,55956.47915182272,41298.22211849752,-943.9254469233314,-29635.142790423623,-29624.430752404376,-5961.983273559774,22031.095062596924,22381.4747729452,1962.5715326082923,-6862.3868112147065,-3156.349931831481,54.950951325046844
-18691.41379149344,-23103.195160149742,27211.815622987026,64453.13456341731,52439.240256081895,5677.483541551875,-30349.843062580567,-35452.8897867051,-14045.833307401073,18038.132819373048,27977.069188027643,9117.40332667787,-5736.117191739378,-4854.6071912305615,-694.0681265596802
-19891.500300220796,-32840.496644344945,23671.829244305623,70674.85892730804,63778.383308328936,14112.015655804084,-29621.458979769384,-41386.29104204194,-24345.51462605127,9471.987816622386,30529.249153992463,18524.27801641041,-1294.3476380300888,-5620.831952993972,-1504.1845842807238
-22147.599310062997,-50591.74416423517,10759.13840814322,68128.70166309921,70921.23174696161,23798.712364396073,-25428.67196714704,-44660.927395551946,-34479.49270097331,-3723.940560041497,25835.629820368194,26174.192696559352,6733.01374661215,-3614.4997867976817,-1666.072702535285
-25801.328895886956,-65410.874086405514,-11872.843304778291,49650.4923361316,67299.83370383264,32838.32957954337,-15959.4230497083,-41969.16060467969,-40115.914521089384,-17081.265720225725,14035.251780182878,26903.893528789948,14591.667541462206,914.9457199543532,-886.008250639338
-29210.735563495662,-51706.41362381797,-23588.59720992745,22679.314407386,49034.7298170197,35582.27906459478,-3514.9531083026386,-33162.52119833315,-39306.97642453895,-25858.520475125,101.56984214825829,20041.05194587328,18025.199565184706,5704.488647787549,496.34889817941155
-30827.83593678578,-24202.56097040689,-13722.538111331603,7341.903413378735,25035.13703479763,28611.418557706464,6640.312885891831,-21312.827880616223,-33399.15077023149,-28506.75506818213,-10759.174218825487,9405.013890808372,15782.512592954508,8379.061688501946,1802.5431267375286
-30747.68059437484,-15455.840923568838,-2798.913093791623,8307.72675672602,10205.032542357576,16813.048888500212,11223.984427973252,-10303.787226753935,-25423.959141938096,-26598.509038548436,-16352.890894375918,-177.27848696793652,10042.202551165306,8128.629776186647,2464.843149938836
-30340.638274084944,-20836.449355484678,-6025.927589811322,11565.385444565727,8307.59888226674,8329.792061939072,11365.99329600296,-2377.24885670347,-18099.688897337048,-23003.51644422027,-17838.810530580933,-6252.319140580932,4134.706969926174,6021.743548596358,2411.244271207348
-30924.668127462774,-22398.01001377857,-15952.68163625119,7577.41335193498,11849.016784876627,6422.808401988314,10331.272343261793,2606.3678575750564,-12517.731267823756,-19798.363900782275,-17637.167837604673,-9332.66716909193,-139.96767802215996,3624.1867099897486,1971.2464026469627
-33143.75621536689,-18046.2215260652,-22899.68181919432,-1875.3283250441984,13639.531826961653,9138.773136248867,10430.812796441563,6004.9303234513,-8334.868747053704,-17564.712067948683,-17393.16702783092,-11002.09472355647,-2858.424542157573,1732.952416252135,1477.3188428097203
-37248.240582784005,-12786.258016999758,-25219.98575724844,-12388.327149225352,11264.394524414489,13319.8819349638,12380.880211337013,9106.163932825286,-4716.401324098718,-15985.108388761686,-17637.288372605937,-12406.177010383188,-4784.667326911599,365.3729631118114,1072.1700325859179
-43453.76009382796,-8793.330467820902,-24821.805145471964,-21702.843817117195,4940.987928202642,16548.592638290964,16028.966838497056,12814.160945355005,-888.4236370340175,-14505.01531509711,-18302.17969105068,-14038.686637018773,-6554.32905834432,-758.200056889966,752.5659451678484
-52021.412172693534,-5189.116063060011,-23136.855169072223,-29314.418499974505,-4458.478266288429,17096.476614956176,20691.579725420885,17779.580051553516,3843.7204731567467,-12562.539687352417,-19119.80036757384,-16009.81930602602,-8510.737455462833,-1912.943994689935,453.6613099120841
-63109.62967948037,-71.17651201196885,-20149.15106533169,-35225.69584063886,-16052.192210250127,13698.27289008253,25091.07129761725,24337.80727853803,10208.22868013219,-9545.76737337014,-19738.35828873365,-18248.742926741703,-10773.537137428882,-3271.9147749816675,101.13310925481156
-76400.28632761732,8211.330966303654,-14748.086939340727,-39022.12598762985,-28929.215879079093,5498.966939136613,27339.291182536934,32224.28105683707,18929.585300712843,-4703.28484465936,-19691.98485890123,-20570.886460072965,-13316.405600586631,-4895.5096036429,-361.3207363303612
-90486.05101797331,20602.949078850183,-5496.818274467169,-39469.769885679234,-41693.40669651064,-7825.353913572327,25071.34584016716,40245.0563218308,30461.579733212257,2845.013020572399,-18341.938906816962,-22666.836915297106,-16007.29731646949,-6746.044774486223,-956.4804629899345
-102286.29513429692,37108.94921364352,8517.941329552072,-34695.317095542705,-51917.11777198599,-25656.09887506721,15822.367787403435,46090.764610063634,44528.47501836947,13904.607626075169,-14868.713187464591,-24058.715946012788,-18608.281559295072,-8700.760831396121,-1664.8092342462426
-106982.9551849928,56232.58405262035,26857.31973393146,-22735.63689665027,-55992.39951983551,-45900.78492422334,-2198.2873994950396,46530.97498734019,59610.91723615071,28768.042030551704,-8383.52990870565,-24060.858612848147,-20744.62618934257,-10557.49364525771,-2423.5214656308226
-99098.88694762572,74030.50368241967,47315.3118962825,-2124.8952290541947,-49840.11971653155,-64828.448228411966,-28887.15436426761,38271.325858323304,72622.63032644537,46551.2941160784,1732.7006555694743,-21835.594369835286,-21892.4157958088,-12048.47983008152,-3136.957038977656
-75437.54399590366,84408.44556311391,67188.0099149037,27554.312664363573,-31003.750689971766,-77909.75661965896,-60913.65142961009,19681.212476878736,79284.25134449813,64569.55211323955,15223.909048677713,-16660.582581297083,-21455.69279329674,-12878.920845208999,-3697.055049468627
-38902.8187937767,85033.32337753187,86738.78316144606,64359.01665357649,-1901.4384243540626,-81798.89099272131,-91368.91082241273,-7190.045188952129,75683.55704400789,78429.84346737184,30372.37231639843,-8383.834327438923,-18949.772884652295,-12788.336779221705,-4010.7984268303344
367.13046282769034,86214.54200252114,109005.65475526248,100752.65137961417,28347.655944433165,-76072.45425980119,-111552.37329540515,-35999.39196334953,60583.21065318885,83401.46574409961,43977.56968514028,2150.877352161512,-14245.742345534596,-11629.184419952646,-4031.964674309733
29491.734271714293,99903.75265758387,128878.8577491094,121959.7159674394,47678.357149937445,-62794.58439631069,-114626.68840461946,-58299.64674988925,36843.043283582694,76655.01322113279,52289.486947383644,13078.907202010656,-7719.5300821815,-9396.876907273558,-3762.443067860422
40484.8418309385,109866.07850734597,126908.31449239083,114324.43548805387,49780.29430359637,-44472.35379948387,-98851.72538530763,-67316.8455718074,10642.741289656902,58768.43771285693,52311.89472382192,21888.058587347095,-233.90573191554944,-6155.396232521163,-3187.0601403178216
33973.16842354162,86289.8018422599,91719.3254623224,80266.32081765294,38455.2655722331,-24246.807870280292,-68956.71674517385,-60451.830618813976,-10210.872669313077,34176.94691634905,42814.95972493873,25631.249875015477,6568.482160796777,-2212.042091650293,-2269.694123792876
18368.25830893995,38782.06673554823,42851.044989243426,39797.51330277673,22740.34367436812,-7563.873525618226,-35878.97812085109,-41184.59465630559,-18930.172231177487,11228.43965250788,26346.683443391805,22171.465423372625,10129.665221202582,1345.0820551733696,-1154.8766555343104
5516.910215108861,4719.855249346266,9650.537424997983,12402.396224005122,10155.018415897048,1166.5783512597975,-11479.473484570311,-19247.1721028369,-15088.984587303219,-1767.6506978516338,10168.9179283846,13254.101263372824,8880.345043763225,2979.5294700535824,-271.3148975575542
1744.012176298995,-4436.639657625972,-1037.302935708004,1991.8125499675941,3743.031436630545,3210.659877155099,66.17402033224879,-4031.3258220096195,-5851.0492979273695,-3529.549366763194,1158.8013742437954,4505.046698027071,4543.117831129394,2282.089108135421,18.12259780888496
4428.757969703987,-2861.619513953422,-640.6350788900561,1234.7659013293123,2466.2747231089447,3113.658484493002,3160.124203311817,2515.943646473109,1354.4064036277143,284.88524464998534,-63.81909340532644,308.48871792080644,730.3857109256348,546.4063637659851,-197.534978160097
8444.488443057273,-1711.133081757171,870.8503765613439,2807.36922083973,3587.758203385018,3638.0423894033406,3706.2528267452417,4170.850936586007,4594.539912133708,4106.014607263283,2467.8103531993092,556.1569057436868,-532.4267592127326,-649.05188007179,-520.1431543022063
11613.013133754934,-2876.8991991642997,405.7744230825409,3395.751393971942,4819.471711948967,4826.612543161184,4424.447151048937,4648.872928792509,5619.419192148419,6242.122231646974,5256.080251247096,2762.3126391242804,309.2619857385097,-763.5630972599321,-655.817437820582
14362.64244135025,-4867.415457498272,-1740.3181392401093,2305.375254396712,4989.109072011818,5773.363541333745,5462.423613997762,5370.567844238856,6225.103013105541,7369.997380152136,7243.109610527655,5070.470162263515,1960.388383319546,-150.4171470846669,-569.9923217516902
17782.97587970556,-6191.763441679559,-4458.554432872799,-80.21368425766661,3838.4654102276927,5876.278538737525,6322.872428379063,6408.10182117451,7166.040443716684,8412.62503758295,8744.263193997165,6953.613819502668,3589.953294561826,684.1680538149019,-365.3256184860377
22639.92934327159,-6537.321630079182,-7017.14610893849,-3180.8627475749445,1587.5128644921008,5047.569994377741,6787.594639110363,7662.485898271549,8683.768122291978,9933.92250958649,10302.579223531011,8560.071549365728,4954.355655183175,1446.3069743822507,-143.73762921763273
28749.828087687925,-6808.4406381741555,-9601.85725034455,-6784.534107237069,-1460.5140541497556,3559.4939340807487,7093.097347530275,9376.523035530941,11092.401831377569,12350.182346468691,12343.381462638548,10138.746215053809,6047.557454169698,2011.8601474554926,31.223041602902683
33939.1441276096,-8383.184786423437,-13049.385368703517,-11044.697530273268,-4947.272408440517,2072.032904324576,8033.170845981937,12340.527446519329,15078.325223832684,16195.394987657997,15225.930141071123,11848.591677458575,6844.114565691104,2281.1530353769604,108.67450051479537
33610.62854560667,-12044.24727369687,-17822.081700023304,-15673.624922902238,-7840.632959347885,2108.43118833171,11296.590957777533,18107.293688856877,21845.22399279602,22241.898726279724,19325.720398229867,13759.253882380994,7224.5016690971515,2095.8762655713417,17.154884557925072
25465.810062020846,-16498.800759106274,-22342.43279329572,-18392.635477028227,-7193.942152357511,6916.705080491946,19954.125648719717,29169.935575077445,33104.11830564047,31441.48660809165,25018.92470426852,15889.572560158294,7023.1088568156065,1255.490068041203,-343.1846341636611
26318.005021034332,-17220.006957187103,-21494.031698229355,-13476.51793638661,2914.541351730829,21980.763533606394,38463.68878150007,48633.21448144087,50630.405646308536,44560.05531047547,32503.03880852083,18219.447559120108,6152.6122842711175,-362.05445734834404,-1059.0363764626063
96477.6023026847,-9099.881497793558,-8090.961493890288,7112.534201770407,30046.175344370542,53342.77072288564,70811.65911413444,78461.23355197308,74870.60141641919,61268.77209764633,41358.31498166671,20613.65144366836,4743.8949616640275,-2606.0893776603552,-2104.0707219185697
328352.5315551021,4463.012772693656,19811.308799712646,46890.86825869539,76765.97153685807,101446.75647128881,115278.38268788937,115487.29596207853,102264.64702373589,78600.2728668639,49819.92184805371,22590.31632587495,3181.244870850688,-4902.477371794416,-3223.691849329541
730515.5874065293,7117.440364157524,50542.135974041776,94084.24342927226,129582.54871325572,151474.5309575571,157084.55194478732,146527.14309103278,122434.10235610175,89558.54127815817,54163.65120728809,23026.24281029188,1924.4896781489488,-6329.769984148665,-3917.0731095108254
1059173.2392859457,-9553.05689501735,63199.19864413475,118798.22745481311,154594.7120129803,170208.29166072176,167202.83228303734,148751.30356706574,119307.85946238213,84245.74471561752,49377.69981281375,20260.14014302263,1204.1825487321594,-6013.830551233565,-3626.331066740287
897227.926743429,-21257.834119583906,46229.775280672104,91478.61460925448,116716.80519090017,124789.98389937196,119006.11833819817,103004.99238117608,80631.01506004819,55780.32921606413,32187.320449427203,13112.44937459088,894.2612933603643,-3664.6184220676832,-2092.4447317656195
136076.50256799464,-3129.4838736076263,7334.640786289321,14025.022904180594,17538.97340174007,18474.500888574672,17428.1863158756,14991.110167480589,11741.30536153818,8230.627398153356,4963.256723396009,2362.27887315593,719.928813458067,126.14139503287038,369.0259828730193
-725850.047379495,20784.883843754615,-34931.046848545964,-71552.99954565182,-91515.74985757,-97538.95505540856,-92547.15783133698,-79599.08527634536,-61811.48371845403,-42258.68530879905,-23825.39016982168,-8987.156001298086,508.5758209615527,4087.5717673592426,2942.888277743077
-1076617.7403404235,15988.854734186449,-60455.56508986507,-116105.63147320907,-150157.74486804495,-163620.71265866602,-158987.23601377546,-139934.3887329757,-111043.52223247926,-77493.53422884319,-44656.535231765534,-17516.636626570697,152.78524258319675,6873.306217611756,4746.737374824032
-849085.1598322965,-3414.7870362101044,-56417.342212413554,-104582.80853923036,-140942.53492284278,-161275.32158626904,-164128.07863807233,-150589.8246613159,-123963.58232074892,-89350.54785575278,-53050.3644840992,-21627.590679904024,-530.9086595125651,7696.50275809285,5309.41652135816
-430340.82474911044,-6791.810528326667,-28855.138372043908,-60365.82575666619,-92114.00161016153,-116421.46847334116,-128225.49212382635,-125433.2552719945,-108892.5850829189,-82145.56874921989,-50899.72614366432,-21997.428591322787,-1697.7586433369352,6625.256826968758,4746.816904934668
-142038.33663382952,5546.68911855542,1673.5144493510006,-16384.733720656404,-41323.65424732695,-65386.59642829657,-82314.26049961639,-88274.8492840642,-82184.28679322248,-65734.57540427423,-43136.83373948318,-20311.366612955022,-3242.7370278280428,4399.823502221842,3563.2321604901813
-34527.00164301899,16140.120647447015,19471.079753903618,9784.192466546298,-8365.982134264754,-28785.193148947663,-45859.3966818245,-55666.58181843159,-56367.44040261988,-48327.00067303479,-34089.909731440646,-17956.848376522772,-4793.720145085935,1950.9268059984213,2298.9247705814078
-22268.23955428986,17554.83624434565,23182.467018390642,18342.91200569749,5857.30735123044,-9597.268789568716,-23663.76189919477,-33272.24169603238,-36800.40068221192,-34019.38269555029,-26112.635109665705,-15627.03647390675,-5949.999394308283,-36.440034680857764,1288.2798520043357
-31097.815709737577,13560.211821887706,19490.351873508913,17034.214786993536,8448.356499149708,-2516.1809541217062,-12678.186740346857,-20102.122374057555,-23881.048423814434,-23743.33498673515,-19950.777612993552,-13538.992035707508,-6501.223116344085,-1286.8368823989904,623.193268653489
-33889.41881699353,9392.530541498601,14474.235973379462,12564.915498228942,6126.141113510478,-1557.5391662407783,-8254.663089261647,-13104.458327534117,-16015.95544315787,-16924.580657392664,-15520.622667335843,-11717.318795966405,-6461.825598569163,-1845.075989130462,246.9243212319648
-29804.759474798004,7226.331813156765,10624.45166046562,8097.408938748704,2628.8011456792465,-2832.901463604084,-6873.5681993319085,-9532.470583801947,-11396.421734816855,-12601.516718485938,-12454.846576496806,-10130.366237180191,-5966.802816481793,-1891.5889478604406,62.57078417367778
-23670.81940630141,6705.199555211676,7869.641178286201,4304.775496742869,-610.647602474914,-4422.10784728852,-6498.128378525976,-7573.246343523497,-8659.33665555601,-9927.39462370557,-10355.883388828835,-8708.507810679599,-5144.277409571982,-1597.6328975459662,-7.042776820908472
-18415.63525440716,6496.784795826337,5341.901019046046,1037.489512839518,-3138.4090087137333,-5490.427489559511,-6126.122143665169,-6243.548905789752,-6978.962594964728,-8299.071561435738,-8854.237470852555,-7311.636063377608,-4041.342015161542,-1075.1433955574248,-13.004147353717684
-14672.770882240527,5459.134468130939,2601.1933556029553,-1632.1771365063273,-4657.375488512342,-5673.878026853741,-5379.600011999565,-5161.686998308023,-5953.536841511799,-7282.345740422747,-7547.222736408461,-5705.802874435256,-2652.9652895987238,-428.34276244082736,-7.778904541722227
-11873.644659513597,3504.9894120440126,138.70762458803665,-3184.8665185029363,-4887.071914801447,-4937.025110627714,-4347.77374392419,-4355.640322996895,-5362.862508854915,-6382.673272751355,-5913.228824682926,-3673.394739644054,-1119.3374627550368,112.14549927417158,-77.72913604995705
-8960.932064654635,1867.0319782444521,-930.8387385327147,-3085.8059289414764,-3886.726501583671,-3716.371515393803,-3487.469891416644,-3886.512946816805,-4668.442827489346,-4769.490875535421,-3488.4726794766834,-1467.8112971860212,-79.09900894279178,89.02098372341152,-330.7671862148591
-5151.176222899053,2294.113206513898,132.6130910187801,-1579.8533380283773,-2515.531938029422,-2894.65776955945,-2993.92815579512,-2861.9505207490747,-2365.4070636768147,-1535.5536512074698,-778.7151946996642,-539.2841043822913,-770.1308277862946,-961.2621767219744,-785.2914063183878
-1673.2250370644201,4468.187534197627,1600.913359331732,-1040.771908456281,-2771.0152631502647,-2909.0863564636243,-1090.7858815825227,1805.237712089723,3600.796769739215,2585.2259980984195,-580.5869633497117,-3412.02689446171,-4078.819408501156,-2819.899121348912,-1218.9484913183114
-3076.5188824047323,165.22468156668725,-4496.646316622495,-7766.844164997906,-7485.283823526533,-1928.8082502766163,7385.420843850242,14380.061820326437,12776.407523850106,3057.94190865624,-7227.935888924032,-11241.883059204049,-8758.142232000573,-4131.091701767731,-1222.6363630346927
-13552.455160395657,-26265.93229424551,-30814.015612806124,-30078.748901404404,-18516.870525948696,4415.795098101171,28024.59958185356,35090.425126651295,19075.405805394203,-6495.045313405978,-21927.96403708966,-20863.359178706894,-11342.677808940973,-3323.380865827051,-577.0836202455762
-29535.8878969919,-73286.58982968025,-77565.03400842285,-68315.97947230905,-34084.9549618449,18892.580558065893,59512.88826700497,56243.55126179893,14300.925128283972,-27271.931981864163,-39257.63482272412,-26393.707013827687,-9228.707449117097,-267.50144933708674,466.3175865056843
-39818.22391404136,-106804.81363892823,-119752.11495447825,-106622.06414749882,-47691.73627610865,38578.00835639251,91483.72209251334,67243.45630463079,-3637.62802286194,-52405.21476868902,-51297.21129052945,-24682.21704037455,-3157.826873956349,3658.372896417345,1447.9564455825173
-34292.74438409902,-104325.15886519827,-131256.0887811978,-122951.25593159207,-50170.40112823619,57797.117588571935,111954.14749393654,62604.398847323115,-29218.208921942336,-72896.17349604037,-54028.59756130192,-17057.303786839053,4305.745243874203,7133.275376676191,2135.5975161792626
-9896.887237211711,-88581.3757545801,-115407.0866779228,-109078.82707821947,-35551.11417124671,72773.31169098507,114296.74265593612,43432.26026232814,-54519.73772445908,-83124.57433462165,-47871.17975994354,-6473.0662380685935,11210.398113994246,9675.988654383113,2540.2944012045355
27754.842138129978,-84284.96182565339,-92625.90162042758,-75355.27379568829,-7295.732055006534,80940.22603598138,98460.89027943686,15510.302546014147,-72706.53600415762,-81445.15106102065,-35439.32062013075,4405.043117610842,16518.637982603315,11193.103888996131,2689.670642570347
66453.23784626288,-85143.7049514098,-72528.16396469883,-37563.90751788498,23305.712223050396,79887.75532645498,70029.6212561069,-12823.263637490201,-79780.58484762043,-69784.47918983139,-20388.3131887871,13478.280875212906,19705.932088250298,11655.65341509896,2574.144090145941
94544.50825783178,-77807.9538444292,-52988.67528170002,-5456.316356232807,45622.44323279891,69175.44317318899,37560.38258639475,-34283.670201483204,-75848.33782635174,-52547.539271731584,-6210.764404965351,19578.485972279414,20751.25340101803,11159.063542106667,2217.9001496585115
106923.53975367994,-61533.811136211225,-32497.376086585973,17789.041498969196,55320.25677902308,51436.294919022635,8767.592125778212,-45550.10012165968,-64289.881051729666,-34415.55586252509,4916.430679325243,22601.829755600065,20054.74771137615,9932.379829411033,1698.9172562644007
105368.82920574865,-42271.464531785634,-13268.203507287728,32116.99702288136,53785.7747688936,31094.669107811864,-11938.920970111194,-47380.89953015674,-49495.806970864,-18621.82806648479,12368.173495570805,23158.679112419457,18200.631581292997,8264.878370280294,1121.308950890314
95076.78640497857,-24773.70218272561,2106.899482358744,38762.39667393406,44912.08223771376,12252.08348419126,-23643.562498298328,-42802.99357646679,-34984.56233052254,-6520.698576385243,16585.746277434653,22095.384690774797,15749.16186286771,6439.158419457586,585.3721355975954
81234.98854630004,-11149.428038589776,12678.025503341732,39604.305738226605,32567.806752056946,-2515.6432678128117,-27733.435447143605,-35188.35668472356,-22712.785108650125,1916.3749604260643,18430.788709319906,20159.87854759526,13125.725830989175,4683.199881885006,163.3779316468106
67457.04342587186,-1746.3592249558642,19045.56272349071,36606.016019341245,19535.413988208984,-12216.876429125034,-26579.27871100225,-27153.03977894151,-13263.669764892731,7402.635881324821,18763.707698039863,17892.81691444678,10610.852733051323,3146.9009039611606,-115.57922362613726
55592.809942933796,4139.838588927264,22581.489807049875,31226.710624792282,7461.537973036908,-16959.63365878683,-22628.37038535155,-20203.713031625997,-6340.363521121217,10827.367822432447,18279.976271684598,15651.566779556562,8370.541175341665,1893.7500553305943,-267.98290441615313
46212.846263704865,7977.878873855105,24574.136825186077,24104.270667616307,-2663.7336831391285,-17471.52618697475,-17926.23799520002,-14840.280986635524,-1258.8593074362852,12987.54496311068,17491.879633419994,13656.882409505057,6465.802086672204,889.6767293276755,-348.2496428040714
39253.835913011295,11679.014161326946,25421.895279302295,15284.607084052115,-9978.601178266048,-14899.887710215837,-13928.060678532966,-10865.729573860815,2720.821141181243,14528.445315268345,16779.305544358853,12016.348541544665,4823.707198064743,-11.768173564039653,-434.25989458604556
34466.646806527184,16603.29989494023,24104.952167970645,5008.2446366958675,-13586.705082841143,-10822.530000540857,-11475.336239713928,-7703.104664926018,6293.295108938232,16016.539081321233,16438.134578250385,10685.588749199898,3169.8373968587275,-1068.4379540537514,-603.4685076944054
31623.794561955365,21663.065354696417,18621.02207406834,-5112.524937629678,-12958.49943324711,-7413.512369090056,-10879.436307412687,-4537.969518643999,10195.629883552594,18015.020175384085,16620.282105854294,9308.028791319004,946.6525342882178,-2585.249951957067,-889.2206073636855
30513.403109050592,22230.368815647184,8962.368144631197,-11155.715504914411,-9444.596183256845,-7672.599266814113,-11759.345205643023,-206.16289577040465,15271.01527022284,20959.320147113376,17024.446471047824,6938.278222939254,-2627.753269597382,-4682.757383035648,-1204.128006469711
30653.413412367005,16714.314713201926,2510.6686996795593,-9636.750074364934,-8833.841807271594,-14294.342946828676,-12325.629713681705,6717.457608943504,22099.79971128417,24612.132006726228,16354.344232704614,2024.2731629053737,-7962.682835010522,-6834.1471664484025,-1268.1274395181194
30910.215181049785,19337.90235058287,9733.14708337326,-6338.3779038538505,-19621.943822651272,-25885.38112035477,-9372.192193696439,16896.2678026636,30090.735341454627,27336.330147039196,12273.172185963691,-6486.620622524605,-13880.08728258455,-7624.3025509582885,-715.2203781586175
29799.28352859855,43573.92740292087,22755.45004657275,-16243.672061247233,-42300.32623291322,-35159.454699116395,-760.6460384041707,28825.387456438028,36932.50641389761,26316.848698215657,2986.402785714506,-17094.76953459908,-17294.218193180168,-5662.775073116298,529.6784200761249
26746.346644224282,65167.32300335508,17862.515589025763,-41826.57048607824,-63850.82066928545,-35283.260270846215,11532.568545978429,38913.19792612132,39494.39567002776,19379.24276922622,-10375.893371833725,-25394.845081819283,-15379.691324223768,-1165.2205013932946,2015.1947984264734
22901.43343046795,56890.81656561233,-4357.261737648814,-64622.556139857545,-71816.74811289436,-27402.169640991797,22324.56824523786,43566.31134661023,35741.23863775362,7061.53064466639,-23267.182535927976,-26873.20827124757,-8311.34318757001,3807.3486832635135,3043.3262681277292
20130.605093984963,37245.158039743226,-21084.734754499394,-71395.21745673181,-66988.89646624998,-17476.84452923669,28032.223403722503,41823.22165396176,26582.305718274663,-6644.98778573481,-30163.09004014354,-20672.570682146183,287.3695877726122,6749.63057177535,3136.7399724434117
18744.98110777543,25770.272981683363,-26478.315460145655,-66797.12489813825,-56293.89512260459,-8629.055872560644,29490.13734590825,36307.533093371974,16001.784463588945,-16642.917437112017,-29211.705563712265,-11041.96211421746,6030.9739466089,6690.769917730708,2396.74429072682
17505.985248424477,18352.241295529086,-27102.47722615199,-58547.64826484169,-44733.7462493012,-1383.8676504214154,29119.074783375534,30384.601116702175,7363.311378638316,-21581.789616073187,-23936.34539559524,-3001.152621337872,7956.213562787358,5058.442187833989,1481.6793154604566
16670.13850293324,14027.05980989859,-25179.102349473178,-50719.59615810366,-35675.68437788589,3145.8337459786226,27335.571210058202,24661.230269124888,464.5852063281148,-23571.282905920696,-17643.991039241428,2769.3961488581217,8160.347765546753,3618.9941996932894,927.1299176423137
16766.41442587926,11425.317116859389,-23425.795660325955,-44986.299618228535,-29579.995220559227,4869.603947971857,23905.086002603468,18595.573892999557,-5288.879152510294,-23078.24768999083,-10446.857997849058,7065.261410932004,7427.754006936746,2411.0349297060084,651.8597090656212
15592.50199794259,5732.528043124168,-23683.75547344948,-40157.25715117366,-24191.388536948747,5750.262220623014,20214.25869870024,13271.881170642537,-8785.302209288138,-19725.64862147943,-3440.146460651524,8831.682271147174,5305.6091116530915,963.0637389825561,379.38684686754164
12394.924185525231,-154.22273949566807,-23559.73307228749,-35023.5394686213,-18699.128094485135,6901.307130040721,17452.970440622117,9520.001028426697,-10135.967236961775,-15303.779329751824,1348.4307164476186,8136.9898093691945,2783.1741892320842,-280.5471108542241,117.10485946904282
9847.361058409862,-1955.4194886703056,-21784.434997884106,-30303.564251268086,-14273.432762796281,7527.918705033015,15028.459381317689,6501.509794680795,-10713.137387711813,-11217.633116703128,4315.903100861004,6858.250682053178,1117.994479553614,-833.7096012849662,-4.395848957518865
8200.227088077405,-2542.3035064709293,-20055.739544264812,-26427.804901621428,-11100.030440933127,7278.771242539776,12532.273886848636,3931.22208925919,-10583.212693496245,-7014.807461712421,6557.765756435287,5544.099391321077,-24.95421226821236,-996.3794110050853,-7.530154476585693
4586.406553489468,-5229.210036146921,-19137.24502170065,-22621.32748585327,-8041.991597845172,7210.249532242555,10911.446595832842,2518.180550880762,-9421.156976462566,-2765.6888680194534,7572.022157364365,3426.5244061815583,-1430.053837051632,-1243.378560208886,-10.803293470282235
-1011.2045289496423,-7974.064734057198,-17869.22131986527,-18444.643546852596,-4540.764739249244,8155.096916388196,10675.427257048188,1890.0728543065168,-7972.340740485736,614.0573746162622,6836.462396661551,682.9716219570527,-2901.01943387309,-1568.6510106853534,-58.195005580493905
-5227.4041905612075,-7862.7778795569675,-15451.44391563684,-14264.09264268791,-1082.6575493991877,9614.013624174662,10748.158673325224,765.3542893063053,-6695.728655554009,2957.678799391051,5162.103313524201,-1566.8740320020947,-3749.047015396313,-1658.4322063701613,-91.4900396645722
-6678.84887894648,-5649.273341551536,-12349.30951895187,-10353.497154919809,1804.3464509761154,10618.251074077107,9984.17430184297,-974.6979676440562,-4975.693721557096,4828.057133405514,3590.098704472867,-2843.6535979063815,-3812.090930931414,-1331.6106984099129,-32.768391858379516
-7662.164349087808,-3697.388954535685,-9035.52053600883,-6292.334446361173,4405.2536725554,11132.443454438993,8550.142084415176,-2449.0156612134438,-2232.942439623728,6559.51176068025,2134.033740327511,-3759.236313605919,-3524.132813541215,-656.6622037212679,145.9880181944061
-10154.801469116599,-2985.607755117141,-5630.173616438161,-1709.557162782753,7220.222005180577,11415.833386233942,6511.543905333454,-3212.129214023727,1781.209886265753,7751.246729235351,15.695897185257195,-5035.0331894371175,-3259.5379654995945,221.32784408625653,405.3728689724777
-12598.903434929036,-4963.765653645905,-4412.099758839021,1027.0338424044771,8353.502499248088,9791.358534097308,3155.345217865532,-2298.896372116615,6810.329196522398,7286.088854905255,-3022.750565054428,-6470.1810870121835,-2851.335465046739,1197.8071100806403,636.1315367722055
-11960.309121664102,-7155.601633199975,-5917.74667359192,-555.8676004988017,5411.264249285416,5414.558740202384,283.71365962841867,1552.6216606017676,10706.718505958224,4636.586861259643,-5852.34684371581,-7027.992589829642,-1879.9738187517275,2041.0321338857616,665.712104810869
-8578.34822732848,-1258.6098207710156,-2931.58197935035,-1072.747128720884,2579.210414404998,2711.573807569458,1189.1232035434446,6359.63669576592,11004.87265949114,1096.034346354425,-7161.046824261658,-6231.694808795779,-556.1856250752489,2308.6683312461473,399.8978888150608
-6053.695618427764,6235.305388628011,5883.802403298827,5352.826260205281,5648.92896895207,5361.61636375552,5574.956492478278,9527.997660676314,8375.843046334694,-2361.27334323121,-7837.762678940207,-5349.638046781923,347.34531033015446,2113.948053520412,92.7252715158113
-3427.135997064807,1031.4753511777812,14175.852477253204,18610.06182240244,15656.180496417912,13478.77069340972,13307.414447291987,12685.48886111422,4289.036273735719,-7358.229445397931,-10441.05120656899,-5720.139425220245,1411.2211723593025,2692.41511842452,177.01266356058738
4933.883201740627,-21730.732246945056,12560.687550969746,32540.355352828534,29907.78534253795,25527.72945453427,23579.03006962285,15716.73149866329,-1725.636521214654,-14573.546321770862,-14798.478169856731,-5684.026443286961,4482.063995668434,4426.061716086624,508.38466194521277
14187.791061589756,-35138.22970182786,-576.9124484070219,31521.32157499008,35286.81839271856,31788.1916537687,28477.312769931774,14687.564542552122,-8192.710960254639,-20033.911560968245,-16715.503559234243,-2700.9978867466925,8361.18569240238,5116.218535476117,374.08695425195185
10325.865769033513,-15159.577848921881,-979.5165555453048,20895.27300614879,27263.178378098506,26917.47140656672,24257.447004295427,9639.646705466908,-11472.57624051187,-19713.881060745567,-13884.147162928914,1133.2144242663371,8657.401437018998,3146.5791195513784,-350.7314722665079
-3738.405239827915,-2956.414628961256,9419.786270529492,19560.827414909203,21328.568139952888,20791.23335442796,17332.88189185433,3987.504858912456,-11387.646689507837,-15527.379620928821,-9765.894730298667,1455.4520923365378,4894.654518302982,567.2460849966394,-898.4704713933161
-7638.637835570981,-15778.88937845582,7464.108372370208,22530.51778084977,22698.236775951696,19584.940296989666,13039.29809521028,-156.0854958291888,-10869.990854724887,-12385.842881801102,-8038.489752177855,-621.1234551664738,1974.251791581461,-38.63232372558298,-766.2295293361178
3467.11071051236,-24559.39261334207,-62.114394732527046,21227.22037096667,23615.163287257143,20008.68372161677,12066.197259612905,-1719.2567103369142,-11019.76626426438,-11496.751855810071,-7027.151914458438,-134.17686041147067,2317.7919656460226,645.097064407943,-355.08923396402633
11561.413122909025,-19307.916751674828,-1325.1641805809475,17538.991152391805,20925.499753772197,19118.341452278968,12651.654302052342,-1323.0970637547296,-10873.9319129795,-10467.75107568471,-3795.448866797609,3059.1712159139784,2849.6265885588596,534.3194680899937,-218.22050493199345
6100.790382680654,-7070.2140588413695,3034.4402863374944,14000.527928552288,16478.515141741893,16617.775697694993,11827.78816946612,-1666.3825077888857,-10419.546015223248,-8446.817820923838,-64.0108402384389,4299.573307477154,1236.7067942370645,-428.091239967686,-325.10015042733716
-1008.9074690065813,-806.8978445849493,9887.590268173324,14394.180666551156,14516.652975466213,14453.39488750514,8422.815564602606,-4708.823228723243,-10933.18992850574,-7416.775248462063,314.5714913797483,2045.6413714843093,-452.270315760099,-706.3450598612799,-297.90598215484346
4455.219757656618,-10388.825579095752,11920.451399747517,18772.31278141721,17160.512718620048,14342.619010554887,3893.848138339389,-9465.730392740988,-12726.258162454804,-8622.930849449092,-2612.795780222705,-31.296853215864076,394.1182876400791,349.7442426282364,32.08063516746569
18693.79356847292,-23713.566116685437,5601.074624462722,20456.145408357275,20315.416381389186,14965.03494899295,390.766322953275,-12909.633823541055,-14106.480432724156,-10362.942271622242,-4905.437867003946,1058.8442513700586,2965.9247989889154,1784.7709829809535,479.5232978372373
26955.76027707216,-23188.597163395276,-1367.6613583700203,16595.963447701346,19547.05135271932,14182.624370198944,-988.1304746837327,-12934.588313313214,-13239.077056540582,-10125.746145470854,-4039.7384467334414,3538.7725946988307,4434.043547834586,2392.344870339858,755.1391193087711
23258.592920707306,-11949.02333822121,-2031.128331596134,11452.173496617563,15493.150659616183,11629.589968649978,-1049.622326353453,-10426.524586852634,-10325.822554742404,-7535.90567848459,-1774.9014543476005,3895.4306197012793,3669.7209062850707,1988.0093042245887,734.2973918498044
15401.714021194179,-3192.5128403430576,1326.9262450437245,8338.582310363485,11259.521951407942,8373.36531057433,-1470.2066224111934,-7938.386674274741,-7057.5190201498,-4514.30162466345,-1453.9836068664151,1670.406875779031,2092.629494160992,1230.286089396478,489.3030569785943
14018.005806693784,-1651.0157589954006,3296.2401622001794,7882.978639651181,9918.93159014514,6502.748697169597,-2434.1462140757762,-6698.815193507639,-4784.1325847064045,-3592.054690873912,-3771.6106659802435,-262.8602515042914,1587.4575401654959,762.3990396987058,185.42460024308969
21914.67557525928,-7855.576259827735,3664.097069258726,11925.433694054414,12945.535988680873,7406.157349729123,-2874.926493457857,-6403.974097412817,-4648.955657208442,-6011.393710833041,-5514.983740034561,901.718029013942,2722.5389184449705,871.491619593874,31.986804074418217
34036.11676698223,-16458.728245248367,7187.47689344336,17542.919630639266,15867.75201930731,8047.400620516706,-4245.280220437661,-8313.428905689005,-8380.788083365242,-9709.024645627025,-2453.082113906033,5141.992971220844,4825.2517914367445,1694.6742855048035,217.85076332545168
45134.088486053624,-14983.118131095378,7261.068859385441,15790.129182738052,14227.573966494972,4642.233028757302,-10130.56779201387,-15003.742334594153,-15655.848244161218,-9826.21872957274,5803.493472855496,10060.661179246104,7161.1283002443815,3204.604852131604,674.7381103533772
52313.798162090134,-17041.262565513774,-3229.679720514188,13878.682218358656,15836.425539315513,1222.337749875371,-19173.342260186917,-24588.203536553814,-22033.1537290649,-4777.340493152939,14428.633941544149,13585.059878944008,9389.002282349762,4543.2899503958815,894.3854379704997
49127.89013937048,-32343.967429912682,-4816.259613681035,24040.477563511526,24869.538824660613,1021.3442495345304,-26603.8924845294,-31600.94775536826,-24827.219516722795,-276.7167960590083,18203.889628359244,15265.297103033196,10476.668545926026,3867.6444192944164,344.0442828185039
29369.022578637923,-41555.1626317331,6633.783293036457,36944.8320568504,31962.293242666048,-1905.3011770234787,-33134.78074234209,-35542.3729656059,-27476.890318166923,-2073.5892462543425,16824.36505839862,15254.002084919444,8638.384812367369,363.1852302679829,-740.761009445906
2594.1220851803014,-37712.995907764875,24981.811132521318,49967.75605932544,38348.13084802091,-5313.309839200791,-39107.97545076781,-39197.66109317267,-32082.36880140279,-6863.718298055269,14688.251354874143,14147.902636653818,4124.884463825219,-3905.044109223816,-1504.8677583228864
-11668.012030213846,-7954.316193964737,44486.85430519397,54900.13295741209,43584.63747528005,241.13537587181148,-37369.0020986521,-40006.39582065665,-33490.74838458281,-6049.845621604939,15986.82279268267,13565.516444156754,138.8518033966039,-6230.443520877117,-1587.8056450656245
-8079.268816066274,9935.861505488494,30908.084834903708,33560.252159493815,32772.139301469106,6447.513158567086,-27328.64773597751,-34632.22922073964,-27114.11258269475,2781.9063300377275,20314.939203696613,14540.943576767731,-981.9695238554352,-6326.854376643813,-1354.422578951419
3518.99582922703,-14722.60822031015,1247.2718964687099,13281.177343360352,15462.302388340218,1403.0788542340545,-20558.945947027314,-27410.924736204102,-16265.974409721357,13648.174030744789,23816.301992629848,15990.46316519129,-88.51550560020073,-5430.603992719786,-1105.930023047167
12572.478934962739,-35752.82304987346,3413.8041492100156,23059.094470618187,15410.65362660954,-6216.2301196772,-21751.398590130848,-23349.92294119698,-6678.702999934822,20253.008877746426,23849.639888448575,16196.01099307424,899.2782619835989,-4360.327384971752,-842.8129582346922
11260.972454653358,-24167.472146068347,27567.59343788755,41779.68769784106,27569.933797177157,-6173.037662487432,-24155.27935589211,-21348.89353550657,-714.9494644567596,21135.59874237389,20914.127676025488,14612.943258064666,862.8276443379863,-3552.1811749296967,-618.4593356973867
-2019.7852633552898,396.0353436644388,39566.01420750577,44738.23700022958,33409.17047902627,-2805.9830354116248,-23771.71572595887,-19513.495317790712,1421.1406432356175,18243.834436173598,16908.32704561564,11524.935973206226,-566.6889020645664,-3236.8789707590854,-536.890303965781
-17081.682103637802,13598.256365795518,34859.51054821948,36111.49606753932,29889.678937874454,-2305.8594066295373,-22448.034487788962,-18391.090168265393,641.1160035148588,14459.781133374725,13313.073535850684,7422.15369299615,-2805.9930097089896,-3039.5455049562456,-518.2118813909938
-22166.07438977103,14217.793984035234,24756.631298206783,26068.973193722388,23235.829626975257,-4021.2319936879935,-21604.88906472994,-18344.268044873883,-705.597682115794,12355.923375468223,11098.083692479424,3439.530630519322,-4547.41251047401,-2539.859027754286,-451.5762727009895
-16720.256847985598,3551.3771424633637,12034.95138886401,16298.250500277849,15136.320254174401,-6878.611055211146,-21324.0610215095,-18679.04430942518,-334.2881716752654,13076.321190503468,10810.90259239632,800.6469361542449,-5299.047193540939,-1964.235387643616,-402.76249593487074
-7559.9285757926145,-15906.89433200123,2690.6333854536697,11474.372477668847,6659.7230618827025,-12347.005841383647,-22359.76551490879,-18830.146776628466,2212.7258669999906,15678.783727531943,11936.289492539467,-475.2992722648439,-5518.542675682811,-1622.5729698043124,-444.0847390261264
-2412.19224401256,-29032.447966910106,7731.190447814939,18026.746113266614,3336.869648840491,-18901.242157418084,-24685.163836685308,-18295.67172336054,5889.614232887039,18123.540704254847,13146.689173500012,-1005.4279099890923,-5508.802773125611,-1552.255896799641,-544.9556594950129
-7564.743555100667,-22041.662608786224,24435.926238442644,30971.00720645052,7832.117325884517,-21917.308493367043,-26249.09535018778,-16368.339009332929,9310.096718253464,18998.32760999987,13686.010028086865,-1134.7802906388122,-5644.355635573818,-1916.3440960030548,-710.9744580924817
-21720.94461405056,-907.2284783381072,36391.6059436307,38145.39702377702,14624.942613699472,-20235.549816405433,-24959.005800582054,-12712.495299366048,11570.44950608985,18345.283860179297,13681.054788183132,-1591.6419874952733,-6435.244995518282,-2782.9640444099955,-974.2419874470606
-34684.408799444,14597.269689600518,34342.93241461378,34461.163215128465,15819.417657865308,-16308.838557886007,-20139.77732840035,-7578.429035786804,12728.555905723637,17035.34827640712,12888.245786229638,-3132.500869924525,-7364.812924778455,-3621.282151629463,-1230.1712128499455
-38306.42315103471,13941.172819114807,22979.69323045544,23419.07497264929,10669.908125683189,-11238.876782597295,-13366.668306297159,-2261.4506506440675,13105.239973756685,15427.709221854568,10680.59949105169,-4955.805293273195,-7297.844265428752,-3801.576932448664,-1301.971052409237
-34426.81006831235,3572.1357357310208,10730.831337709984,12273.209488986364,5938.837262558059,-6245.341269135302,-8215.657204098612,1272.1013957822834,12805.599710200331,13625.904900067459,7570.850975347619,-5949.333643199227,-6322.662042961535,-3428.911656998867,-1201.610751074421
-29874.97294259131,-3912.0353622789416,4100.021771502701,7416.245327493934,5688.139380590236,-4009.351245133711,-7202.767934144987,2201.135727889682,12652.919880789905,12526.010508303145,4349.981820976621,-6835.159681504243,-5601.50103471247,-3190.2955386627095,-1132.1837790131217
-28664.385472650138,-1184.8893260612213,8467.937947969793,12540.64604751885,8369.749380081055,-7274.163268255182,-11368.294357576218,883.774545621257,13804.122779611145,12883.331741978918,1100.4234791970891,-8536.685037006328,-5907.223354493429,-3471.591559497567,-1104.781679375972
-27431.54743309519,9180.968431276355,26556.064507927284,27672.32514414202,10513.793957140522,-16086.994819363139,-18990.186330698132,321.6462283995796,18209.994344122562,15969.098532929569,-593.3814757090571,-10700.169423327286,-7309.593834976442,-3620.4944917138296,-709.3266652928742
-16891.889910754697,19537.939937343617,55310.34621404424,50556.129262931536,11943.162868090572,-28763.09610230699,-28115.315611083235,3963.1427609923003,27932.07501350669,23426.956025393123,550.4567404813363,-13103.223080540682,-9019.867872768695,-2257.944665979045,357.5233896726045
3075.040138687716,8428.110537082815,71753.76993795512,63429.404483584694,2040.3211946254592,-45737.90360551237,-38646.10462202421,7671.528946046048,37851.64954899468,31085.133810985946,1312.1980629013228,-15412.633682558251,-9372.463297130505,736.6831655079758,1538.4216371610346
14979.707327774902,-15192.919717854043,45926.83255308638,41254.194423277695,-16789.987425830008,-51035.79828520864,-41135.811757803946,7135.322071424232,38720.05555598554,31088.72690714038,-1591.8925343865803,-16194.524347383842,-7750.304712947113,3175.174075775357,1884.0772772986413
7816.9280487577735,-7122.65651749211,16458.08443917142,14802.976179541936,-16593.808361085677,-34830.73455145882,-29784.349185433366,6358.798529188079,31304.972370378557,23602.136887930028,-6240.332439191252,-14961.24425510497,-5762.190568798838,3324.105659127659,1341.792352625681
-5322.9837496592045,6174.1673186031885,10869.647352864353,10843.421534541869,-1866.0286463027346,-16443.72916017985,-15675.558458460448,8131.300861973281,23652.23102421754,15487.625396917505,-9489.766914707383,-13250.222816876882,-4866.572496587152,2253.4638723318935,704.1213347150165
-9562.3347309075,7758.40934696779,15209.984759663446,17742.446146087525,7938.53627859439,-9041.468771979306,-7362.155058543046,11069.960973650763,19496.966694562747,10447.672640737452,-10774.701932931748,-12105.76474032041,-4522.000189247779,1659.4381203077364,418.85776324241453
-5769.1255474710515,10389.134498797339,22448.02542018681,24654.298424620203,8120.010174872737,-10698.375159590478,-4735.661681446316,13608.573433502728,17799.579267640438,7847.394570233358,-10553.00430405663,-10877.859876762781,-3713.1209494487343,1593.2902184353104,302.184912847908
1594.1720288899546,12954.333684169462,28750.510968182232,26542.875202429317,1781.516930479369,-15352.391875274228,-5187.723005448958,14514.127739614007,16677.54275791954,6465.898367354241,-9092.419637770314,-8920.930200116272,-2227.094778790455,1572.0642948958998,192.0486385231227
11166.341602861343,8904.399985792146,29115.03855808573,23258.704123561878,-4435.050543442231,-17595.369062337013,-5176.874304344441,14429.992436484777,15582.49066393796,6016.433399959452,-6940.074729393549,-6445.043779682985,-23.550596655628198,1687.338661971096,160.21965306117795
17983.346884631286,1004.1096186005815,24020.78153669534,17402.03999988921,-9065.13297944288,-18292.63840557699,-4565.289945217292,14197.894020299076,14711.421370370745,5789.10618187479,-5293.757897356079,-4085.657311066623,2503.5993284893552,1895.0626021087628,230.21889774176594
17807.57236806925,-7158.770571704249,13258.260125616962,7475.040513454706,-14277.929530192298,-19185.04974546024,-5825.306287655468,12402.22508369784,13138.456896514213,3881.4125383192413,-5432.333209914072,-2832.6667378246434,4096.167780320661,1968.5541353944257,371.5334167810174
14009.290358366003,-5524.528928466298,4263.349030683323,-783.0706025554202,-15273.791785173422,-17598.803385325886,-7830.070594322352,8748.568261165268,9969.404329224495,-517.6866836586288,-7410.955033062681,-3344.772243944116,4184.404215316468,2074.8335258624647,600.2634820540401
11449.54671548503,3407.6516659195986,5946.814214518862,993.2153232633902,-10525.893944895317,-13991.131732817837,-7621.216924308575,5856.545006559797,6268.751997945598,-5632.690437045881,-9873.421892317676,-4883.234017447155,3724.105806190178,2402.0588312096934,888.0641989814983
9595.42898235014,8893.540278092576,12520.964096590322,8184.930925466038,-6478.667929584222,-11967.68510351921,-5129.352735018039,5372.220423069947,3765.436708044607,-9099.368114329354,-11405.351701592594,-5768.082492476594,3726.4228432141613,2687.042973597104,1124.0013167327434
6534.926150350859,10437.333290964507,17567.846901884615,13541.755715807818,-5577.223722758834,-11405.978971033648,-2075.9253849866545,6404.667516552816,3076.125866964096,-10131.473313131775,-11509.163413830938,-5106.086648412442,3942.4574735417905,2544.7197620455636,1203.457447495529
5755.620754976744,10126.5173164142,20581.098614173286,15351.272691140059,-6057.331878523367,-10947.048746326116,368.47131086007886,8098.237614352784,3824.2985250252273,-9465.22737114545,-10608.21488748526,-3739.953070538266,3693.8718955567965,2084.0390025147867,1124.1574129266112
11379.70561234802,8313.837840913095,21191.658144408244,13952.798394771262,-7166.908464882202,-10475.573209739987,2428.2381844203364,9895.940258839402,4955.901771231912,-8254.242170070473,-9475.216480827827,-2630.886629864488,3277.064245265957,1751.2240361830882,983.7312790346064
18832.898267730907,6073.852365361857,19372.185872211765,11136.394984751494,-7154.576676109738,-8904.959210901856,4324.173350188414,11060.751290235916,6077.89104870195,-6516.630943098231,-7766.231985620749,-926.0904473478001,3146.1583995635615,1566.0928576312772,893.6122192556562
21021.70514687904,4909.796994764992,15293.292157344667,8073.644222493526,-6412.842504488443,-7065.68862643523,6885.418850776667,13064.09184762323,8682.195179544806,-2895.9461276541783,-4080.7814906133062,2276.3063336850632,2911.346117745001,1345.4976260030207,970.8170409798131
21411.63504727054,2271.846742460297,14256.380102004883,8040.009641736293,-6525.601307673709,-5517.39085829112,12452.461261307126,17117.70211661854,13220.236692523782,2046.3951243829108,789.5375647266262,5900.420830561499,2763.323152623593,1586.1156881645568,1275.085945294325
26688.304142784644,6306.1970055501515,21704.03665281545,13863.266585248177,-5786.26637709966,-3439.588907523225,18829.102658452,21535.549490958205,17392.45662571454,4514.661831003106,3402.1991644906134,8528.290621538645,3816.279261751153,2753.2861822820637,1529.2868047836362
30195.612666074143,20615.079283046587,32414.380504947327,22301.335240285785,-3733.805610527813,-1642.0163048143143,22614.300069204874,24735.775451924077,18725.034127585615,2220.1072366656713,2128.465592680347,9697.527116420595,5845.800615722249,3844.186755891022,1276.6897733003889
22272.857919150436,33446.73054825079,36340.84825816781,29017.385916882286,1875.3121766356066,2353.258995444137,23044.057952502484,24041.924119924126,16012.354564025867,-2114.6699395651945,-593.9967066207615,9269.28019575158,6793.555080428651,3469.1698362303105,642.6956790331917
9674.26547785328,24275.405142966138,24053.903106366262,23507.46396302097,5894.309289717676,5439.327128148829,16703.25348995913,16566.88096859265,9266.756963726746,-4661.92759591063,-1936.4791506983397,7036.201702855447,5302.2449736006565,2011.8352894854756,292.7743500225631
3803.551060115998,9986.848174010935,13306.85523494905,10800.905561120044,473.3762366767562,798.6029653212886,6295.107763880026,6949.641381741966,1170.4423085196013,-5419.7936659430625,-2403.448817677762,3464.9836921294927,2420.0447750681255,865.3842609115725,440.35071337432345
3353.254332867257,6368.005165682923,10592.179467051557,4160.669213532569,-5477.641067167907,-4451.167974671138,1330.7063865374098,2427.3552466078404,-3665.867134946791,-5832.277239936646,-3251.4403644373697,519.9409951063268,298.4761430684819,422.7139908280267,646.6446776603634
2862.691022566348,2418.3401061283193,7087.77389640368,-288.11626744769353,-7683.387312403113,-5779.811349150662,904.5438078733298,1850.0509508228934,-4299.693558418495,-5752.21203610383,-3523.561193967809,43.38227538963736,-18.11426415020921,253.83376805747116,573.2227674263547
3217.9803841625603,-116.56947775212686,4774.739694309024,-3794.9091863253198,-10212.418276452101,-7579.319932642114,645.0114495745049,2001.6547292145356,-3582.277107960345,-5114.849155429003,-2299.5529665812733,1530.1303464843265,865.8160325623478,161.266734442129,329.0745740352801
5891.277315530344,-4563.1654310496215,2116.3560045384397,-5951.570114019483,-12865.040027403295,-9566.860949943577,1684.4705153848545,2989.8122058606077,-3280.869890701868,-4604.7574707300355,-608.1379223920122,3015.778779181668,1764.9003903598596,158.17351201578754,142.89818475911738
6528.640509986511,-7968.375202564278,1032.0689792266742,-6855.4210456995725,-13928.758400166678,-9681.68334529305,3567.965699004791,3951.0238328234773,-3763.757099653239,-4661.909538721632,68.78972000912313,3336.0000112013486,1959.2065953431852,133.52551853374598,65.43805420797332
28.77723410152921,-6886.901042808827,2216.285427424303,-6623.629835874695,-13635.008239502682,-8943.283699703736,4294.136477028681,3556.411376979922,-5007.980066646154,-5132.494459344776,-469.62021459025107,2633.141412426323,1417.529694410745,-45.94034489829835,-4.163553439379115
-10258.261013494479,-2694.2449811138436,4759.597587845976,-5018.773747885308,-12396.071579194897,-7662.2875911837455,4428.865175427752,2537.889255765565,-5945.211711827269,-5249.51274232778,-1189.8574409872142,1582.6176942829147,561.2543719713765,-296.37199931389875,-130.58273319685233
-15235.433470207252,2295.3569793539177,6785.305275794368,-1284.0512371121977,-8711.534030130173,-4520.050340343702,4991.203046989359,2280.8908611307006,-5231.892850342148,-4210.979425515956,-958.21150531496,861.4058510245522,106.58459239074799,-314.98989582762636,-249.2711990610517
-12523.58145484643,3663.6520217219245,5762.011868805357,1868.8598602474738,-3623.337650505044,-766.3674588209919,5289.823939103986,2844.9444358264027,-3072.6849004309033,-2097.024622838392,407.121977998872,865.255914335085,548.7818847469294,-35.090686915451215,-299.32403106700286
-6689.380637576764,4134.511807341017,4752.331352317805,2691.90921723617,-885.4067459057951,834.8551473142966,4798.656925914782,3222.8051532648137,-1154.4658315905044,-21.032220954847133,1867.5607328669325,1253.0751926054277,1372.2362431786305,291.9488747494998,-299.62388281188913
-528.6003211315021,5884.507001979017,5514.207531234765,2731.573722642386,-1018.8796703625709,626.1708905019534,4371.131390450735,3074.749591109149,-630.4427445122178,766.456606222201,2160.4794590373426,1160.3171564602683,1616.5944360357146,554.134011517542,-288.70474732103514
4634.673292152313,5679.440102705243,5500.370484482612,1587.8130872878344,-2108.4025502095446,397.53029325056264,4347.45873029654,2823.441263865716,-1272.355691995749,-36.27000622237499,1207.165690147034,329.8920157982888,1022.6742672246301,685.3186917450871,-351.096860043519
5956.603829882882,3900.9525083979843,4532.403991477258,-933.0254999705013,-3291.266541423188,278.70549577275483,4218.802882674318,2551.2028391055437,-2347.22259897573,-1577.6249005099494,157.46316356616103,-550.8506435862812,-9.667670112425185,469.64946877153415,-569.6996014562842
3076.5816191222616,1665.9146586814677,3516.223375896264,-2345.135283654973,-3948.2053193314077,491.70933438962726,4368.321755482718,2303.153763616496,-3166.5212229423096,-2540.247292933098,12.763097989393032,-753.0610922559254,-815.7112596638544,-47.14034214980131,-836.8150153848087
709.5641608683924,1592.0538173649588,4372.931193519455,-828.9861248948562,-3295.637721641543,1839.1506079469436,4972.300566440226,2312.9226994198793,-2779.268201655087,-1886.2377717245947,754.2504427719847,-78.816137325788,-770.1533835405726,-397.80150592456056,-913.883074429956
1822.0790894978782,4718.203863404557,6360.466306816627,2486.5581586694598,-475.9667121457915,4013.7275570908837,4997.800777069598,2980.074714264129,-750.4689212878582,141.58002050666556,1727.11414739512,1089.2772033862861,-56.58073295580516,-335.83277679267144,-780.339371657008
3107.6900692136646,6272.41615042625,6276.631803700111,5452.125468337438,2993.1334088621256,5374.806484441518,4207.3392071051985,3457.3720745037017,970.8342465279375,1441.3994470349796,1899.3144382735227,1641.2666936915093,423.6796066610134,-169.09247043268928,-676.6579507322334
1950.207922805906,2606.3704088622003,2608.491883244036,3719.538254826683,3003.839750472747,3032.762629213571,1317.239420561847,1828.8192981003704,1315.1963716093512,901.6379416181126,638.6222654743582,991.8321323015666,538.7657737432515,-123.66306512059103,-727.2509398023379
-418.5092824297524,-1660.9627809477404,-1580.087338769122,2022.597998707805,3131.159604261692,303.0553349151301,-2008.9310101083167,417.7623720142912,1915.9850344650213,49.97838876900465,-939.0611501548599,196.1826316735829,745.6563620860065,-151.57574019793418,-832.0978628583563
-3225.4655905276813,-187.41641507130973,-491.66422215858023,2210.7610871937213,3039.8037713622334,-287.6161220091195,-2854.84463195782,86.36885631618148,2021.013697622848,-691.4838514888606,-1705.0331906140495,-155.64417352048628,705.9821147422174,-384.71019383297016,-885.9621234162631
-5050.1445236768095,470.4563471596937,583.2396032347235,1448.5414506565032,1773.372800377458,-847.28061111117,-3025.1746740178187,-543.7028424355907,1281.9055801959657,-1624.9339775693684,-1971.6628132456162,-467.24978148209357,208.56125850704035,-788.9309814319562,-850.8099742266999
-4177.573006146181,320.2550817738834,1175.9536692175336,699.5143324100948,740.9392919346429,-509.19747848433,-2281.71206135983,-261.5732468440065,1199.0140450993545,-1707.1769482100433,-1876.3849001255153,-378.52054683362735,-3.3829335160836536,-952.1080805091351,-759.5837728724637
-1856.7551946635126,-283.25133713315245,682.6517053251047,6.50362019875007,-241.30129560544628,-29.63630398963204,-1012.5560712390836,340.4949646303226,1531.3934452650976,-977.3652418956228,-1484.5566990781238,390.7320373530548,447.7279260129694,-811.9485257219239,-690.6170848253389
349.02574192806264,267.99502889931506,861.1570052457856,288.57288549686143,-492.1366214801013,51.8115079764446,-487.3372531685331,200.3178068198185,1475.4645094901293,-670.3926064957988,-1363.7828610659444,1138.7461749333233,1011.0254711475889,-732.7437433737914,-649.8968964844661
1877.6003517860036,1415.694432274125,1879.4892502108926,-67.35095430616883,-1041.209145696137,-24.298163494289668,-463.6729023512119,-580.3114657101733,702.7563265261485,-1132.2960763247193,-1603.019284122474,1228.421229295524,1098.101994170354,-853.2006686955286,-570.1077452465177
959.1098936953389,2705.3178321172527,2996.180881369997,-1960.2240457874946,-2699.376942965188,155.962793994263,-78.67554737584486,-1742.5848755814447,-832.9162832298039,-1557.5484284009572,-1549.6292820953702,671.0783420369897,603.3749228045134,-996.761176699188,-430.4840170769655
-2138.8176147208374,4974.506130177813,5133.4223274926,-4315.741275487689,-4862.761293340716,1886.434438553934,1807.3177326433865,-2973.786749240263,-2673.2974481771635,-883.5823533694859,-607.3671969255116,-278.87142034327815,-305.2912493423044,-986.9395758370855,-259.5545738493874
-2065.715519993905,10678.25475756653,10191.834195548585,-6615.871902981081,-7113.983106989863,5570.452607205723,5158.042702810418,-4333.696381685371,-4160.365269492426,1087.882284564214,1016.3845647856688,-1324.929401388168,-1243.007445857139,-697.1068671332365,-53.90019530972344
3361.589024557713,14228.908413827041,13105.77259887021,-9970.994223417516,-9576.121571577129,8150.305863813778,7143.923151137394,-5738.044160130918,-4693.900165450243,3088.983690867188,2306.1692665537034,-1878.0843008336328,-1548.3173817086117,-225.47450224991263,152.63567417976674
7853.06477663703,9858.816684863952,9340.402061019782,-10743.077548716485,-9478.390628229192,7326.815754356308,6028.895548345741,-5755.200778878616,-3818.482628979317,3649.0498518913532,2506.2808534805986,-1393.341622228384,-985.0601065196404,-3.143309261852437,263.5628218620809
6725.685617816762,5419.120305900118,5351.334630386918,-6962.377841059103,-5952.95618755611,5303.367765400212,3980.773463037743,-3968.0869256906126,-2119.6902586917686,2763.2045931043212,1920.0625770237352,-265.5112630165572,-203.47046521965066,-151.12696175213148,302.1309337086468
3584.877998490332,3067.872957671085,3108.488528466232,-3594.3233092178134,-2957.3066595085434,3561.9081387142055,2378.4509765332336,-2243.159957126856,-1073.6506427139013,1331.4511723525914,1136.6910902938062,428.0548813193698,130.11620132017052,-279.21369197931165,394.0204834041616
2746.7491386006427,1557.093533401886,1728.9497906540819,-1979.4015899437516,-1493.4573098040582,2115.5237260188605,1055.0723101507574,-1460.2586082163748,-1143.3277812168078,1.378106924576116,320.0656735523978,257.2332239342293,-17.350289007456468,-203.06491498625468,538.8915515993376
2764.9760404806093,635.8154980187578,1060.1251851144032,-1186.3568293581761,-641.6588227756874,1266.1069638077174,340.7722306608257,-1044.9063554153258,-1452.0859346411905,-846.2745610112145,-372.18589176892783,-195.80826461025146,-369.3378036824402,-162.35727048963878,618.3011663325084
849.0643715960312,-35.40648503931349,364.079954752496,-757.9585121756074,-329.4432652783914,918.5318049888231,329.02872239161997,-631.9973554356621,-1256.7856480273026,-1062.672226520705,-607.3284388098708,-269.4587811702903,-663.0135782676598,-312.14858017237316,608.4143005991481
-1219.034857194523,-204.13259328489093,162.8066273619184,-454.8527773462092,-108.4258211218954,1185.6211030743298,843.029879002462,-209.32832385547135,-599.7837307873069,-628.1304068,-180.5761964755436,103.62888509112196,-616.7101226182377,-412.6353257549418,637.4219096440384
237.4213142885762,393.4639816442418,817.0009628916478,-827.2478711664613,70.62738669817001,2408.5069304109875,1856.54658788305,19.133150925424957,411.89955753033036,614.7922220484236,835.518095431008,643.1443421181793,-72.05730670112939,-155.1499364357683,790.3681546278058
3829.697363418273,2963.1325865235167,2975.2750700338293,-1510.994325211764,734.8560470689794,4599.6441103386205,3299.261652307898,240.42296443748572,1612.11744829182,2058.465391171557,1714.5635104096114,910.7946934255485,529.1055006608195,317.7317951425881,931.9112831385179
4675.554930837606,6126.726228679031,5216.367843911098,-1198.6882212035189,1595.2471314837908,5525.021536445865,3670.607790635672,175.23142564532122,1867.8990061014101,2459.645730441114,1515.1490999489536,492.6737606748653,566.4094226854158,560.0598205221993,890.7906716334523
3574.464656280532,6532.313994566734,5370.5247209084555,-651.1958738948101,1827.3365085780445,5044.4406018232485,3211.64057199699,33.61303804196345,1560.9156890611273,2168.479728153625,864.6413365091777,-70.78484988655728,349.6657231323845,555.5831000105723,770.1800514063855
4628.717019687399,3439.621139760265,3187.9718483198308,393.6003365116119,1885.8016537123333,3488.9953507988544,3022.021875003278,1013.5418265365506,1594.9859334555445,1789.962611224765,906.3029172313618,91.23393480779663,438.78125939199447,654.9743649421927,753.7390840861214
5440.969779879739,-382.31562311069325,-812.1867129805493,-1584.3749484494142,-742.8388307203674,588.5663256860828,1216.075234457396,919.0838833737578,491.725017826638,746.2989716034118,734.9901985024133,240.38895320346194,409.7821370528761,757.6954333880852,766.1305415965306
2557.4685550809636,-939.829105729241,-1646.914394730258,-2651.9871701119946,-2357.8436016121236,-723.274831791347,-721.6349335229163,-719.6771121221346,-1204.4163732589043,-592.2124018873411,-534.8251637379909,-622.181944556653,-195.22193574706256,519.8652091794603,686.8275060755464
-1061.6980283734513,-928.8730208788666,-1451.3875922699278,-1681.1000105303965,-1920.4095981031653,-950.0096598760804,-839.5845700104109,-1220.9035581825206,-1780.8477541809766,-1346.5366151519281,-1704.62210372734,-1717.6024216096425,-956.8021331772854,131.82473819084493,584.5636048961688
-2203.5935554570656,-38.71760328579199,-820.7359921329758,-1250.3088618860959,-1228.2110034161228,-778.5067574536271,-8.50016341959531,-419.75809652962425,-1260.800178474675,-1207.0123893042362,-1570.9640388320338,-1898.7508985108254,-1317.9293950070637,25.63170120865192,529.4785081933204
-1517.8287348201006,372.70650722543326,-145.9410562077498,-858.5528843611405,-699.1150603980133,-279.05042622359633,711.7302220320878,438.0563730725694,-115.15828756553486,-187.80945317467535,-427.5237384707284,-1194.0349450430008,-1196.9389430029241,227.8787294943055,472.6652876764998
-105.94552119646667,502.6014883468096,219.26929494464264,-437.6668180879585,-606.128710357551,72.3471877159935,920.150711317007,873.6539865532566,1155.7227437911065,1216.2128920733155,753.9391552407826,-327.75405681157065,-830.3917141305201,457.0817483257428,361.18260478242104
1736.1425484879458,377.4508987478086,136.71489039282199,-675.0964038033123,-671.9317214119983,414.7197831074538,711.7478648401445,902.1547482223947,1964.319639752077,2263.307989274941,1350.2494132001307,178.83963244056912,-449.5154425571939,528.0736271009747,202.99684123331954
3084.8076472835774,279.06255279858254,-103.65586344536158,-1390.9607477446152,-582.6521315531315,847.5644367751527,127.36075579777201,432.62662058140376,2061.7807750834495,2574.8030732428692,1300.7167659147472,296.1028333312302,-113.9204904515654,461.55802322292357,26.924732949617137
2010.822170131949,587.9628369921245,-177.904292934524,-2200.3112014706835,-478.37770432002407,1192.376920310688,-954.6529211606814,-639.7456249150167,1620.6923435295612,2211.313052298029,804.527060876504,219.2771112532788,195.2055651373296,312.8689001900669,-158.33571666838878
-2748.3496222426274,1264.2360184939398,-71.37601830324928,-3060.3461910390147,-555.6316509052878,1220.5026167063943,-2543.7490859637805,-2179.969085907583,799.3772505325412,1319.7236669610195,5.18352191942779,-29.448656452648095,334.22859925932596,47.45939747065438,-356.3109768604166
-9302.114447340227,2184.4993257158353,113.01796607634495,-4113.735889298793,-972.634349171916,744.893486458022,-4356.561756609133,-3795.861744782885,-190.32962129085618,139.84418991116848,-965.3561474100604,-480.1909851399283,144.74853819956866,-264.47014258945785,-538.3403396481601
-13755.956370716232,3420.7148614529274,733.9691409127448,-4673.046168302403,-1027.6909480205513,415.0947407181303,-5274.879277808926,-4567.153205485069,-675.3674882532271,-661.7183006576242,-1603.5914330431608,-667.7609266615038,-8.98973870797074,-393.8448319101335,-662.6528404086664
-13321.368116715004,2639.6868821481944,432.326085989443,-4225.421062645267,-799.5261677877063,275.85491546929103,-4506.225280694556,-3833.114388887225,-390.2305481878202,-374.1060846607765,-1241.6934271450125,-8.144086400910282,409.74620917491484,-258.3409109170773,-708.5045898552514
-7112.016643144743,631.911504405905,-1471.823866026975,-4453.512588018315,-1517.8813415216646,-573.8483717408063,-3128.978330786322,-2515.030066420773,-36.921445052509966,645.3179438554703,-47.34863188527842,1068.2935930221092,1175.4759249630781,100.54211221401806,-652.0987321497382
1914.7407120337173,-505.219010054163,-2548.901208282286,-4522.713530748637,-2033.3836848087492,-1295.6528542422202,-2356.4748978361445,-1959.3561887963253,-153.1122699090122,1142.196621668084,884.3366323822032,1470.8475156869827,1578.3995099393396,543.0434020813269,-552.9079372100678
6506.953845134607,-1702.2509284752155,-2545.111673529581,-3485.9734546103923,-1559.1384530305077,-1088.2551511049346,-2288.545635122885,-2181.422027153695,-284.5631298145627,559.1264624536017,560.962467967645,942.1255856141389,1264.9190538306814,641.7684660671334,-590.1198878630446
2705.079517883622,-578.2829040344225,-938.2153343216874,-2294.372738538667,-19.678214563792267,216.4860852268374,-2848.0517960500315,-2490.6112214182735,421.7718685774472,-838.9264755816969,-1095.5992633255682,334.5536347099388,479.5306783486275,78.38470710073545,-798.1265638173558
-3444.891428963658,6386.046311734263,3113.5342250164326,-2409.9141143691845,2955.8601041335733,2475.6571696964743,-4704.905659398365,-2852.289614050093,1833.6008580104385,-2649.470351492959,-3066.7613369983014,509.4270767446817,-149.747663794843,-778.7110299928156,-926.3213965546647
-3491.024427373543,11518.543944195071,2479.795533574737,-6599.036715408946,3604.4536612976376,2629.777599527515,-7658.88870106139,-3644.80509446603,2482.474104801869,-4213.441162041828,-4057.379300925484,1205.5835290708476,-224.14460757007964,-1166.184658639597,-791.6169810966929
855.2744931313274,4255.059867017605,-4223.197251681078,-10094.52417589945,-250.03781867345236,-645.8261414079102,-8824.129199205248,-4470.868986357484,1295.9023497900907,-4695.871238302144,-3760.0225066205353,1312.3679398444933,16.542807126768025,-870.6728936400868,-584.5519718231141
2451.5142233691286,-1962.271039624486,-4997.451573101058,-6683.900447303036,-2738.1446969718927,-2681.1043314911803,-6438.893702617847,-4221.302752532917,-516.1100404849387,-3917.528625034171,-2956.558472497995,513.8337366221092,133.19076106956896,-462.90793853073274,-546.1284600054405
1415.2701146555014,-189.49323961123076,-1196.297629407085,-2279.097740791891,-1296.7487732330865,-1533.3286555636496,-3481.2011525352827,-3115.111466330421,-1301.0218483132576,-2950.9551938940585,-2518.5140981301824,-313.84829424173137,-34.790106988171146,-451.981506025972,-598.6760546072933
1153.2233464876572,2512.8580995216043,642.4438507432278,-1248.7007706016152,1595.7728095841608,700.4305644578214,-2073.8488928011548,-1874.1755275205694,-1052.24042617878,-2638.3843905611297,-2610.4771127234785,-661.4029125105642,-494.2404396441981,-769.5306037223866,-582.6603950849118
255.5863087193147,4491.033706439451,995.8405757785333,-2125.4731309586323,4535.217656689651,2986.1857867305885,-1635.6761094386188,-22.943704309165298,168.38045659606018,-2440.3339857082515,-2641.853719881225,-810.1507725860954,-1021.1555321924893,-1086.4928351392311,-524.8277104215148
-3101.561413563673,7534.263455062517,3244.8915384549514,-1263.16497758873,6262.580799490047,4337.27646808736,-1535.9026609230214,2036.2701782379986,1935.141469865448,-2136.495768151798,-2186.489439858246,-804.854277686321,-1167.3005093488377,-1168.6252515955941,-482.2913304354883
-6854.175134860964,8865.419038139506,6026.643849913739,1684.3289304284885,7038.936967968563,5293.493440862525,-683.3561792565979,3478.647696257014,3109.522533131349,-2027.9106850699882,-1552.8410952200413,-544.50209846877,-958.0842237062029,-1051.7504528866625,-411.468864061744
-8712.09954996907,6553.576609794851,6006.450335381212,3550.94816322601,6684.426395176831,5982.908010978023,838.5384327638712,4491.233163865691,3731.797145453225,-1801.4215964860657,-983.2307773986033,-219.9807542190245,-847.5825975093368,-954.4552271576765,-288.87263201692787
-8614.88536102726,4449.691866161869,4513.265605622623,3847.1792510792407,5660.737964040377,6257.932834222778,2367.273283082631,5419.944516121027,4475.106669967352,-1163.9154299836237,-212.58625470488886,183.86479827469324,-873.0996719417377,-920.8600785462654,-160.30946578120572
-6445.74730723828,4711.846742039371,4192.49059576147,4075.241623180956,5482.389085041525,6853.074828700297,3914.7039783835335,6406.082518334734,5522.083086009098,-98.54807572433316,1075.8339876125847,1010.587941784157,-669.5990081084088,-754.9886315580171,-43.897419010661636
-1211.509699409988,6758.783211812426,6459.5053384016255,5652.365766564504,6903.9053030441855,8268.439999524171,5629.665232539819,7498.844364408859,6822.857450007718,1422.406103528785,2825.828004308878,2321.8991655971145,-63.643849236318715,-372.32494588201143,76.39968979774635
6748.388860832936,9894.903150250946,10971.093330900598,8925.930370493825,9902.451348955183,10513.598683933627,7287.73376771752,8614.313204975206,8103.0423769770405,3096.505296909433,4481.5396493789995,3656.7066383208953,767.7186911203373,45.302547264779946,202.44560595809952
14529.169506822922,14593.139548639938,14730.190945722159,11406.784917907265,13312.502500635004,12348.734914115048,8047.086595347411,9376.177966693363,8774.754724067085,4276.160022559432,5389.154453852684,4508.89957857394,1531.7823396045117,327.04462769632016,340.88737512539393
18310.60287815422,16995.591551735666,12884.788191940603,9569.060867745404,14573.6043555824,11743.4349715863,7089.586992286415,9176.283520992762,8327.530550170053,4472.612308130832,5412.114001803419,4752.307259744139,2049.759954229389,434.39100900958897,486.6165853023683
17300.70769003149,12171.601390507158,5659.206762597062,4046.524219685849,11812.835473515624,7971.475771602462,4282.863162155325,7732.759309549485,6739.846949466677,3700.9110693327475,4855.686396403746,4455.166898004359,2171.6279348554517,348.21629090925444,606.9025085131723
15243.894134365324,4217.855872619778,-576.4010646513124,-999.7061360560306,6278.299257991651,2727.2369449613866,623.4377263276111,5554.44790108553,4457.902390427287,2267.244624265488,4074.020269795943,3754.8756324284363,1817.184861653323,224.31021148061643,713.6564492021259
16055.445147542878,493.9875033246017,-2185.648723302712,-3032.930484820172,1468.9748892308482,-1462.552581808086,-2557.2471854747937,3340.0257096073697,1905.2339614079065,410.03448752080556,3575.596036286895,3021.581028622468,1274.466720288628,348.09886391254065,857.4798534754891
19285.787478906776,71.98559212851379,-2509.2055105101626,-4066.0891364985587,-1321.8677777683938,-4450.719365344816,-5289.506571886951,1667.3458761096042,-673.5665875486834,-1616.0755022213434,3573.329661987633,2348.382042988658,772.0595630465706,734.1508877116331,1012.5876906256747
19364.718344370427,-3359.578635986162,-7238.788783492206,-8151.720331006545,-2973.3222468534263,-7642.855436201114,-8156.66954259279,422.2940300734233,-3567.617598443422,-4000.578768750821,3186.6731649159183,953.6078739677708,-128.78022153811776,1033.3618125443377,1014.2997185563044
8592.952295463188,-9994.693698644289,-16738.021320180556,-15969.752234638332,-5384.825529969603,-12452.617409384497,-12009.665413436589,-1648.3925092832744,-7530.206362965905,-7330.097240634281,1169.6314129451162,-1915.680449930283,-1930.7216563569818,714.25437709379,680.017766340021
-12556.200913605722,-13834.394832907767,-26410.62420858226,-24319.660922147094,-8660.63352098035,-18368.185779178402,-16662.79881781034,-4840.321132564197,-11961.233187507893,-10984.991468245415,-2523.2278542284334,-5357.4672777850155,-4119.715579219483,-477.5907650027551,134.02089736674748
-29054.56196175431,-8152.62642437019,-27850.850697914088,-25983.643673811785,-8798.442049749192,-21021.94666514117,-19003.73744503256,-7405.675698019387,-14474.619658270847,-13005.545753833623,-6160.838875528625,-7126.87079789692,-5353.605592221647,-1901.5407272302257,-151.28484004551842
-28386.467764362224,1171.6181763259667,-18016.906411016782,-17953.92185449151,-4557.4035860575195,-17534.487386773217,-16571.005920089647,-7435.316936950184,-13477.018338293545,-12213.241189238808,-7599.890621890403,-6259.043369221685,-4973.641929595981,-2454.817638019634,45.713913097657496
-17788.50690565865,3148.726194904121,-6704.782914906368,-7783.1290746623,-295.0745860313817,-10930.462648764227,-11147.014173481246,-5201.817008425835,-10071.584651281824,-9479.746357728794,-6513.258382274609,-4223.986245572943,-3737.231756931317,-1925.137753491353,381.1200856886164
-10729.350929751778,958.3125325739195,-2443.8984792149863,-3258.9816929751337,769.2322143858803,-6308.016761378311,-6710.731836808485,-2919.5592678489256,-6729.420118461024,-6675.0320514010455,-4504.48603416538,-2794.019648619187,-2717.125871069037,-1100.2312110538478,504.54046221545696
-9954.846814863437,1635.6380712561293,-2766.081128359709,-3409.838365643683,173.0732958976881,-5294.809481817508,-5092.204959199788,-2009.6076420403456,-4888.530092397419,-4929.654590852429,-2996.820629194769,-2271.648226338344,-2191.6882189333005,-566.2992444630856,446.17118482113005
-11519.622815069863,3649.2445832966323,-4114.060902158959,-4648.560611914069,-98.95594235973797,-6227.120680953549,-5238.497845425383,-2074.6571176999564,-4380.455669027971,-4095.381800849049,-2059.056298206615,-2085.8145741925505,-1787.5017220200223,-225.95932820787104,353.21104234708577
-11791.644886316859,3689.5732389627674,-6250.332649719467,-5707.8978804329145,240.03044936939804,-7075.630895249523,-5445.7834005361865,-2129.632012576734,-4556.272714183968,-3554.046052718654,-1202.5653514396529,-1752.8687485907415,-1121.241771294219,180.13356819130985,281.1262934504647
-8262.905104213503,2207.7852156665526,-8622.859695202631,-6328.685491283722,607.1548807762003,-6924.131238956663,-4874.955866960808,-1563.6286383839738,-4810.634819877378,-2734.5336120206566,-176.51613966966187,-1144.9525470822496,-276.0619114379581,625.4199473256353,240.50853514513676
-1104.4378318606423,1382.864374041762,-9081.05484546663,-5929.7027925448665,594.581097214243,-6369.930324412807,-3939.8110468869163,-439.9890029158369,-4491.185528112442,-1160.7965743652571,1089.6751246213933,-395.50393911443297,334.7424133022246,884.1643847824032,198.93842459442362
6131.547147386461,1344.445686699791,-7285.921118443481,-4834.846641137968,375.0203930138936,-6103.952518462784,-2936.527218978877,981.5453364123623,-3400.5306184826795,997.5586809292286,2520.0068798530697,382.21068186064673,647.6689117539456,902.8292055764332,81.99309399463979
10458.324732431072,704.9011002241729,-5550.8362878120115,-4280.976726289002,326.4329144561191,-5971.385634412342,-1531.7334855800254,2549.0348531776785,-1986.5723990432796,3015.480122900989,3862.8250706798276,1199.883034447062,1004.7715753405262,894.2856677115811,-110.00108261561208
12489.926084028199,-631.8986553466639,-5442.010252658219,-4347.365678709631,921.5703488000852,-5690.595364133913,351.07371415139283,4112.979327841271,-703.0733163316693,4442.808889982456,4827.529492723688,1954.8527130222776,1492.3446417191103,1023.8424514964531,-274.7467734188418
13545.387463554023,-438.2502166113476,-6229.8509645870445,-3599.4986592951204,2792.5272026589223,-5012.587327587587,2446.5970465830824,5395.475706737375,252.56798171210454,5168.362547083955,5161.334959143918,2273.4852338652245,1827.4780141787749,1174.2262024006545,-364.4709433304105
12342.685544039772,3161.5317135415003,-5673.640785549669,-1126.6184692651264,5393.621094714168,-4176.213863048668,3968.666934719604,5900.518095972949,603.1959126623003,5278.174983183078,4764.051763689399,1753.6817510830497,1800.7527386679167,1049.7111508884618,-462.5173291541744
7167.859853284666,8402.34424244765,-3849.1617884644506,1591.5523426151608,7233.796668366459,-3744.435135588527,4666.460297986213,5852.473686078998,335.8494236148215,5251.156283588494,3739.8075708995934,403.99878121338213,1425.3711135860958,524.4691734006952,-639.9809152548372
-1053.0841235696341,12421.991627035037,-1790.4669191306507,3743.141721340298,8259.29130283404,-2500.3266795258314,5827.390451943365,6336.372320404856,-4.1155544841679585,5515.002334208976,2397.6608880608683,-1142.8722028137556,946.2457356822174,-140.43429764383927,-844.9553744838113
-9748.58846273594,10966.092382231203,214.99572036296738,5238.918758126227,8843.62196379625,453.208006001336,7899.073691871434,7557.797776768415,66.2629373143377,6042.490379271018,1192.8185417599475,-2212.3096342883987,678.4844878271052,-665.3464527099133,-999.5993743394602
-16541.162663050487,5891.147490821673,1795.6507562188917,6147.44149959768,9380.414722731459,3353.0101695592143,9890.888799244085,8562.369754656604,41.20295467138662,6360.25859838537,1.8351742692218522,-2885.0619897534675,500.6886860738032,-1055.1987060252372,-1091.3399077678441
-19677.270228956037,7336.949353647499,3676.825019399323,7967.677401771184,10738.581516556438,2999.352602349033,10345.064844034774,7555.749931069738,-1297.1593368213055,5593.668869213055,-1579.960118892387,-3457.6204267754447,120.71082407624894,-1308.2156686309208,-1126.1961731366673
-17912.121855209825,13317.473400172155,789.978475205189,7094.865174664154,9641.919555783763,-1467.1500162250602,7951.906850900601,4043.6629898610577,-3372.1293999461927,3849.192202100072,-2841.639156001269,-3573.3402871998455,-181.24305012039414,-1278.9743121780243,-1066.9072251508192
-11445.017974952094,10282.337912581994,-5661.686817641498,2362.9253099024154,5250.407610334516,-5335.458434861353,4559.102603719188,725.3988350390089,-4275.316996666478,2470.835361644351,-2848.334042641694,-2806.7583486000954,37.37788602170391,-899.014590163388,-882.6563855344034
-4245.248284556635,3246.2970117764257,-7600.363660879351,-791.207649040136,1923.4637678810843,-6228.59401703587,2461.763882718249,-936.5250086477296,-4093.491026718931,1915.7593781536,-2150.079122553323,-1639.8440299895142,582.2167670834481,-388.883055174491,-662.4869343716828
-476.5721302442993,-99.12523860135636,-5745.556461315804,-1674.7436249068696,122.91288789333873,-6385.848395577674,837.3661138271755,-2460.173805145445,-4443.836057369162,1381.1295023706489,-2051.031924828942,-967.8763852084822,968.3366799033085,-120.28841290355291,-514.6078488011394
1575.249676710407,2082.1785105808885,-2506.6456171518084,-401.32616702801306,-178.236938458957,-6161.3625164715695,-755.8602344823781,-4285.7460972076315,-5535.17782764772,532.3869465322033,-2755.6366654516187,-815.6536154139485,1167.052650275496,-132.39935843656258,-394.5062809466299
5157.754452541828,5739.917569737101,-1775.3144137710685,2099.450723976952,1298.558269298017,-5098.521108283632,-1206.7013980542956,-5203.994200691501,-6179.893669735911,-86.9086966559412,-3326.9894478912215,-500.2296700468979,1444.6786811959282,-91.6678853283073,-237.47847757906874
8811.144888248198,5134.20279740972,-4170.802377369407,2773.223934848228,2247.428626184053,-4073.7602277999395,-612.7829863751821,-4874.431656399431,-5734.344787072698,-164.86706831067855,-3104.7703090897185,142.14317289911014,1773.9215422567863,168.1585002433222,-113.93170635102098
9601.62318616773,2068.7887563094914,-5703.24767245243,1243.2805382743013,1357.471736536706,-3691.1697259002754,-26.75968490189544,-3953.465473979448,-4545.383324316016,27.84629631621076,-2319.298068970685,564.0969344623059,1831.1205910875335,407.72895102760293,-106.7702649273578
8027.806068178347,-115.77904528271627,-5041.120662819674,-723.6169975360757,-345.42591179026556,-3803.0906387093623,154.54846552984097,-3075.9945810630534,-3256.9778834185427,238.48828046496612,-1565.4733362294262,436.117201148674,1490.7460336116346,354.94175160453784,-165.293520017513
6907.735770821383,-961.8275210764327,-4068.070329261862,-1956.2499822463533,-1635.047586025469,-4198.956758258429,352.1727662713957,-2482.1878220724184,-2184.408503549278,563.4097815273656,-1188.5857500177933,130.93147583826487,1019.4927325559938,57.77292408066256,-165.0729218548546
7601.679691721054,-920.8988541206442,-4514.239781493516,-2278.996193110412,-2258.922605374354,-4941.522500391591,1190.7817712314009,-2082.769774951605,-1108.9894147420673,1266.483723599999,-1134.7856803039372,150.16990882839445,668.023902208603,-267.26570637743123,-58.851852474970116
8333.921003622661,1392.8356282537115,-6103.638859694781,-979.1937077820816,-1863.5861386227532,-5450.9762517068075,2899.334758646716,-1658.761938450639,249.6523891884466,2375.9162428204986,-1228.6959800590948,495.80341577829427,375.2228423330164,-529.5177389102611,76.49582508355607
5994.04736606204,7328.137457164696,-6154.0534340340755,2509.400351047797,221.4905922085893,-4388.5670877087905,5220.4134050001885,-1049.4184205383121,1701.7016657030622,3430.0115254363836,-1438.8865566416948,856.3819392330101,86.84852084108866,-717.8189972425437,151.97951713940495
207.13497405164696,12916.421355950033,-2600.6943860880206,6834.537294352169,3739.1238227954223,-1478.8551946400062,7587.254699490274,-343.8806969340047,2860.2936209849913,3928.5932636600774,-1748.6821156179662,1125.701916576536,-57.35220256995535,-765.6009755807319,196.8948839266012
-5445.919344052568,13335.97400878678,2689.263102888067,9886.166725007304,7237.264355747787,1950.4088516042518,9414.89619079651,321.7275434279617,3724.05625119737,3954.9250162539406,-2030.6097925743882,1431.1366631336593,-62.51263715410812,-660.2187555274243,300.4580396420022
-7218.623198486859,10761.602979636958,6232.850177337988,11387.546898063412,9587.985438047011,4475.701711131222,10623.033894908125,733.3781592498535,4455.450320415041,3843.782578359217,-2182.0788137985683,1845.0381986192558,-104.03293005203682,-496.2575726491518,463.5973664584677
-3948.2038553383627,11646.227056542955,5911.244285783045,12715.862292608888,10167.601838948625,4943.346065056463,11134.194724336363,282.5021481839989,4853.177592594907,3605.4618295538116,-2168.975120268322,2400.1396410048437,-148.4597051041452,-282.2686381263876,634.7226065133918
3480.8191706199927,14398.496497635204,296.9879414493516,12716.728938900118,7692.039104138694,2628.8180376051164,10173.940101088481,-1562.042351910583,4562.051725095202,3055.9208116670893,-2032.576145481432,3173.3509054728647,-5.038378146525702,94.3040344846238,816.0852838131028
12057.48578866091,10004.045741145777,-8311.352335877897,7757.413258186086,1254.53645784423,-2429.9277778946016,6996.778760385228,-4866.862530856176,3451.2928870863702,1933.3908160881047,-2031.0095918806205,3916.7291436149394,180.83146430598265,561.3323859321617,1001.5264536017235
17469.14679022899,-2284.510041501708,-14332.158006532198,-2215.519795785976,-7382.012819393912,-8834.273149978393,1919.244029488027,-8991.693547052439,1299.6734376767715,-372.0889953693199,-2886.646295083519,3944.093800358891,-224.81675298997317,814.8054597875318,1099.4734904356062
16832.867808816976,-12196.018645697115,-15916.898312248648,-11304.1882376771,-14531.559326798682,-14621.472595961226,-3805.60555927052,-13473.935251030494,-1919.2258297311505,-4173.274656856971,-5106.2050963095535,3043.4195920296415,-1599.0635997782608,741.2251191868747,1009.6025128502498
9278.527166243215,-15834.943181376897,-21147.379844179453,-14092.275341787874,-18924.398876854,-18560.97021744411,-6766.3794376185215,-17412.0740564408,-4149.433255431533,-7940.914527322308,-7512.858587425004,1725.4277394832438,-3371.9346933951197,422.2609483086484,709.3773842878516
-3183.1688895113953,-7068.704176982268,-26186.35630033163,-5814.335412843744,-17111.249220619808,-16789.156082155583,-4190.8561834539205,-18080.782618291938,-3581.8886311880137,-9646.66070723937,-8443.80031557942,332.1617854925673,-4601.948841280777,-139.87878158125193,298.7090522121365
-13593.928738093658,10225.4762288492,-16955.497239471253,7413.883726076826,-8450.933377992576,-9025.893052991732,1132.303238740478,-14659.792778043668,-1104.9495604010003,-8805.198379167266,-7484.850201415236,-675.7651320529476,-4755.820851202868,-721.6274959041377,8.097082148545041
-15883.977926591639,15620.553890373672,-1798.3072996452258,13317.06250551984,969.2821031428701,-346.2853793187964,5409.06010156005,-8706.53804638184,2023.164935032105,-5874.038066340574,-4895.116437057614,-514.1027220672016,-3893.8466277713123,-846.6229337459584,-13.329163314646621
-12541.973009758562,8460.635971216965,2875.5579948839027,9349.950296307845,4274.468270038378,3615.34367298634,6422.567449185071,-3004.303609419714,4387.30909680729,-2210.778034888718,-1615.0528661860571,715.6084168418625,-2611.8065765242427,-439.2130131500401,109.08633905371755
-9062.625879518933,5839.10124663645,-102.60341524653839,4715.909494210681,1825.6758291203678,2308.3647429638354,4672.272402655986,-174.0196373620094,4971.736209826888,479.2327789510306,984.9879802111878,1984.8810805686053,-1499.3656835100671,83.77530037240228,190.24879344743323
-6284.280678136863,7628.519109879679,-981.5372159714608,4429.580291237938,-592.6398469952885,339.0037161610917,2895.9938153797334,-9.43664722617698,4381.646300669241,1658.6285684265504,2311.955837337491,2647.9973729384683,-668.9497768119375,412.0396094726291,214.91695496300065
-3125.2876717912504,6058.21546203763,-1057.0426202273607,5019.447001807548,-984.7404874807756,353.98940976527854,2676.399929287531,-514.785433381878,3847.91352619484,1861.129094748676,2670.961084162802,2799.2977581009955,-46.20482961436147,566.9502876082313,229.2326364098144
-334.3083036344537,2513.6491123680134,-3236.196087783009,4403.368372347886,-941.1221264157157,1413.524649951931,3480.3763006208396,-536.4217149885027,3907.7713061775003,1608.0976112665207,2500.444328539368,2596.318243038682,230.85921527158808,622.3512105542809,211.42335106696913
868.3344753929201,255.0391767195511,-6039.621653726926,3467.9918128380664,-1410.1245208407558,2133.722060093168,4184.215475438219,-315.2247390959676,4301.376088372132,968.5213379839527,1983.7992881112489,1927.5339802684161,-40.1563195368127,534.565493927202,130.43920760550463
405.2116912429491,-418.40358320385076,-7405.941845051905,3029.7681247635524,-1942.3970656006736,2413.1223303829643,4357.810666358397,-446.52891190641685,4558.587040671057,-148.98229852271982,1229.8184363392754,795.1933315538438,-731.3364193025752,288.2380033062899,20.392385649938717
-1231.0567000077235,614.9951216425794,-6365.259816818287,3988.3576505007472,-1764.923971318884,2933.9670352914945,4189.766385041266,-1094.4133332569795,4438.85301786055,-1610.7852697356589,532.3159930010543,-347.09205946235716,-1353.0536141099824,53.928054839082904,-66.7943471747995
-3447.0133439805977,4549.843427547927,-3046.604874881582,7030.915955786266,-724.6221046547078,3948.3548691878436,3795.8702461951602,-2070.846651361946,4005.599005570274,-3075.0668001093086,273.5565533786473,-942.755338097695,-1471.6534749111684,60.14258073576593,-135.79097701071143
-5119.925757745448,10464.651816561838,695.0005155703457,10807.343852537924,369.6205323491747,4749.572764844352,2942.1101092793224,-3235.7857689466673,3463.2204724798385,-4259.43371636061,606.6330734506028,-905.7085969479307,-1072.293786768873,327.5548006502076,-226.1019169592829
-4657.409346290015,14456.158196465196,2134.62065241691,12438.668338205103,3.785037107497459,4223.328960850951,1267.9171103035983,-4530.015585718313,2988.2495741568864,-5009.548638402169,1373.1922011066063,-594.3846036511395,-464.25761771224484,655.8087488009666,-343.6413843464501
-1068.630798166609,12237.164187275255,-648.4773730150945,9780.381851838349,-2953.964378003925,1983.4934192469866,-1088.0682726513803,-5602.3703267532865,2763.1286920471894,-5238.8100188876015,2278.0317948201696,-340.6749714629931,62.94753981829854,869.7667535438725,-450.56186175460385
3960.3747044290194,3119.2210307219307,-7268.228030789164,3782.200796058919,-7627.147066420734,-807.7647329892761,-3178.3691082017094,-5879.661847181496,2884.822324993989,-5004.959410490079,3026.6157623263052,-315.8857609652471,327.3139489245616,898.502416059741,-539.3272100093589
5253.906173472149,-6310.583004547092,-14035.906679986674,-1485.9208587136707,-11265.451257045614,-2471.292227386569,-4107.131509277994,-5176.975550687978,3206.860426150011,-4698.583097545428,3448.3226241094662,-842.7548700776626,138.69483003909318,609.3561456254246,-694.9464737117478
-466.8733736293448,-8882.678131372424,-16358.791701890252,-2898.7200192956216,-11451.871631975577,-1894.5314068535206,-3490.119481886672,-3816.5440434296916,3672.2778282945105,-4945.507705933531,3550.7075640187363,-2138.207992494697,-440.6056473923635,-19.244386042152087,-951.7086428485477
-8405.38747588607,-2245.7108327212804,-10973.682561831543,2142.957645813011,-7536.85131489653,1992.9563138484616,-1448.5542041123635,-2067.896543326206,4227.55591793666,-5393.602324244959,3515.9364996288605,-3368.5398610116436,-801.0569600095937,-545.8241357444622,-1140.3703450683474
-11014.07352759334,10782.148387823729,1.6713978708639772,10889.760558898577,-1727.8820218943,7062.326873265901,1162.6386103110656,286.3293291844209,4944.261139949689,-4593.934017714422,3820.964928261544,-3404.7631333230916,-412.3008777843671,-545.7137676965629,-1106.3208922113497
-6917.706254765547,16774.55949454061,6275.884074477342,14901.90435974464,2131.027889922068,9713.560474137585,3257.4591063444113,2772.2422759516367,5879.502448616086,-2637.10172971911,4607.528989955135,-2485.462202336294,514.4823542262016,-157.06419488703693,-902.6905448589641
-357.09448277366835,12912.028353079022,2326.8450068919847,13170.744001379155,849.3895714685053,9059.208500676723,3113.020169294053,3744.481231733207,6142.350778813405,-1166.854518693986,5280.743065376648,-1621.8740189072632,1411.8475269414903,262.7069591692821,-655.1971813992267
3512.097819278225,1966.0701232097229,-6934.653964529905,6262.875787643117,-4473.7907979989095,4895.214025518488,48.47230673638734,2173.3010009736536,4533.339387739263,-1295.4831612214323,4935.644905253314,-1531.005257721551,1742.1006588466937,423.2912973957866,-484.1070514086032
3202.2163989312166,-5289.429733159489,-9420.90239066751,-1568.5530551757608,-7210.045181708411,-733.5341200728276,-3192.067003155744,-792.4289324893862,1371.4192729344838,-2602.686507253674,3233.7917577581043,-2187.4628812927217,1332.367473046605,242.13969871257467,-447.6083048781018
2183.5546475812635,-1982.6039243301248,-4921.421273058318,-2744.965975630911,-5171.322156879243,-3173.3468548502315,-3565.636340062045,-2585.1440890145186,-1118.430304968867,-3660.5434376153244,1210.7391653119525,-2886.463895067384,696.3713592490053,-40.93793277850261,-457.4612164397612
3305.1811780366606,715.272788962432,-2770.879246228275,-316.34721981193803,-3142.173010256561,-2370.4452499295235,-2305.217989572717,-2693.952065031139,-1914.7987378473347,-3763.942004668601,21.819453142805997,-3040.2420136473106,429.9549229354684,-154.67254084192695,-405.75316739451284
5126.177197566501,-150.75642632122288,-3115.040124510418,939.9309605125749,-2637.4427485332926,-869.8721342157158,-1249.5548434510424,-2092.096699434426,-1609.5484735785985,-3053.5776443212444,-138.06306000520607,-2522.744255840662,598.9602664364212,-54.69108530259189,-304.04443822961855
5173.015184578681,-1039.2039189755517,-3177.4722339461046,941.3512199460049,-2391.722644278871,156.22983589067138,-698.7708449235461,-1477.361123668963,-913.9133133006651,-1931.5832575549678,379.4685365204051,-1545.1741808996126,942.1424479022552,139.74032675238757,-221.08984415959537
3348.2682133461426,-1098.749537473957,-2668.1901097783057,795.122279537045,-1872.1235835705222,625.5003674867091,-415.89198630015704,-1115.9288810134547,-263.645140307186,-871.1308290073832,1088.8972054473393,-545.0217914111615,1217.3506277506165,277.6000051676149,-179.522431100825
1336.5997290855896,-898.319771714881,-2169.790030925669,717.1957481904087,-1543.642588861501,623.8260347291515,-370.4970799327598,-1022.936006760076,158.19499584953815,-234.13507016042018,1513.0010453827153,-10.897932829976583,1266.1331396608898,240.1153166985757,-147.99459544837217
406.75684426911636,-730.9231324796674,-1931.509016217429,464.183281619835,-1836.6325964788844,141.60613036885266,-750.4572780921817,-1159.2459046085091,279.1367514230762,-167.4289563878683,1334.1693512527565,-233.90131896959733,1005.9031656229876,-20.194691353301096,-84.2367863143026
379.0687387154934,-840.4696885215111,-2056.43120303039,-17.551396371414988,-2692.4335887007583,-655.0328352433685,-1515.794101754018,-1456.3609089729491,80.16149920162417,-610.9436217890728,553.3535158520654,-1072.5710910325777,525.8456772242681,-419.5501678588849,33.51185915978964
361.41662658798566,-1084.1125245327412,-2498.1214699416682,-598.2179474443216,-3667.1172397513005,-1371.6278935203745,-2201.2724119096442,-1757.093104304592,-292.8685321753958,-1315.5313581912897,-409.5309452712389,-1883.6439915310502,165.13254826418427,-716.0641409915859,193.88666336334768
405.64375833059864,-1381.2903657078239,-3128.929745633398,-1273.3567754635887,-4117.549046668801,-1600.4413927715825,-2256.045149031982,-1943.6782076234363,-517.5539492598043,-1917.9096673235856,-865.1463359892547,-1897.0952780140224,311.9020923676708,-658.7227195775606,357.6053892900523
1847.9183967207473,-2426.229292930394,-3600.5112652281564,-1727.2372879313164,-3599.4849347677136,-1237.930958306225,-1623.5561276227863,-2140.7863230199546,-312.0234014383386,-2150.012494988553,-421.49713446060923,-1017.7900937844627,917.2964810611755,-306.8187532982313,481.01243699294645
4694.4012799233315,-3095.47033220811,-2995.3030555956516,-1263.5265117111521,-2470.3529716995567,-986.9084428785404,-877.5736680862178,-2522.723055396071,296.4274274404264,-2136.442795766306,402.5401500952071,-255.8158643438511,1245.491954086348,-153.8986592862533,523.0262180493878
5230.535953885084,-1479.4892298406303,-1416.5725233619855,-976.6810813407321,-1848.3614464247196,-1575.9578574155662,-538.1076579438384,-2921.7929217899723,870.5589245271874,-2519.000135643492,493.7822693882753,-831.5089533101084,521.6957781682952,-654.339951180875,433.6172267122536
-332.3990528344351,-330.7787110141164,-948.5029370362331,-1857.9794004164646,-2191.460605284706,-2264.4761071706853,-513.1274428118807,-3392.7054985633677,975.6824547215562,-3701.215784184538,-233.79754509953204,-2447.8803169826256,-822.493682638444,-1498.692355236626,230.30228814806378
-8756.042195340406,-1940.7196216293332,-2654.633845386248,-3066.502975503667,-2754.6499502645484,-2893.054305015618,-198.58612180094235,-3898.5849998957806,1457.2759551782665,-4354.545213523963,50.150283579851816,-3169.7527017713055,-1185.3192879400112,-1800.6952252496453,101.8408662570784
-11732.586645560476,-6069.854494779069,-4590.825841624273,-3884.1751779061483,-1344.6153332072558,-2165.194125961921,2325.402379064571,-2465.913782308482,4067.4701517628732,-2848.495102909603,2417.3297559328803,-2168.1074141399486,14.507890255936445,-1337.2853867558256,229.94000175386543
-6985.947664942846,-1672.893418719106,1438.0736757465233,1160.5581382396279,5060.240425890556,1776.234431205668,7095.77811952838,439.8145504357851,7139.451938988095,-820.6600718691868,4593.7049821939745,-975.2178094773062,1402.6083109297074,-791.6611506551247,520.8546189067996
-232.33256183910163,9626.340816108317,11186.87060029331,6420.718540046816,10167.511666957857,3879.46957017846,8719.00646790339,1554.2851481785226,7119.360405835394,-101.98688824277372,4634.597554022246,-544.654266505608,1923.3887455893941,-562.5534595699719,753.6480603417783
3368.2169246823532,7147.504856497426,8755.759665081563,4036.010406521179,7214.402022665355,2551.2335827006023,5528.807090065398,1331.2385204190693,4530.984275100411,12.08082677386301,3396.1331599744426,-502.6980528810564,1797.829501169333,-563.6556795035228,834.624903276138
2754.917476764475,-3028.573947336102,-1963.4515696442493,-1508.388361784652,-667.2374531007299,201.79742736625298,-238.10459209052232,835.0690199882586,609.2020437635797,-28.911056088328564,1414.5097251747143,-705.8901239649049,1213.7709340203724,-749.6214501163552,770.9552899034248
-649.5125912572593,-1849.7337405034796,-3783.2628003103555,-1379.6763634054732,-3977.2581293404246,176.26663359042314,-4083.735251783732,1218.5299101962703,-3013.636634852535,296.9282014122854,-945.9896632420289,-867.4335324769386,269.3545088493019,-1006.8047793274311,609.7471862171136
-4230.923223600404,1628.7830310068703,53.91623715954097,1324.032845730713,-1103.4827621138134,1688.9298301596527,-3151.4018997258577,2341.901771991616,-4122.345906436411,1161.1478699498475,-2579.4359130372295,-682.3136162283937,-635.2777801961406,-1161.9860836309304,428.82271817228764
-5879.518541116503,-139.85558914702705,-854.7700014693115,791.3527950118054,285.21653084062666,1572.8416211872204,-817.6532988963207,2654.428099852228,-3132.1302312564612,1921.890562183902,-2990.8908564597564,-221.54437876965062,-1145.3347944358381,-1135.9544971831317,295.62754458710936
-5444.756600473202,-377.10190957677173,-2186.598977773086,-113.88291490223324,-855.8161200589832,483.9768213230607,20.733143742410874,1917.2107101765032,-1783.0709531864584,2133.2972480277913,-2570.809090748435,308.6900398049763,-1220.0352330371888,-938.8686457574913,224.7732713127284
-4202.833636887025,547.9599883567925,-1402.989774459615,283.2109149780989,-1600.8971002217295,78.82177498850325,-247.62862820879727,1011.3042649673685,-966.0076265816904,1882.717182583906,-1915.9316163582896,742.95964450946,-1053.6197842343195,-648.7851348470585,181.9581127706149
-3231.2545060427224,576.5031954685978,-497.21746808180853,765.4455743935125,-1346.9346034101595,355.8419951857875,-555.8247341545489,505.5061661906549,-639.7000438738952,1472.5093109709323,-1368.488021558362,1016.6297128220903,-848.9454223759444,-356.89831535748357,130.0641602567108
-2726.8045413879536,220.7273868917124,-261.6078665912686,762.7473196079468,-842.8769256895862,698.2540436241079,-571.3112405990778,365.1742770388364,-523.0524423681466,1100.766017624156,-998.0102224994044,1139.3622132152202,-690.8463127144673,-113.69296981329191,59.606910177974896
-2415.8658043667933,51.98019667684882,-314.915240496128,518.8661148636521,-506.9360175560083,827.6889560293888,-393.6993908513846,374.780328949368,-428.08571812872185,821.8905353495235,-756.9203783391166,1140.6709639043581,-577.5774618596225,71.08786753792012,-19.198471578825234
-2037.1593941686845,53.123298513767566,-352.50582268194216,279.8784138811226,-352.19224144657437,755.3965934441791,-166.2627431652113,389.17546950229973,-275.6089749330859,621.8682425940392,-578.7622204596246,1046.1457690843858,-488.1718486272191,205.5382352783095,-94.20827024665125
-1484.023744160425,89.17056394321736,-322.1235269627148,105.67685327368302,-294.5368281937,557.4179096982846,29.576460563438218,357.1480904933195,-46.50922313931636,467.38849465579415,-407.1039372024103,873.6196110123774,-412.73685039657715,299.62749664364884,-158.95056411913822
-772.4623904194705,111.45701428748276,-254.23055116128927,-38.70832807494506,-292.1051632678912,285.6502221114591,163.81569053713542,280.0218217075525,255.12864119966787,324.93094877614755,-195.47792307124843,638.019049524838,-349.2793221860225,359.78723333888377,-211.99890886005073
29.810861608366046,132.2899281313659,-188.47828295498428,-212.66532678651845,-347.546368051999,-19.546523354269766,242.9121511392466,176.809845230298,615.0591738710193,166.25815062144338,103.29715615755265,364.82639301220456,-277.6774879725437,395.6413543705699,-252.9868238387361
1019.6086684729676,113.39974214036465,-203.81537062237766,-459.02992519555596,-444.87433561755665,-277.68553661184353,298.7440006125424,49.90597855133797,989.7729281475144,-43.18313257383227,543.8919752753218,111.53145691628998,-119.11033195783364,443.08560470608256,-274.6472956418877
2954.681747502483,-146.47632908894317,-370.1637011599655,-673.7586913105001,-492.26272094473285,-396.75797797152484,288.1086696535731,-225.50209436077785,1238.8554700417374,-384.95887509974267,1142.9254983423557,-30.58741682330333,266.7043163609516,579.1777052455546,-251.27914881969988
7173.680280752712,-558.1510794764146,-486.9281903113161,-607.528388598156,-588.5281606368924,-677.2660084671286,-181.46650770093848,-1090.2043674243491,1004.8380491872723,-1041.8035345516364,1693.8120836713051,-45.98871703702969,922.0628945497988,850.3285730457803,-148.8436218487451
12538.3550627182,-453.7610244205168,-695.3458019089862,-972.4986055958044,-1761.1655913839834,-2322.744198332805,-1968.6711966237203,-3167.900127432802,-319.56227028036824,-2268.277863590607,1532.9115111628594,-199.31608483266837,1442.7971954925795,1099.72635559776,-12.987755642816296
11517.128910998568,-1737.1212146230591,-3278.554574107218,-4202.400050566208,-5455.608485008962,-6239.923062869277,-5474.720609052446,-6271.706142204383,-3072.4667736504193,-4016.7493656439196,-152.96790316841316,-907.5282873638284,945.5435628369288,957.5767114656448,-66.08626615688206
-1532.9900644916172,-7626.509328236512,-9107.762703898625,-9697.247964300244,-10146.255735768837,-10057.282669813,-9014.89257712031,-8452.831755958407,-6204.011774457257,-5378.414309101095,-2974.441109297576,-1988.741118167857,-805.0623296703455,330.01104360230374,-475.8022122381118
-12943.831493918888,-11327.72970386105,-11512.430171513768,-10713.893983533699,-10649.773846199725,-9278.947820259496,-8965.480714020116,-7170.424193491928,-6701.671516198604,-4646.990153304431,-4238.5684556361975,-2101.9691688633584,-2101.3704870424735,-79.4164031026346,-895.9260745210513
-3842.561322997415,-2760.2670510965563,-2932.6095509233355,-2325.135020631356,-2702.9344411900793,-1830.2846291949502,-2388.5598164476046,-1279.639046133037,-1998.248162365432,-684.650188006791,-1556.8733063726463,-77.15585401341946,-1124.587087104371,468.09274963799487,-826.7533195806965
13032.887724895321,10400.857717998637,9661.437031568901,9144.325558031434,8148.233247016732,7662.498650261775,6380.784981035705,6016.501777713541,4440.0543955045405,4296.528850896454,2460.662930233872,2653.0353811952073,672.3655648163701,1345.4066501995248,-554.5249740270377
11321.993703233076,11590.42282487321,11814.819803420001,12318.1398294611,11416.490416481427,11606.391551923769,9498.183420568063,9560.89790173858,6490.069497615679,6632.93537768674,3171.110049334558,3587.4030183337873,508.59191556554435,1369.6911928591412,-706.6978908026271
-3864.83993163384,4836.447203666111,6107.533713649112,7743.710037451206,7777.665132325373,9339.339264921186,7043.765619141543,8682.350959571597,4130.091731005217,6002.323190178767,692.2358987117262,2719.166096400145,-1282.0618192114198,661.151040182197,-1124.7286615379508
-11356.36952161944,1049.3874626052332,1392.7286692814375,2659.0587349420534,2924.1403625719677,4760.831310618246,3001.570729785204,5564.339378059942,827.443580000489,4160.804299795051,-1784.9562194162932,1635.5698812875512,-2453.1425768090585,141.42063569112418,-1261.7585455686135
-8046.918167257683,924.40487932901,328.43865942742354,1087.9791472055203,515.2712110117034,1853.3953321860204,224.23497052100169,2732.3749411766557,-1299.7685058575694,2510.11308807881,-2658.323585753771,1133.3389684854415,-2269.9304510648853,119.45727926254926,-1054.1954593187295
-2730.319631270529,663.7492174426445,231.71899640514712,1117.2727500150797,62.34838972353867,1043.553882669193,-801.213070032652,1251.6260841220048,-2016.8320176390985,1499.3077205646432,-2333.0825234761132,992.6432425471064,-1498.1666125812585,280.5918332181184,-759.1160819478011
240.47235351456433,208.60410635231943,-4.0571406417679725,986.6800043108133,23.86186188311879,906.9914961859189,-944.9006348000152,713.5220369480644,-1924.6761641424416,947.7660686131344,-1654.9758531914943,813.1357510596404,-845.9742226108822,334.3953212190123,-516.4807290412895
1549.925909327836,74.51886890020982,-126.92282697895203,689.9878986242437,-81.41375671438445,686.6934014442276,-883.5649454873014,504.21081717054784,-1540.888137631556,609.9798260702203,-1055.4989466427396,484.94181766580573,-458.8060137941799,246.6960091445743,-320.7021833873417
2395.591327790448,78.27904459018826,-101.44185502043014,454.52380276996524,-177.75463210709944,359.4545120456161,-799.9019183914758,350.3801763819549,-1109.8475419334018,352.8811472187688,-603.8938059930605,84.63791245895803,-214.02723547679133,99.5626420748016,-141.27664062633772
3147.3844397685416,86.72930461449673,-36.210792166507346,283.44705010958177,-207.7552274307477,34.25744963440687,-673.4938647255858,211.21711169141633,-716.605096961405,122.23153730404067,-256.1321153223182,-308.26019469358334,2.891425556230928,-44.957598452127314,32.62497732060777
3777.4110156087486,104.76838245761178,9.145708750133423,113.4245946896587,-177.33732265124044,-233.60461662394977,-478.9247204013393,104.64377989221646,-387.27632730548453,-111.00897054949183,36.70567211959218,-653.5060113922698,234.82435762275776,-163.65393480692939,198.61891548183684
4230.437742708426,122.36003476771057,-4.084473053741817,-110.00215840153476,-72.48566903037766,-402.8275039352388,-226.44499296870555,44.465447453190365,-132.52499099315568,-377.5747002660061,318.0160612911641,-931.3775574628108,485.74747199562563,-246.5371154879078,351.85658092602694
4543.190756335195,38.05168087409672,-86.03383609038215,-387.02626498478674,178.7272478806298,-405.47957006535165,30.0571762942067,10.61703192941144,49.86355227018879,-711.847516534121,637.3101779309973,-1124.437606419493,756.7356536717175,-281.5712762370482,490.84287031906774
4898.433062597442,-282.9718826102105,-74.61842718152691,-564.3760568912218,648.6936757461368,-176.43457614587894,171.44275984097658,-93.03668005784672,201.10151931481673,-1140.364250359527,1057.1513577416567,-1208.406616855402,1061.4880473950625,-254.56831728646782,620.175363527286
5601.539081442952,-609.7521048510669,474.6197250515872,-319.42431547301277,1167.0618422383568,180.4045467860282,37.48445418079558,-463.29427767741834,449.17691762181784,-1649.8428211227176,1642.8154912920231,-1151.1877091136043,1415.2979573592845,-159.65280603077935,748.1322629637372
6775.334154975056,-98.94566333991492,1610.4088809892592,320.88552760716914,1046.602066719765,164.95044428404216,-337.9213225019048,-1281.375689879888,1048.3694329564369,-2117.914478629483,2404.836097950664,-924.1016127741964,1784.2865253303587,-20.27538289875207,873.5387170105969
7803.349739234712,762.2394428258722,1596.2025205935888,187.81417869812415,-162.06265070010886,-763.0412094958056,-235.5651450338919,-2317.706877326954,2250.740071567929,-2264.2749567474607,3159.426063549114,-542.5713310093547,2019.5622981499143,93.15247748453743,968.70282738481
7336.1876459686555,-700.4355942614263,-331.7953286220062,-1112.7204447622523,-502.40039550940605,-1768.038038573319,1461.4968901053871,-2695.8329398577453,3742.5393709930604,-1826.2707734089065,3412.2434149451956,-120.16071318028528,1892.2576460182038,89.23623872471649,988.4085102441406
4597.458591499924,-641.2770056843988,1158.0049936100968,-163.82689391890563,2307.7372307271075,-984.9387613734964,3784.83987948832,-1845.4180700387756,4092.0085901136213,-953.888318027961,2574.1227786657914,145.29633682051627,1293.0666085243033,-78.96951122321059,915.1518640663362
757.755576164951,4131.857578135157,4279.7976548761235,2507.3347694720833,3105.769556379424,342.0944311817374,2691.387393541816,-824.8705775029086,1809.2230973285045,-305.34956850275074,606.936293513641,74.94901710226418,419.7026510231434,-380.36912925718036,790.2042867310286
-1578.033317676924,-913.2002519359474,-3216.062786606775,-558.0909951322492,-3434.897996644663,-951.1143472066015,-2607.0720985002436,-909.276016174788,-2128.2409113428334,-248.35228173160456,-1559.9075302364577,-232.80789430023253,-297.4121040967923,-682.647958602664,691.3994800617373
-216.23481603423818,-9993.595790298736,-11870.704908450874,-5623.281434394845,-9767.220138968103,-3087.1430418568984,-7367.870296818305,-1337.1242478671468,-5380.266224464643,-284.5161795780448,-3084.6085344076405,-396.68831597803864,-596.9275858957648,-815.1953476928979,683.9088811858148
5273.199245645994,-4554.080167521578,-7372.2423768586195,-4314.595762118197,-8625.802778203599,-3032.90312009696,-8356.354184974092,-1166.3686580003857,-6890.493007665461,-70.72157707096599,-3789.974570259787,-280.0373068057279,-423.0066564285928,-724.0190210692721,797.33529862369
11931.98382187333,5982.818983806143,2743.5448116445386,2365.330908773472,-1495.5118265639928,567.0693250968274,-4490.033664545501,904.7431531718316,-5155.562602940398,1189.0841311511144,-2653.697264503872,443.86810260080847,557.6670243998773,-319.7028157132898,1003.9924617593725
13321.43634857548,4442.093966385658,3896.415257082514,4169.455296114446,2538.97231787915,3153.018197313025,-329.55275864619574,3407.818068487902,-1761.499793133507,3219.3062226894253,44.2323554957207,1723.0774351194302,2060.8006828980615,324.75033460323857,1137.323471564454
6812.282530038145,1065.28585844934,1399.9432048938522,2771.9805216609116,2534.795955171947,2793.3566179026266,855.9418611783678,3545.3233432622214,-262.81465852724745,3541.888980701083,1498.3785785487275,1929.8796118964926,2547.9789661081463,537.931174332693,998.274259299257
-1174.6612889484863,817.9055111227544,768.0102442082222,1695.2921000018162,1970.417174044988,2183.15027604646,921.8636116899638,2866.381180392911,-167.4163083965018,2262.3104765389294,1008.4124368043734,499.13896363091703,1457.485007831202,-30.763043848626353,641.417298328613
-3636.077435608718,2643.4439168550334,2077.5348988120904,1226.5658179072186,2098.9248111653333,1366.682165609627,1087.98447180602,2421.1638091838768,197.77313142908432,1366.3281583903965,544.5736541971594,-792.4525740539788,178.6400907498538,-689.1253336451595,298.18458631377433
-1339.6358576900795,3214.0147398349022,3370.211680099239,1831.3869587942813,3144.7857144222644,1116.982763496438,1682.973027360398,1933.4027443841376,886.1793130645656,1223.3696213547166,1094.9845539129471,-608.7857611642935,-83.02626412703569,-714.4639048292455,77.7988025858325
1054.941582859965,2068.8489848636855,3321.3764414643556,1841.0889701917126,4106.62899398088,1501.3719002270284,2495.624104980359,1577.8735822826332,1350.3875725770981,1130.840485453319,1837.536317830023,427.7003235421437,392.06971864267325,-231.00673302969764,-48.06018210003293
1647.940380865849,1460.112715154474,2681.956903143992,1202.370915826569,4141.489313876972,1561.6176885713119,2861.4925130298657,1354.575929100046,1343.2114997512474,677.0621375758427,1811.0596616283615,994.2020230722667,703.9415612977906,188.34053616495095,-121.5984931455646
1546.4975315422107,1213.44536977178,2143.3061841081208,567.7098308121606,3360.5204842700014,1016.630171449457,2474.7167381627387,1055.84820878238,1012.4910050449114,-36.992431281576444,979.6382718857597,596.7702443787429,436.18794791583093,238.82698489819953,-178.40159969780964
1611.639014928167,943.0616327929005,1868.265607482313,-14.081377063570145,2382.8009917603304,168.81683991090824,1697.093717753852,685.3558876693313,694.4542177733613,-663.3650748116779,-29.019934970376198,-240.45772355563517,-182.833378334242,47.50782810413672,-258.04084632522904
1249.1235007481673,956.2385616559634,1941.266079652893,-441.8863397487966,1785.7985486108314,-552.0902077333898,1110.7366297667693,407.21574911436755,638.6115652916988,-877.3280908768959,-610.0098912459562,-727.3625598223443,-737.2468408947386,-109.21808543058937,-383.42356907110184
-274.3915346369152,1163.6817777988217,2315.651421401447,-613.1885519669843,1848.1511485878896,-841.7111769420815,983.4219746685944,332.5788216389137,894.3955280364323,-517.9934542888991,-546.8551820701996,-451.2750558058588,-1003.681970285187,-65.21028730117725,-544.407776942309
-2426.4145899920895,1303.6550639123936,2856.2953787011497,-700.4362116504304,2389.9499763410286,-655.589568921759,1181.1024789820854,502.27844176916216,1409.5162573196055,378.793098802767,-7.966483585451613,495.01466570316546,-990.3703573161553,187.74546669312573,-702.2055850811123
-3499.3251370111593,943.4718551776004,3175.0529894644706,-854.3082149661316,2839.2705829176252,15.379905858776368,1564.9117398621602,947.963042708561,2083.422815829869,1563.8839523174809,594.935705580127,1692.3165925798405,-819.1748228658281,557.9842945010876,-810.2610487478833
-2405.8356959621005,-227.19255412915595,2820.0750996287884,-414.524743878202,3069.6153741513285,1262.7446782400293,2310.255458175589,1570.5372339021771,2635.3955992060337,2605.995544083272,766.458044158267,2647.2770317924087,-683.2491882676923,902.5941409708994,-855.2423663510936
-558.9490784098762,176.74980428202147,3239.7597298444102,1634.825734722642,4166.19166335822,2641.3866222213674,3559.4568055206723,1936.4002416990008,2506.4138454200147,3055.019358398836,60.0546438522513,3015.0115237599043,-856.759922122956,1069.9612804250896,-886.2096061475625
-545.0595065862759,4448.487510279643,7159.1137893351815,3228.395921519717,6714.098146154947,2204.785281378829,4371.317233416983,1137.468363399722,926.676996065097,2595.413420729177,-1696.2605712365616,2726.749316765841,-1496.1654183851372,997.4566273493394,-957.6868660031009
-1786.2189785289572,3601.1413005072845,9613.562901843934,-1410.12161436212,6959.409429642912,-2145.5292953453513,2599.3225098682133,-1400.5375008002075,-2135.6111203181586,1398.3038419932896,-3838.951261709701,2120.5510047158937,-2257.655776585683,844.4870217580901,-1017.3856687182704
-266.60992347019504,-7407.348756538838,2746.3878528148525,-9992.845447661753,2246.6062515754893,-7686.8518606630205,-1011.9189488245995,-3947.507275395024,-4763.373985080613,648.1197916093633,-5040.819045841761,1928.171835747141,-2467.019002001009,914.632382149912,-939.5565180821145
5422.042407257412,-15677.448389911777,-5177.731606568979,-14634.55807605915,-1620.7884721150103,-10252.64988146558,-2745.0828966899503,-4228.983861426622,-5400.392060839353,1474.4920165980582,-4906.431955368714,2592.9215964646905,-1926.9486125688545,1300.797595351809,-705.4286813193344
11482.965707529369,-15203.892084821158,-4187.232077028415,-13875.19431307997,-241.43481546033624,-9359.627716423398,-1628.1160609000574,-2305.9893565704633,-4714.516163842664,3486.1351047733365,-4202.865148745526,3733.2187450958054,-1050.7983756203857,1790.3892297961036,-418.59543770145007
12631.094875919998,-4188.463858638044,5629.808223255022,-6727.126232152334,4990.999998268649,-5209.89763876625,874.462280420667,298.6848729425716,-3893.048881045227,5124.662187995771,-3741.702531844422,4414.824755755237,-410.79367920713764,2048.9787661016053,-203.84517362022768
6782.925345689827,7173.32183760148,14790.672930866975,1424.1693436213018,10279.928255296369,-126.03486709577788,3332.0671398622326,2355.872215460146,-3337.0664172092097,5246.580687533882,-3785.5147085382937,3821.8741135667656,-477.73540912491325,1761.7315560161246,-174.76058854887918
-1124.6584112484004,9030.717251912585,16064.54719975699,3010.804972515643,12293.414525673361,2127.8495649100414,4773.529416816122,3955.807138201186,-2861.2949085567,4810.904792427902,-3913.833866866256,2464.1756052936485,-1092.1832480058943,1067.3424877418552,-288.652135121192
-3513.9736962687302,2682.59377364151,11187.738684211514,-699.502833939699,10272.495591027182,1394.6787889651657,4607.511298488093,5097.938615757958,-2539.439465133304,4968.212760112215,-3777.522178698094,1579.8227459963605,-1556.8745215097397,508.5044169470269,-343.7572071605962
319.23826410094114,-7811.2174700982005,3977.987702781775,-6997.311773518015,5824.955583819476,-1047.0633552348534,3024.0244989555745,5398.492538358687,-2383.993655322566,5405.5584597648585,-3298.0250469047573,1425.8754583866166,-1514.4392548639607,299.9488939000198,-270.2884605176015
5118.111723356401,-14074.876488578951,-1025.7384999748292,-11846.572491351415,1742.4373515820726,-3838.198025215638,633.366575705405,4736.04254256411,-2526.6393316626045,5531.358727809739,-2545.176429620513,1623.170589828867,-1085.8584519855244,311.0423416197003,-162.00853037911492
7181.801404023317,-12908.080908771593,-1695.480124059152,-12308.378047430053,60.779528130882284,-5296.347543995902,-1493.1216628419502,3545.167924007185,-2998.1026398670865,5135.987188737885,-1765.0541326521586,1955.695913534561,-456.34739024649116,455.5648397371436,-65.81808780230853
6412.895973413504,-7293.611302185585,1141.196608688465,-9191.218937111782,568.6558837949592,-5033.0059880863755,-2753.2988746662377,2348.8746654280517,-3619.219539607929,4246.040080999174,-1262.1277862262598,2197.1748919811175,154.09550150021187,629.0765376561972,48.69388512189434
4292.713413306884,-1872.1901614237959,4968.8611934913815,-5365.814926991877,1769.5092944507105,-3958.794934556615,-3341.6261593936592,1317.46268117926,-4218.4088052468105,2977.5556619570048,-1287.5576476144606,1948.7394085370734,409.50429877128454,616.2636540478054,197.63562775435983
2258.965035793041,564.7172200569212,7253.6571223496385,-3284.8821983659327,2426.4684563181077,-3125.3174827719786,-3620.154731753507,517.5572770409054,-4601.278875933752,1537.7242947002458,-1861.0156940329093,1017.9100680807288,116.6634235951434,304.895463108706,347.3013476681517
1126.0489391763306,581.5675449347873,7025.618556654473,-3195.338049862363,2194.805610299659,-2790.233614031637,-3665.1982220249106,154.43421761450722,-4608.704493203633,265.48001635039356,-2684.667910152393,-236.02790936152587,-489.1663978509708,-155.76816063588842,461.38272482050013
1415.460020681132,-863.6306589531887,4810.353844855468,-4048.776215590298,1617.9511827834494,-2351.88928095771,-3259.917650935269,293.4914407183634,-4320.754946810837,-567.0906571213181,-3380.8420778274367,-1223.9993199577584,-885.6505476339673,-527.5207518466125,561.9624673511034
3471.172179074802,-4012.2472672590993,2080.100672211245,-5060.081025223013,1450.5579791261378,-1357.471073072694,-2440.6908761736063,521.9603869239716,-4122.644720497869,-960.8558524898594,-3757.5292843379675,-1711.1759850784704,-728.7225003312859,-730.2418464820495,699.5340681760722
6626.881661695286,-7217.514901285895,1050.082358356261,-5159.701833713464,1539.071204917852,-581.9601170139929,-2053.8985402693656,270.05036886591523,-4458.740974895149,-984.3444463393548,-3707.529072724944,-1816.7995976133739,-90.27043947110727,-818.0906169193836,870.6093083797726
9564.915909285108,-6832.935989390988,1198.9229177309458,-4501.854758949019,255.3915508305784,-1589.306742810943,-3163.6099730843043,-94.45544169288868,-5247.192589480372,-348.32192919155295,-2915.2710655324245,-1532.9008627753474,805.2016986560512,-776.0054781174586,1030.786559202676
12519.194562647936,-6024.984224821933,-1296.8783315971675,-6834.719711032695,-2821.16320378999,-3841.6275396580413,-5358.49068100714,1234.7816073911583,-5503.511257923314,1591.4472124000904,-915.4148966702039,-641.449586639929,1937.1095692193526,-511.2366157890665,1191.0286077611972
16373.31758775317,-12415.26691197869,-2122.655502429084,-12480.42852846613,-3080.3333036508297,-2945.625189939326,-6093.30911937826,5745.851461064384,-4067.676399460732,4973.783469738156,2235.0732436055864,646.6474345877516,3353.5577646755514,-143.0494798301429,1390.5572561603922
17764.241249801893,-15257.919933413408,8907.35317700399,-12192.787533510882,3870.66009468726,3945.1280568049774,-3326.0535496041675,12083.696910789575,-1131.9729147853395,8565.767169450542,5441.613209057643,1356.1377260143863,4697.380440651667,-102.15450643202405,1524.5252662114058
11281.380760236496,-1717.0503749193895,23667.45029991798,-1349.162689682187,13979.952130566313,13031.122266469547,1884.5840725400483,17132.493366923118,1844.0263518341853,10622.629127327506,7393.627776681234,769.959511667482,5281.074515357579,-620.2324208438305,1391.3370311311946
-1193.7294254206925,13696.842464242556,25137.475134503282,11115.749037933754,19680.77494496244,18266.73469300607,6440.597732617562,18674.708525006088,3573.9671498700905,10259.227190779215,7529.819055783496,-645.7654518823193,4732.281254233583,-1350.3690296240452,997.1524323594942
-11849.770734071131,15233.069774988968,17715.664624735822,13784.749474320068,17857.021101094186,16724.29039834147,6305.492461184999,16108.937120661532,2718.6650181927557,7376.821734450238,5829.898047409718,-2166.6888521199717,3282.9920175120187,-1877.857997932224,569.9222259326968
-16066.110647220794,8467.924671461013,15412.213461893316,7294.86119224369,11988.430702252457,11603.93170271256,1355.7385820815898,11690.81280516255,-419.66060350746864,3260.673766911096,3350.5417391973842,-3499.632881136772,1714.1381336645945,-2140.0325005337645,287.8905819319053
-13563.14116755747,-3594.9828114321062,12363.487448543463,-2917.8429945765265,3932.4228644268965,5497.917599850203,-4393.536070945628,7468.486638042612,-3289.0349386404223,77.80850113517442,1855.4939964103064,-4144.7687852408735,914.1846476006441,-2094.260133997779,187.04473712348306
-6121.251971619667,-13110.169918108508,4458.751992880345,-11057.759042249176,-4119.357703162027,-486.1440209390106,-8767.668628458589,3737.0645761544324,-4930.431585582507,-1616.8467613709945,1632.67476369247,-3846.1928726154374,984.486868926763,-1707.179217769799,203.7439866299797
2416.9722265622345,-13377.937174358953,-3428.008344438574,-13439.914118474575,-8766.245378644475,-4290.755096054943,-10957.670497423223,1170.1684423420609,-5667.135778229828,-2481.2899461021593,1868.6034566735416,-3172.743391540234,1288.7220770564932,-1231.7668755426107,230.13331636577914
8063.417229437043,-10659.695248394593,-6492.416337607285,-12547.10093529621,-9696.819058979636,-5247.448502508342,-11166.351366202494,73.08107121398012,-5598.3842503425485,-2930.4918088599084,2074.1930020043314,-2652.3596328153553,1390.8486494066713,-896.4814747353437,218.94445477573743
8896.525792647131,-11941.615131102903,-4559.936069524806,-11187.858310014328,-8129.765963575307,-3627.6177096953597,-10287.035831900452,143.28199458484013,-4978.001239143385,-3163.6483500203226,2121.585587668971,-2308.7456125811063,1368.242596000133,-643.5848481982777,188.37077630739356
4933.528152080753,-13713.304420044145,351.16478504146824,-8954.683403900446,-5072.44365401855,-456.3094626586643,-8772.018207806655,750.8168734549918,-4155.098625671708,-3308.7596749033237,2011.8676690734208,-2068.462692030248,1383.0318643277938,-397.2334538657809,115.0822156145914
-1357.7254238109194,-10491.117127206206,5255.505532583939,-5019.624997593282,-1322.7602179263408,2964.3255149662095,-6605.249721065064,1470.1690863722488,-3138.782320472969,-3173.8906559274883,1807.4210394893344,-1902.1488520988007,1331.9612776539727,-236.14680578662853,-39.31838761644014
-5727.376746190488,-4027.262570655955,6854.113320869162,-871.4079555942944,1583.954031390297,5069.006897384205,-4174.902638180461,2175.398906318683,-1771.229912268769,-2453.3933696551703,1640.2879679163798,-1685.3345537098992,1081.8050520138838,-218.41759240054824,-215.80438037513807
-6274.080590659706,154.979927312701,5482.213128064707,1513.5297839585803,2721.179629484187,5207.2526100609875,-2132.9775303960346,2709.6353155784063,-280.932001005948,-1378.713193863973,1590.714738760149,-1369.2236361056653,742.734577236355,-286.386313369668,-328.69210034447843
-5171.547991814556,1081.1411655703832,4210.479523817748,1870.6803902430117,2493.942284673341,4454.55946453158,-904.4962460419553,3109.5777713163884,957.5948993239772,-532.912459991698,1650.2976758083087,-1202.8467726409021,382.4315704772636,-404.7004784355543,-408.2054568425302
-5328.1189702351285,839.7101176540525,4669.530573778316,1150.7346937892305,1557.3836236354923,3945.3384343165308,-519.4241460776398,3591.9701380763836,2009.2820004286566,-143.85275046000683,1928.74052876317,-1413.8221423334692,-112.94081892702775,-551.9893371910115,-553.4336459020699
-7005.563731381072,-425.4455160892728,5907.329367375422,-398.5855858171001,11.151310826645386,3782.2519632692342,-502.2913375441025,4328.281980685161,3218.666158484802,-9.170032153672132,2592.4043936734993,-1726.018204304698,-658.702889098962,-561.5967474184358,-781.7432365558357
-7736.0078261620265,-3241.3124614600565,5695.899840993513,-2358.843238649767,-1520.7198021421632,3942.8854256093787,-229.95152133600547,5269.507215519902,4568.680872806408,102.89007125741122,3518.0735423379538,-1591.2270703993913,-927.4493761270965,-257.88865983512864,-988.7478722226251
-5364.416417166365,-5770.722356738738,3249.9762480216614,-3077.5639357089667,-1637.9585833236886,4673.422218726671,399.5486178723933,5984.914886589509,5534.116603453453,123.32186003190982,4191.175034718868,-960.4886245000857,-821.3335315219797,234.76557555321352,-1063.3912592905397
-1309.1311562005562,-4268.017212062807,1822.9400539768585,-1373.1814025941212,-206.71449979311902,5837.114621862266,591.8705111341437,5763.563024005296,5529.636783643998,-290.6591473620813,4098.989003950379,-393.9239765073969,-622.6466594349556,591.3221179053163,-1022.399954693984
1387.3597601167094,-394.25544719912443,4155.149600192026,898.2609324209355,598.7518763098661,6585.197476243056,-475.21307350084453,4306.939698555855,4630.007363194277,-1184.0884789950242,3420.3421240234584,-174.4557339404471,-558.0626899369475,748.1204373378916,-966.2066047175424
3734.385769406534,-693.6066944146421,7241.051269506364,1230.2752362827243,-441.71731220096916,6633.370257561687,-2140.5353750698628,2552.965368790883,3910.076819640375,-2014.8888097754884,3105.2930238355584,233.78808337404303,-461.677080033621,1017.8629652979137,-896.8876442394679
9356.216976654068,-6185.871075056903,7913.559029506272,-459.3271387232919,-2781.892569407083,6487.996239125023,-3828.6138606201976,1153.7352886687395,4083.363547907547,-2572.2996764451036,3669.3621646732886,1307.654305756655,-129.70579397076062,1596.874559888175,-727.1542799796352
16900.286056972844,-12921.33432740751,3338.8211926546433,-4931.220351917752,-7127.969881240328,4288.565250267444,-6730.78103379173,-1333.4626285474872,3991.3384039542107,-3602.8711441551363,4210.291179505092,2493.914192075271,144.76286988719156,2228.8600823483807,-490.47233140035326
21327.56934630179,-10844.566361964171,-2715.716710699041,-8474.403962153878,-10493.709506484034,-651.9447592535665,-10152.725323684057,-5262.1142797746315,2402.7244692640666,-5437.676443705702,3547.937222300762,2929.4716669571526,-89.06980158279845,2561.4316928609965,-315.22109150614097
20600.430882635883,-5240.067706033029,-2622.8993066849466,-7360.4726783455335,-9847.960191012571,-3459.1052959011427,-11174.93908813519,-7807.360924926104,501.6073353606739,-6920.933744474182,1947.9492072158334,2624.2682890361593,-672.338859318613,2524.758050525643,-227.41900741519805
15512.817876105115,-8228.867334267828,-674.5832639667885,-5914.856828748564,-8741.33397213411,-1742.7641913273487,-9669.301265910068,-7601.23108592602,-33.619751110889226,-7115.833646387814,516.8046165425662,2122.4985181715165,-1111.0318395854908,2257.301520599201,-179.42003617029798
7540.119901420963,-12552.182493538488,1090.5026663048682,-4804.7400375174875,-8269.934947325615,1647.106830110942,-7388.595773211581,-6279.782510652145,222.623919522788,-6610.96870988017,-650.2256676200212,1435.8947971632429,-1438.4288711875565,1848.245798222329,-160.2878847806037
-1259.1837668477601,-10756.511948919439,3258.5895476570877,-2858.8302124226648,-7430.163008596825,3879.3146803145078,-5611.703125577199,-5332.622681772571,150.92746508972,-6183.991192068627,-2005.056626374734,221.40842851249022,-1968.989144995207,1249.548084755269,-180.63298628314766
-8287.827922616405,-5595.548590698303,5153.8776325738145,-516.4961217282637,-6147.069457170031,4427.585565602178,-4857.505973083166,-5247.715241985379,-179.77591642070607,-6087.302076230182,-3302.593337817176,-1203.7368234257083,-2568.104836998883,586.0932529338818,-198.59253052721334
-11472.293849045136,-942.0259512712555,6477.755282993094,2187.332605369258,-3943.297177061711,4952.616097071658,-3903.88247178412,-5207.486484912336,-140.50642020807348,-6136.453092248561,-4112.103375256219,-2060.148490359054,-2897.8959913247313,199.53085948967845,-134.17633807747563
-11292.671176450165,926.7638589124276,6203.3217784983035,3839.0286762740343,-1615.9047692479178,5784.670455406981,-2040.9849884430796,-4361.837824426387,590.733813943752,-5785.719494060722,-4237.52522482361,-2005.5004546072817,-2829.3085382662166,173.20194107053646,1.1478238495041637
-9784.373647179367,14.465469108154316,5685.229653261301,4039.233728691953,-432.0824684672726,6309.119549247045,6.813270538933352,-2969.319901995801,1798.7188723462514,-4737.946476462358,-3667.365228589232,-1284.1685098329679,-2452.945734359569,250.45917226324644,101.18601048098039
-6886.649080964617,-1059.9551916036507,6745.472931982529,4303.631657683208,-197.18014383552355,6613.967353068663,1710.271205947369,-1460.8930867095457,3261.649446398322,-3017.4712736091037,-2592.302641676678,-336.7950177985708,-2059.2742532654156,191.65099614141855,134.5933318058227
-1009.3975931342459,-1291.523939375477,8899.520513687796,5320.622716759325,-386.72253509895745,6883.474996432938,2933.16034624918,-28.00506711971515,4679.591971272676,-852.8500974604085,-1289.47024547694,587.0980788280506,-1795.6374668930134,25.97832388720741,192.76917242354023
6722.392963845205,-1740.7063591210965,9785.657365156894,6206.5760501381055,-652.5920287933141,7378.62750478825,3910.532883928519,1176.6096966799366,5497.296375884956,1098.9466088896136,-44.225690045095206,1476.6356065382543,-1377.5902273022934,-8.636933125975816,335.0360494264502
12401.468352015592,-3301.9199856018777,8009.090913610832,5931.96125307969,-632.162264031028,7857.176222554497,4754.461317608386,1956.0823910719514,5525.525445678338,2285.541529065302,968.3080236875112,2294.71689105085,-594.204011694707,196.26497459028388,505.0113500140086
13885.051134117482,-4436.73871706009,5378.188596136386,4925.195116442573,-323.68464277934044,7459.543465845804,4912.736481360453,2072.112778303909,5259.757522208663,2919.733813602914,1759.7347283197782,2881.9090650885228,248.4799910500891,465.80704067652744,635.1321150702526
12601.0655780231,-3180.4084888769507,3600.2912059605214,3686.7948991500057,-295.1222522097893,6289.45711975281,4523.696312172803,1781.4998099975921,5362.077269013069,3567.8134885161726,2469.4781737561893,3201.721560267826,826.1286111810867,633.5160227285285,715.0695983883231
11632.465811444432,-1171.8154875534326,2613.0296958632734,2686.7216660767704,-866.167690290806,5967.253080473476,5003.3253832590635,1966.7743181483438,6459.859876206124,4833.349529418898,3501.120301203231,3556.5963802294345,1312.988574446968,837.3539520519163,765.7285702871807
15113.862345753816,-2178.432690754376,3895.4123113131404,4333.011607741884,-1015.8678434796877,8665.069347590459,8043.234393205011,3518.792083147712,9131.911890670135,7235.641064392411,5231.957397454495,4541.88307983341,2163.0096746417566,1344.6090034738745,886.804997944487
25012.639238115447,-3593.2605648403,11974.580722610131,12161.418861206024,1681.9157558039512,14861.718236839648,13539.810971019127,6062.455803440091,12851.356010552223,10341.235740144517,6946.448388407216,6456.583669710911,3504.8428378202125,1952.1616376794366,1212.8584608150654
32705.952013889502,2779.2474945704294,24485.497441431427,22907.111871571284,6775.68263225274,20801.478276893456,18164.07965678589,7461.546721433101,15432.314689680778,12470.806429336591,6853.050285872587,8234.660401892459,4615.543792675979,1835.9502338311777,1591.596070168359
24700.786592745586,12440.468612610295,29554.145347900605,26758.860297996813,9411.832621876061,21416.266873601955,18333.351807121693,6132.169367037395,14715.447031017053,11983.884413819516,4088.903382198396,7894.258326255848,4374.41876592199,582.0414670341922,1584.1431184301728
3583.465755221161,13363.051379453957,22867.048126734353,20777.285087684286,7299.001364839229,16460.444651924838,14362.384456651274,2984.9911756782258,10920.607973005244,8989.936719854486,56.64951470850076,5040.470610539129,2665.4287538661206,-1026.4371997472747,1093.7374288271292
-13621.459093370477,6931.846030970807,12160.01452743658,11745.830157669596,3992.660045728855,10565.665036488797,9774.158081375957,174.71260516021883,6435.615124499343,5347.338078545921,-3017.31131583646,1603.7564769974592,674.7309001862632,-1954.0568574606766,553.4212361558712
-18382.72645819855,1238.8762284461945,4522.949903288446,5455.280971916021,2058.278622763639,6561.972496718165,6456.906290791965,-1414.8864502754327,2993.676388876819,2568.14050055748,-4218.302743586235,-583.2909030525327,-518.4180649784463,-2032.3161249815348,309.5861793396427
-15810.697645657663,-264.33834449120457,2329.3265187294624,3159.7243673748467,-2.141565190273411,3636.373998109063,3763.196876089566,-2814.006625327464,317.09324986193997,514.8539015315696,-4333.388236399629,-1557.088215159963,-978.6576700716352,-1732.8144330824778,299.24975559206587
-13358.991948461437,-1507.21873048724,2126.667996743892,2194.945443326337,-3648.8602121521494,290.17900114885293,995.021520399256,-4831.869603153724,-2265.7303981448626,-1343.9868837608578,-4618.023662377558,-2297.1666285445526,-1328.6078541514432,-1529.074630051552,319.39355109217877
-14208.225122892898,-7669.033358201739,-1585.1364076306968,-1218.6318745173073,-9095.735236955956,-4506.392637581076,-2371.238441994286,-7126.914462362114,-4733.208619922104,-2901.683934227261,-5392.674595201224,-3161.615508699803,-1673.4658669442829,-1606.124572174701,274.96658893021936
-16386.899824645752,-15041.881840145843,-8918.463978623555,-6821.508139266673,-13683.014967971678,-9317.725024283922,-5691.262224160853,-9097.27093789787,-6776.972188289385,-3925.542978141419,-6173.084930206271,-3809.547255366139,-1651.7828766131124,-1776.3303166157532,195.36980859617285
-15312.416149828954,-16344.476356428348,-14037.723513821438,-10877.66322132228,-14542.07507770211,-11653.012474127909,-7582.339580644669,-10045.832060657302,-7922.668325266026,-4148.094286313322,-6538.179170746168,-3978.00999181577,-1166.7797735260935,-1773.1122631231979,127.67813634243538
-9216.044002582043,-12151.98847606439,-12791.175101575474,-10400.744394953022,-12055.327029733131,-10984.455962003167,-7633.864974977854,-9811.365158112663,-7894.619701907351,-3347.140907291851,-6140.945674756113,-3580.8240383146504,-374.8148204966651,-1551.9390807856614,57.886286213290575
-856.5355561802448,-8153.444650717465,-8140.229063498347,-7115.616341525176,-8691.675077756618,-8834.740644280837,-6331.5675641504395,-8899.98591203192,-6964.032931284641,-1762.7819324912239,-4827.0883126269,-2596.3403582483497,579.462835146164,-1141.2547677008706,-33.62203553190239
5989.512875114468,-5590.7767416869265,-4575.112068443532,-4606.080209915206,-6467.851675986414,-7025.244804364053,-4570.342518150918,-7822.250664792237,-5720.025985797833,-21.34245432636635,-3029.3946589215866,-1342.915425221836,1449.8865090609163,-630.8129790076431,-134.93902688344963
9640.126956817989,-4333.70948448402,-3707.261756162321,-3848.9038265732497,-5913.729155648668,-6088.810785713862,-2891.9116830086623,-6794.053663715111,-4613.732975474826,1353.905512396755,-1438.7043003899416,-382.10577432143464,1958.6848971790353,-239.5923458833385,-239.73625128565772
10701.024480203516,-5416.7867871421595,-4998.4502368318,-3799.8032900510066,-6725.193284054249,-5756.132920931541,-1286.7903756108806,-5824.9637344484445,-3779.0731591737344,2270.987793353023,-381.3923034542809,56.97331125900107,2083.4311189521086,-37.58438013478542,-333.0202462040915
9907.263494461124,-8196.482356384497,-6160.530657941861,-2825.9296413622706,-7606.188218030848,-5327.571174040673,379.0573823548899,-4841.3234784299275,-3206.020270188943,2760.448607336901,302.1350079904112,252.0308120064846,2146.4162557754594,159.00730069667134,-402.7609656205799
7004.260077537166,-8951.990323439186,-4615.29014498926,-30.66063275748728,-7306.111276608521,-4420.126958644613,1759.5640196580998,-3629.5768394530496,-2454.135000438761,2919.7990468712555,971.4839913071587,440.99529723342573,2388.906260377869,454.7698816975737,-486.4597589435882
3041.7475965581675,-5971.605918759141,-1367.9429433991136,2358.741311156342,-6042.344369246501,-3386.126351184751,2169.3110658605565,-1809.0899493283473,-936.3077268439905,3174.60867680871,1669.052236255102,463.06019846931156,2495.073982304891,677.2776969512124,-600.4340132945296
836.1917082569844,-3502.9430852290575,-342.8015785637211,1927.297903129791,-3657.850971568659,-1576.239217236092,2285.8325939623805,336.90663075166594,678.5802241219907,3520.5926741747426,1993.0627162887727,252.45402377377718,2121.0701533026413,656.360421270555,-688.8213021304582
643.4650006864887,-1474.8855634861825,236.09997486191259,1500.2353228372176,-556.6038082312639,792.9382416361349,3085.8706621306833,1898.7904471048498,1392.0056339882863,3736.237408573503,1955.0718297586584,-67.99161484289209,1550.5600054495915,494.58097073034753,-749.8264758258349
-153.57841889012946,1380.5722443024945,3289.4199485338554,4169.914730562955,1914.6977495032704,2724.7281645548524,5281.885701069518,3145.3053724747174,1152.116710841436,4428.122002843644,2202.8686191047063,-752.7534393601371,1179.5368318914243,498.34434477388834,-855.4525939809917
-436.8238680309001,187.71619822494102,6210.3601648671865,9322.827410164322,1765.7173192050188,2564.392653368759,8562.871122780334,4035.76779773952,-302.89914764018636,5527.376471914406,3013.866370228656,-1802.0830322156667,1082.9333898142088,924.3517446646895,-937.1569869353921
3069.9379893063287,-8966.687796286049,1497.4948783585658,9574.542315827197,-2268.890145685713,-798.5053478391677,9433.58932287321,3686.9842246529524,-2212.049751017744,5769.50586979012,3815.9339603097837,-2327.6667974146612,1202.6463639446863,1560.5383257940543,-819.8680572191435
6209.433601074697,-10574.712139321739,-3620.3000849602977,4455.190119934218,-4358.299966415774,-2825.35109997211,6958.473843933358,2720.6070568468253,-2669.560074668602,4642.581611514286,3644.0896202248896,-1903.2578267333615,1231.9646365968074,1741.7119870626382,-587.5345841558126
2631.2074077775246,-2555.992311353654,-901.891880700273,2189.147498688275,-1903.5931397984257,-1216.9684167370885,4292.157684190761,2131.84625081749,-1578.5854777599236,2792.0730203051307,2158.306821894411,-1421.8966983605205,741.6469754613641,1213.699506382372,-526.5654636174768
-3652.2165420745,1637.8867203211564,2397.860346687382,3075.7958247582606,639.8451985746522,791.2129262963391,3142.5672178333025,1846.6605625651118,-504.35067065942144,1051.0311758306525,263.9640017861405,-1736.6757744050415,-197.32680640051126,559.1859587209818,-647.7811707066184
-3516.3834999887104,1100.2837931176043,3038.879916097895,4365.258997752419,1619.1348223347925,1511.4257939194645,2954.8491734669706,1569.021890764228,-356.35842757455714,-58.73198034203784,-704.7309678499782,-2480.2617314551276,-981.5568080794443,450.45686423917573,-674.5884095374586
4168.650302283364,-184.32989669539546,2549.8105140822386,4973.486367459242,1602.050687082409,1180.6102905333128,3385.6403174192355,1723.2414453140916,-651.3401301734652,-167.27594850478056,-226.75570283199716,-2620.738016268957,-1110.5820429136052,889.2875216438996,-481.5948898319219
12548.42556591234,-1845.4938498915783,664.0205541195062,4511.762618098637,634.3005320474224,72.13163178828897,4584.496323026488,2853.2003645157656,-575.8275312828773,692.2176533544923,1108.4610296067192,-1764.9887827683563,-622.4616345988362,1412.397878593704,-217.91177649940266
16017.622545112501,-3855.601229004215,-760.7823473691809,4782.761382993424,356.37781145809845,-505.39774280345597,5920.66621607884,4199.079389875947,-170.07129250726442,1457.8708403669343,2116.246156006033,-724.4746120086791,-112.42873764249424,1729.6314398809875,-24.450208524829065
13846.96660990232,-3204.2839494096,-182.3450772422094,4947.380788224791,686.5458532856168,-634.8770951435171,5922.454445140597,4310.432819921443,-225.54599460774068,1130.325562285405,2051.297036392709,-448.89353971336277,-169.53726858200434,1774.3331021999484,93.40002058003682
7913.257076237045,-1668.4195555859287,424.81004721982714,3979.996256928979,431.0696449536297,-1113.434428130503,4372.094104879482,3049.5732707120815,-1047.474220122488,-22.526569046165207,1255.2455778491924,-789.9392770720067,-586.0154990754985,1538.7632818340157,153.904305417801
1774.704132905522,-735.7384156540289,607.4101593797745,2939.33036039346,175.39976842914103,-1368.9880669112724,2521.1256023374654,1410.1591571915187,-2019.1867973755557,-1191.2194113906658,416.06167634752336,-1083.5088077051937,-779.2792338848124,1205.201110626645,181.43801703104634
-1212.9107088918236,-287.8343607399054,558.1894426380527,2046.9731754568493,152.82637564542568,-1217.4419297613235,1084.7810991578815,63.19664040897443,-2683.940795173119,-1935.0787388915246,-180.65213070117727,-1148.9958885089582,-677.6360357238027,954.8596170770122,214.02791794198578
-854.9777304056526,-283.60684668878395,318.93885630724094,1314.241396424908,225.49157855377032,-914.1275343709138,190.32142187416264,-711.6556899255487,-2922.8734646106177,-2095.608749241294,-432.44810007093827,-1055.3940334866045,-493.07973300363346,773.6947319684168,255.98394933286875
919.1445802235008,-503.54179229473107,73.56601891328182,872.4147172284518,251.3621207131968,-585.7233348526929,-220.44479578670712,-881.3259949444783,-2508.2645629583026,-1525.3199730473812,-141.6801635204073,-664.5161580113145,-266.950618755055,667.3668161766706,299.7206398417637
2594.8189226528702,-567.8580556105467,165.01813270819048,1083.1436393514343,265.7341159194699,-292.6442417917523,-231.67247037564363,-592.8156608473964,-1427.6002690598011,-338.5926326348016,816.2164505472228,167.04388457309216,12.912763646513213,704.9272962093929,361.5723406869638
3709.7637013153753,-475.2990971811615,643.2808302236436,1614.1306486652154,664.7389073369174,198.78918943483555,267.96240834046296,136.33951141407115,-143.16938102486523,856.2894813195575,2129.2370438187068,1178.6578742781892,201.04082965034524,819.1444198710149,462.63687342990625
3706.5396311114587,252.14227941353545,1403.4430910821395,1923.6814248422106,1405.984352987521,669.7338328843366,1162.6483267838848,1174.666557216018,759.7708580293886,1360.106823202452,2927.5680214704016,1671.61900798664,32.427010659794064,743.4212916227481,578.3348124217484
1242.6595699668705,1015.0498820492845,1910.009549863355,2692.380399204822,2136.3972936367495,644.6282288712007,1715.0493017908345,1604.0273831280174,836.3516266255285,937.019444893205,2403.5856100016354,1125.7003132493207,-616.2361424714024,295.62934062031445,637.1503841979721
-2632.803358243171,890.6817666149833,1930.336820626206,3097.461175068034,1870.1155765070669,47.66979333807916,703.2785888104395,442.6986287482957,-335.4025315533454,-274.97501242497424,986.8337350170947,122.97470017090214,-1416.0367541135506,-259.11653010103373,639.1983358885184
-3720.379585804457,-1064.9037294627713,-662.446267798677,903.7333403705413,-806.4639246495208,-2334.6557325699114,-1573.4769576949172,-600.7285511671303,-1933.8174526144053,-1683.9501958795506,221.56785530010654,-72.99635879834845,-1747.4516067702832,-502.13123601035437,684.3800746038262
-2118.5744179954445,-5757.018493529588,-4613.447249644272,604.4070683810347,-2089.4702623384096,-4905.715550183977,-2449.1593602392563,308.7349652421474,-2231.053501050119,-2420.88274458122,348.71130220501084,418.7864329808768,-1603.3279532623396,-542.3640499644578,750.5278190133738
-2316.254806064642,-6787.1388468804,-5305.106480345202,1624.4779880595217,-1670.1570832089158,-5695.043537660365,-2670.3351296518604,801.274112872083,-2208.4922818980576,-2783.7528101377247,-12.587149478471758,338.93905683086916,-1635.4188282692835,-714.6152198970879,686.7189051170561
-3068.249552329847,-5058.898456568818,-4339.826557188896,1717.093149129191,-1467.619961363924,-5731.795218049343,-3117.569934811759,445.89915946186795,-2432.371232401328,-2950.6021601624307,-702.8046293725675,-172.9556209192491,-1770.4010041585366,-828.2571735744103,553.0103215444516
-478.8995994607669,-1628.9280289552778,-1723.4831680281443,1469.3175376886295,-596.5118547383017,-3969.7552791118496,-2180.096425099285,527.7073820954413,-1605.3727149708025,-2035.0516639729046,-417.11225599487904,-138.41042992364572,-1355.305185126765,-613.0839543129995,552.2424930425675
2668.5159716132553,-229.78025894845135,-392.66305656004874,758.7629430284283,-302.744690415835,-2205.2128351011743,-991.4335315456949,673.4508231840623,-418.3786554618229,-610.8177440643402,568.1118174540503,427.49235888980047,-599.9194885016378,-364.1199088579966,640.4284266689104
2154.466880839432,60.36313286725375,-47.33543474312435,940.973848783149,21.99943730471057,-1549.3699518613798,-318.3678855573366,1015.2311758211661,430.78984542676363,156.53979481415587,1231.8687024973387,1020.147275218908,-186.41288457546545,-456.49829950829763,618.5687384144705
-361.0021333697596,-377.40716278434087,-577.6098440817246,1355.262912965417,297.8641948270932,-1614.8042591986466,-63.70850899562345,1500.3538900306446,968.0511920875803,200.18015160566108,1220.5718777707525,1286.6869010633523,-227.7996887502431,-771.2833032099363,464.5197781738249
-1232.8808203623778,-1211.4717654428741,-1303.1950713918056,1894.4212061017452,880.0585338054693,-2178.815805449054,-393.74898943094354,1960.8241914337439,987.6744399604286,-360.87037433688874,620.5129955699314,1059.424696358022,-452.9693036019092,-957.5156268320229,320.3590920075759
-1175.0577964505978,-2366.8175178848546,-2240.819948910165,3029.3365246635462,2041.2990911472762,-3283.183486745665,-1420.3260536860746,2559.5696050191573,788.7903507648111,-1500.0078012988783,-275.9398578274268,705.5398658208327,-600.7698516749005,-961.8246174673569,255.93508779821263
-3322.9200978356857,-4172.223379301572,-3960.7715271513243,5491.020043563745,4253.428719764793,-4825.286943143282,-2847.617165447046,3863.425681294838,1342.051508869873,-2949.6312986971375,-1195.6424627071017,984.0528680209527,-391.35535185309084,-1049.6329196184838,182.07000959276357
-6256.627048420529,-7000.060791718509,-6630.121247667994,9854.187716013665,8160.2351771647955,-6638.063895668695,-4654.925361680665,5956.093815121637,2996.215732022183,-4237.3336984171065,-2053.6268804633214,2047.1204964121412,362.5218557406279,-1291.2226335072444,19.786644196986828
-4658.564372502369,-12294.391958208267,-11280.182129007108,12021.098249388819,10529.987497682023,-8436.289890685508,-6649.9966752497385,7063.61653193277,4568.420487758791,-4533.329366779853,-2479.774326475294,3001.467285393036,1314.622308817167,-1312.450291737694,-144.26983058265563
1291.3745242018424,-13357.63516791944,-12285.689503788693,9219.173575983894,8914.909037808906,-7726.805185208715,-6463.122750406562,6155.805699187369,4820.502998527671,-3184.9179268089447,-1865.8740475289742,2956.4959193590284,1658.906384814132,-912.1283458867347,-203.1079236833134
4470.85671014477,-7596.074337907008,-7392.172419263807,6101.909004344066,6286.705493590105,-4167.725116576352,-3501.84037137525,4605.878775577722,3791.991281828953,-987.2477036495313,-410.1464441546933,2048.7433815320505,1133.7690768157026,-456.584421195609,-207.29711250864383
2245.056651413724,-3715.7483026707123,-3806.6091058412976,3693.789152066449,3975.686807193613,-1314.1678335997328,-763.687673855675,3251.8113239083573,2081.8182407910945,426.88092413960396,843.0497721396284,955.8904928370376,301.68655955758766,-254.07846128195058,-232.92217732327032
-215.59367780166292,-2266.6247625283913,-2480.6888975080456,1286.405518958211,1872.2708764640286,-530.5542785385937,201.68604323912075,1930.4986025023923,324.3728628008316,479.40744750274996,1202.4151354247447,107.63621571357851,-280.16653860611734,-251.97879497394183,-274.8752919266367
292.2268732979914,-1045.023982189109,-1392.4128002098626,112.75082072735819,764.0144121718901,-589.7803373611146,224.14261268402012,839.0616395786813,-839.7890890946567,-67.50819745977674,913.7936436670085,-234.9561020395535,-357.0010067178579,-302.5387902279251,-343.80698141375046
2269.1506092364943,-58.30615651945584,-677.2682381517385,307.7693909700151,552.881602768329,-642.0851662849423,339.6508886977483,278.233728018469,-1193.4861799520058,-140.64587687758814,716.0682928601886,130.3273318418681,140.74856361905262,-205.95693785343178,-451.57944033388816
4602.201817770747,-76.03311510000692,-1055.1011287556041,103.56236964405738,-80.56928204380748,-431.9516466649179,1234.971345205154,509.54417894760104,-925.0032944984359,590.1188136792978,961.14181488278,915.1154329607707,869.3225463462725,96.87795708548362,-539.064520866148
6498.989472052333,-744.550884785795,-1126.0451045552004,-904.2511647190282,-1230.2041463950584,179.48702711581285,2451.921254123794,1189.268611037619,-555.2619515383635,1171.476208791019,1194.126726577956,1293.070785847655,1132.5823920829994,289.9757613571022,-558.7913693384397
6020.601470255239,-464.3954584471813,-176.8051958897313,-1566.7681288715676,-2245.1538790219597,120.83452337540768,2627.420043890501,978.273221236198,-919.6264606576344,671.1500245901478,1024.3052233491621,983.9011337200213,764.8124326849419,142.69174720033755,-561.8304814958148
3412.3201385179514,958.3112168643656,1321.6211489128123,-1812.42691203443,-3002.969620649883,-285.3116520224412,2276.877760653032,487.82396318468915,-1280.4470580896486,-126.44061475074682,506.9924059612804,538.1380565679247,508.43523317523716,-29.18866789244575,-614.6160940120021
755.2671869235552,196.13250790906372,74.9278832791517,-1736.135566341969,-2267.0223993662066,-1586.7466090712446,171.8402352848331,-151.30358662493876,-607.5245901830449,-740.0872185468455,-753.3151350521158,-148.5656197230971,710.8958684127376,54.82114545372136,-711.9348411143877
-1224.675687464281,-5463.4822579913725,-5163.523482482824,-4570.975248396542,-2750.2123829013835,-4906.182399322024,-3602.9260981776665,-2216.7297755521754,-223.61499286940625,-1580.8602748052201,-2458.7815062982763,-1208.5173140862266,870.6359250875604,258.4186650721427,-784.5645284638067
-1212.8400230318477,-5979.540317421508,-6623.283873679311,-3787.7542348364323,-1050.3383590714254,-5309.225278888143,-5316.348249164293,-2914.941781005577,629.5983785735611,-1252.6767907578842,-3096.1358574309165,-1491.150674138677,1089.9112501931563,555.8756402538729,-706.7320092104563
572.5282261034506,-3102.0893799138757,-5500.118780951546,-179.34300934342454,2663.6409380825135,-3132.877084400724,-5626.051231718485,-2135.530060011982,2797.7036345114266,760.9280722522905,-2414.9516107749077,-645.7963596070481,1742.7686380252687,911.2771215477062,-468.2024053824375
73.816684171307,-1266.1956449806485,-3720.88486146097,2443.390735010239,4348.724235555367,-1240.5178311940183,-5216.449169891304,-1892.8448203222456,4084.6771630734156,2354.522888873707,-1449.5689430667853,227.05619896983217,2169.928876089874,962.0275737546717,-297.5428434144382
-3260.834178070575,-3053.9156346038076,-4219.754153537783,2441.679752720206,4298.528069283296,-501.47221797313966,-4777.677564441971,-2118.982968485385,3735.787092133786,2225.132463055973,-1061.858168390555,343.3855151278992,1678.2290720680876,631.4894743583702,-344.45716757451487
-4449.406581852866,-5110.629855500458,-5354.237164871356,68.35540781131004,3266.2663879346323,-607.4022272484752,-4946.198308329402,-2502.8396149651667,2696.8104922050065,913.4973136869247,-1672.4917798577126,-376.2957531831278,573.4265971340631,368.90538807240256,-446.5499320649901
-929.7878433283469,-6193.367873484618,-5873.336384274756,-1990.4237299907034,2029.2494100241613,-778.9794664922364,-5077.935660049679,-2867.3704511332003,1748.2358426523933,-319.8793033348077,-2798.0817897808547,-1465.909187064889,-429.1434722679408,473.94984490091963,-397.3249314848583
4979.758384066663,-5077.041250493671,-5176.557903610138,-2429.371903154304,1148.1320257404918,-1150.889628538629,-5317.308899286705,-3216.725074000979,1596.8058946674055,-281.3684219026221,-3174.707078402566,-2088.5409478363204,-764.8400968930816,797.6815179082007,-203.51369094000435
11104.578304480006,-3685.7579348294994,-5077.472121835939,-2218.9510849189824,2174.7433036527495,-711.0779479010192,-5936.1228981227,-3221.890627868206,2862.208634588753,1366.0810047279117,-2130.414243430302,-1949.5358934275343,-287.030501071186,1176.450727107089,25.880484065751517
16012.705484395754,-3607.0261267322776,-6764.382388796905,-367.70574780265406,6469.625979993368,2240.8909747485263,-6057.334626972559,-2669.9278178741997,5145.133349239104,3754.850266406799,-441.8710603927878,-1734.9506504953574,330.56036077797444,1570.3513750483228,230.0066619505785
15354.107857321405,-190.5382151823938,-6270.694283818698,3644.9239821550655,11395.084264929303,6228.077469759364,-5392.502594905751,-2407.0535373500384,6774.825190902975,5537.443070891094,538.847608504577,-2164.7804276193538,176.04178967327542,1760.4992459963105,370.75530274286166
6848.812414215864,5170.554263919357,-3365.491665631037,6559.428527020203,13767.854749302543,8510.315078232285,-4932.864107412674,-3137.33096594732,6578.085850634277,6036.085947391114,313.24730437782637,-3178.308937915429,-733.0760987862288,1600.5259008366997,457.8379457316817
-2675.820769641354,8018.402442104336,-1327.5964387034828,7323.457347047983,14407.164232528396,9427.31412785146,-4628.437343325068,-4062.5466180765657,5254.73077779544,5684.270503681019,-383.4883617696262,-4194.366457368151,-1678.2288888458465,1333.076389588426,570.937199113639
-5487.014606527098,6881.509899393016,-1215.747972582098,6976.388961630052,14182.173931698087,9958.898338091201,-3223.2764821428086,-3811.9501162794513,4245.292720567576,5391.671997023543,-310.63272038805735,-4503.399835213082,-2062.44939679122,1189.025967204671,712.092993999265
-3043.07113786638,1933.8609490135966,-3690.1149864427116,5300.781832282565,12282.866557836891,8903.911042826101,-1498.0023928252542,-2705.052435800165,4069.562744434495,5661.310910424172,1080.726507844044,-3584.807647130349,-1650.9517798048312,1122.9455607457942,770.4034246950223
-1340.0901995469137,-1326.7163709443803,-6238.811174824981,2518.0176076411576,9503.42179739695,6652.371452226963,-1365.4578542427753,-2289.301286120346,4541.381462048681,6356.306872355655,2867.3310972534573,-1863.0289262831357,-786.7604775676596,983.3543657501405,695.4609150895908
-1805.3849876070212,-4678.238027664741,-9235.457651079985,-1728.2192427357531,7419.873013939953,5490.614333434655,-1669.3303571333138,-2497.6246002289254,4862.560079287361,6834.083410127749,3503.5600500002047,-1088.982273232475,-491.48309697026093,734.1085426279698,635.7270067310307
-1978.1895328770522,-8113.86669090771,-12263.944852306791,-6632.247700336844,3799.67913723322,2632.7556562107584,-3550.53914902594,-4530.580637894747,2351.997292793468,6665.787080719455,2887.5174423716976,-2817.5108660960523,-1834.545208167868,346.0749976001084,813.7871193327
-4221.140880888981,-15741.558905635062,-17504.2131809684,-16636.842448731637,-3370.471529719615,-3617.044535637987,-11868.12515542012,-12013.113290303423,-4575.816149187892,6226.095246071686,2387.7998978215232,-6303.175469180174,-4688.145911050301,-560.2260739119325,1132.6658602204943
-14075.010790451166,-31781.939768248427,-31941.669765441242,-27958.712517357162,-4249.437272373122,-4361.578476199112,-21334.401619321623,-21667.015393801194,-12592.616081664122,4867.1767751063235,1869.3822779425689,-9292.275246551433,-7265.962757763611,-2165.970829531972,1108.2328140566638
-26187.437473197548,-28767.151891039048,-36449.8832458415,-26254.748316264897,2047.0843368888447,356.9471165322373,-23804.485445210204,-25755.44483984431,-17518.904956172675,1198.9705096673176,-179.54718177946327,-10536.175311106024,-7649.504448025072,-3450.944325828765,552.1785834453256
-28272.905505879564,-12574.690172108783,-27243.98098566413,-17656.188828282393,5613.275893035681,2891.1375454496847,-21417.749285708196,-23996.220105288357,-18232.845640317206,-2741.4972171928925,-2568.008437419955,-10061.09882425112,-5967.67868935338,-3219.1233018795397,7.491333411805272
-22279.48641336656,-2811.0778688720243,-17193.416534587544,-10119.447265020903,6840.011899841189,4719.258861121024,-16215.46509498302,-20032.949742737816,-15383.42690860223,-2807.7396245990244,-1958.6273741993236,-8062.608102930654,-4285.631982805801,-2073.4654213407052,-22.479112112175244
-19555.012506642517,-3263.887859916405,-13749.575577872345,-6985.7014351723665,7064.331482777762,6681.680116883474,-9650.722200753415,-15602.978416165655,-10786.875498622738,1328.2980832398443,2251.4649925897074,-4733.054859754383,-3961.7678903964115,-1528.8628344696872,225.96704943377728
-19425.952643822897,-5332.07693458523,-17484.29156924675,-9213.485451078213,7358.329861442835,8325.520951813573,-5659.639556355023,-12561.088717877532,-7170.689689248376,5895.7734220530565,6954.450038082151,-986.2108403761383,-4289.794107867215,-1804.6118858931245,307.3081713056991
-14329.793929460131,-6905.618550627154,-20751.364288773257,-12422.320247557924,8078.2409899876575,10360.43132364164,-3700.2154406482855,-11351.805955718482,-5637.318743186913,8391.023249072921,9633.369866596393,1620.8791078750169,-4415.820308460409,-2201.2322698095227,140.14365239991253
-6672.438412284611,-9563.840512441082,-21592.55873137126,-14992.098782388335,7208.214229343414,11297.292175194854,-1700.113905631843,-9934.777056239376,-4709.202342191102,9680.53671864609,10970.685469914952,2970.178180118257,-4661.49960413016,-2596.479808072075,-158.72403750591525
-4226.572299077717,-10648.52454270515,-19807.18955913127,-15093.699448203704,6185.055454695229,11650.425540160773,463.76774431879994,-8073.800724311244,-3701.293791415613,10668.740590094772,12117.896219137117,4351.305286371283,-5050.864244046066,-3191.9683990583685,-475.45715711468733
-6874.702565295776,-10176.312448187195,-15869.081282815097,-11596.346144980938,6147.436080501089,12086.669752859018,3277.077145316605,-6625.162062188793,-3610.411043999206,10591.99159356885,12685.761920981347,5696.378888076416,-4979.851835980325,-3692.0548856568284,-692.4202375070076
-9404.269052877447,-7024.004951593437,-9823.666264211757,-4832.959298650442,8418.037740476517,13101.100492150557,6332.3935825631315,-6097.078131989559,-5219.4662709854965,8333.121586005185,11937.026350635539,5755.238466318773,-4686.365354998359,-3721.6760221108443,-746.7971378453974
-11250.511612094999,822.8743858260435,-4371.170649792058,965.7063800206897,13644.039838013763,16213.726374358796,7998.040840942999,-7679.385610677407,-8501.444396541481,3779.119361225594,9861.56341253868,4493.090745337909,-4864.959666158569,-3457.3494201719986,-693.4115417076013
-14732.984662530158,7905.616762450943,-7851.496577999473,-2252.6344244961674,16267.545472180218,19383.343584658556,7036.83509488078,-11254.061221817761,-12236.415258736824,-1403.0527217665006,7441.983562973612,3404.296492010698,-5116.2984910400355,-3307.058728564275,-649.2269464805422
-17562.156762723123,3916.0369994067782,-19243.171337911615,-12663.452882470736,12530.902176098169,19548.967210691946,5098.158406230744,-14180.604365153691,-14713.303137309666,-4771.7187250245615,6251.33107643804,3884.5093932402297,-4208.8184657614875,-3303.809728043743,-686.0032451553586
-14319.348443531448,-5042.779182427335,-27411.803825830033,-20610.563374530444,7467.750351089532,18688.98539680774,4978.553860424172,-15008.550292130081,-15858.382445076291,-5744.014831164912,7067.026578400673,5928.761750203275,-1857.924390065959,-3177.8510827904347,-791.0817962046522
-5341.894655000474,-11662.065863588232,-30063.43654627766,-25373.33818656347,2308.1733418425847,17667.861825994674,5596.613258254322,-15153.212790186937,-16896.72112556883,-6019.402222318997,9101.83412700039,8558.912782363197,787.0951203832215,-2972.232674036002,-964.3798064843431
3441.642317730455,-12583.518021350836,-26529.75997924297,-26609.92043415993,-4894.466782741253,13838.132877662936,4997.1665260395275,-14977.944379938392,-18090.15070711809,-7024.141962873088,10974.956156968905,10944.587499775145,2803.148242653023,-2911.910449301741,-1226.1830756694285
9296.686810961512,-8648.893022753362,-18935.11248162265,-21879.333153526895,-8921.82096123968,9676.620580950901,5551.920275538292,-13193.278380805426,-19325.603037896726,-9003.281109708756,11810.780169825093,12618.815474426578,4133.239718315561,-2872.819508763305,-1498.0426513409423
9947.0370584733,-7656.8934682433755,-12865.412898398103,-14187.386561519073,-4200.089114619456,11736.974085002961,10712.515245867986,-10187.70029084982,-21933.805064655182,-12666.733435886921,11283.49918914683,13756.059474408332,4816.657247940449,-3029.783412032863,-1792.2063297120408
557.3949787275217,-1552.1470144331522,-11661.863535738858,-10604.390759246971,9515.450101279937,24861.530522713972,22264.79582859327,-7466.047984091377,-27817.77255767491,-19371.437657045884,9031.970802902712,15241.608643363246,5444.977893825709,-3861.0202676288873,-2356.8813216047356
-12242.334631655896,14725.764164076012,-28092.904982717682,-25392.587263394722,20214.095633407396,45231.544663952125,36943.79134383676,-6758.158091629769,-36244.37777666605,-28093.051831104724,4787.076175806288,17002.710664731185,7089.668283317062,-4471.1342892385155,-3123.6191086745953
-10470.260572363708,6460.4277949473235,-62998.43651115219,-55964.16707040464,8975.55775354301,52273.59425891349,42323.78596338794,-8031.132823805612,-40573.29415221606,-32773.850933171045,393.86114203523846,17383.42517252834,9333.272773807063,-3026.3529888770536,-3348.6402654557933
7923.298246347121,-17684.50440216506,-68774.5269373162,-61287.89389656227,-8725.704199413167,38463.015260063796,34353.42549769806,-6557.609465186037,-34625.01702578358,-28518.34227020168,-786.064440436879,15670.496517805186,10230.653646874065,189.47000526965115,-2520.7465868937643
24597.141356973403,-15268.061053693737,-41014.74166214314,-39276.12263551401,-11424.100286489376,22793.84518207199,24021.522613985726,-1976.4129159624106,-23599.134067486117,-20055.063818031776,620.7081716760771,13163.136799682354,9150.682097620798,2724.748098345925,-1242.5657423512557
29553.49175486535,-3695.517678752104,-16500.784874499328,-19549.137947856947,-9428.24616210701,11970.111723845866,15601.114474132619,-420.6108668221933,-16419.292185257487,-14782.008973144539,343.2467672746036,10829.497174428563,7532.979599199823,3392.716879648504,-432.64317457322693
29781.343687921446,3858.197286323758,-4850.5940507034575,-8883.8612396488,-6865.091251328925,5409.684787741529,9189.444174708202,-1914.1266238979201,-13908.868232932335,-13340.749106606236,-2552.2856240147735,8742.562418938862,6727.776324540452,3217.6563766431345,-189.10448169695263
32701.096146803142,1127.7573471485402,-6592.081856277472,-8994.590132136736,-5189.202177158368,5113.027304947734,7596.2103721225085,-2212.1887557871955,-13474.092111286147,-13787.364728371245,-5961.300839796822,7367.975472811132,7045.845007458649,3376.5866027792486,-46.49284283203167
37721.32114640881,-9170.179610069737,-16656.724169463563,-17588.480730862153,-7804.117116158577,9063.952111545374,10900.316462390105,94.68314120602318,-13782.780302114661,-15384.84999315061,-9261.458809657393,6509.974668443715,8095.257648930706,3962.7184963202826,211.43744008222063
38713.71872056006,-16337.214961959675,-29477.661101590158,-29733.77849665125,-13664.650929286176,14436.58699264782,17370.88386709307,4796.18327038427,-13729.309974586808,-17178.04722122792,-12177.127994966091,4978.59640168432,8787.290472810844,4322.756315360579,420.6819901355752
30150.982967274238,-8794.754372708518,-37307.2107124014,-37963.814857282814,-16270.162683646293,19040.107583615532,23642.41878306303,10363.222865286993,-12917.499958994887,-18655.55898918103,-13772.89669488804,2988.8483495737037,8296.397223613356,3959.4157549427255,437.131031418421
15115.295838986847,11980.36849949535,-32354.28849708349,-36354.989470995526,-11562.877312729677,22181.435091929827,26800.780491467503,14929.335657962312,-11213.134006072447,-19765.41323783612,-14199.564856079727,1871.5411561159974,7286.737309287261,3175.917685946145,362.62349291316445
4425.058687221626,28443.004040750715,-15928.177625010985,-24997.580105200028,-4758.586297425148,21755.431344770055,26501.57170347044,17782.559472407658,-8277.929404653793,-19780.4570978767,-14068.523142006554,1582.5808425010005,6814.845517399205,2674.921213641135,363.55324321922313
4708.615534279864,24877.04398864173,-3295.5009175507003,-13670.378734095862,-3874.5416975856283,16432.603592306263,24208.04466949021,18985.136003409327,-4519.295398828474,-18064.66801289091,-13285.25045946497,1174.5339517661516,6784.720477666484,2681.875323236436,460.25808249792124
12731.762713022028,6192.904373772307,-6204.979375753191,-12939.389105335144,-10564.948788708207,9764.334111278651,22336.36845257267,19143.113822206247,-1158.3008589189528,-15290.25371087052,-12048.605399414066,206.9728299966563,6644.471947845946,2996.665666976646,609.1107602314135
21035.220669527585,-10305.212765423246,-18774.21491757244,-21304.13928649318,-19475.84276288885,5611.260827540092,22082.247214920102,18927.45789929663,474.6007024873495,-13352.874604675206,-11548.449477242517,-1794.0271030131896,6149.052014035864,3550.707307842437,833.6280726296058
21988.989447167474,-15348.845557599177,-30423.127829105542,-31433.399048970245,-26896.812474824237,3424.195260889881,22750.47112195549,18777.47998834587,-81.38497557354088,-13973.672532033654,-12856.942846864506,-5316.609504365641,4846.228781107775,4203.5418194092135,1118.415161722254
11188.701510167075,-9089.858209502161,-38764.57878017611,-41406.79080536953,-32617.251556669806,2543.99190099573,23927.21687426441,19387.41193767055,-1399.3656665632793,-17100.04078865577,-15905.910865693746,-9684.553907407224,2602.1298511293685,4577.197226213821,1357.3381795714054
-4846.118179185639,11252.20122607838,-36515.55035419548,-45957.36764948852,-32154.308676707842,4808.238643713526,25130.375356493223,21026.145958318455,-893.7883987197132,-20756.801913114865,-19890.901329818942,-13529.372916371838,477.3267523643439,4759.61237716728,1565.710051152307
-12919.301332811465,33619.24280201748,-15598.008024102315,-34079.81892642298,-21551.526963980235,7640.869595480301,24112.2177800953,22891.104807333886,3121.7134353697666,-22107.91501603907,-23651.08360760223,-16073.627449797154,-422.18498524777266,5284.848250775371,1876.7893425250018
-8464.537476647234,29471.4847166782,2542.4628393866815,-15213.057591178393,-12852.924128421599,3570.4996716711767,21237.408277350034,25518.247055665564,10982.707818687762,-18508.74608267259,-25392.1854575887,-16934.852192661263,-29.68523590199939,6221.514740034996,2267.185647310884
2907.0796113427255,-295.126203052417,-13883.319043330452,-20335.1072131487,-22991.279075350296,-4915.668479063909,23435.95879512392,31364.50077541527,21780.442877984988,-9279.002020387428,-23578.90611176488,-16092.159425106194,953.7849320713398,7194.398750729568,2621.025831297119
12113.044570449574,-6777.831002449797,-42959.033061788345,-47215.222499075855,-40742.39652524575,-4396.459389695953,33314.87094453648,38675.26328933219,31364.336387333165,1670.8164069446502,-19167.27729051026,-14743.247136414608,955.952934187359,7659.837282400854,2944.378666827791
7689.450908185909,25074.53034041784,-37445.16341674266,-55904.624436071594,-42667.345966615445,3706.9732449800626,40387.917268125915,41193.51996710645,34021.26591862844,7096.522702018885,-15903.55056490524,-14607.656956976432,-1794.371469037718,6485.346790127217,3121.7358083970826
-14634.802631353396,42358.19055254915,-15045.326518750733,-43944.103806332314,-35204.565557916394,4622.499683808284,37469.5082816773,38381.618351199584,30262.97211458883,4415.704314863356,-16492.719065735186,-15743.755973079848,-6658.162428831294,2862.8437103862093,2728.0498816843574
-40432.82468883111,38415.26607724759,-339.7509462099874,-31227.833754371808,-29286.01029761518,151.59828666526295,30651.403330329984,34683.736497118436,26430.048151683477,173.41200777469095,-18865.592326103335,-16520.162665543732,-10304.709249837688,-1593.8932854188056,1678.7639774599688
-52144.952856665805,24564.394674525207,6330.970692882767,-18085.386758203822,-20270.303058090693,-783.9421179563269,23996.35496556306,29590.204020446978,24344.12868465274,1747.8054945825354,-18011.863116789104,-15776.505374571745,-10710.24807552847,-3983.005200026834,698.822137063494
-49221.15203320024,14109.366208363874,-2335.1496428390597,-13899.704311423791,-14209.05021416798,-2317.0450250410595,15351.260919446786,20786.482653886993,19936.669230730862,7576.431429471943,-11404.540402491586,-13240.844364107686,-9004.636359656222,-3634.810324425037,458.6658995991096
-39732.66037708006,17287.506687723224,-8682.121057327662,-18112.895075295135,-15751.66316758555,-6721.644677075106,7164.177953369897,11963.303304141427,12516.216809057369,10479.9079000617,-2099.915305077199,-8905.886344295399,-6810.015286684911,-2219.1536063878893,753.2403248554056
-27750.473184933366,13248.940088125853,-5166.653084518925,-15738.155135412195,-15398.183283523815,-8174.067921755794,3715.170332458145,7773.578745035273,6683.729451778521,8116.698556026165,4042.741336899383,-3971.2992561174133,-4656.2802165091125,-1203.6168922830063,965.2263830661213
-16870.63954811468,4007.8358336446036,-3596.9042377339474,-9803.27947038939,-11484.173859901297,-6769.359535855811,3199.033218597526,7279.908620993064,5085.724499477544,4613.2830499316315,4465.406694228517,-1001.1662048073749,-3015.2743471277026,-938.9819126034203,798.372955850595
-13207.646813283867,1431.2495016896507,-2972.7167190416208,-8071.166703534599,-10413.676186986544,-7168.364509736182,2402.3958572374163,8012.514683598929,6509.229021856092,3897.9241709055364,1952.5265034284107,-1511.490530974829,-2737.5385069104245,-1322.9240795549395,350.6714062985071
-18729.129194132867,6531.167864635055,289.0709488011601,-9859.578010809553,-13494.777090787344,-10017.308912700753,1549.8841537616954,9851.42381900818,9440.831221240893,6219.375606070501,825.0225505895041,-3990.517222791514,-4008.735574586242,-2174.0154120495963,-157.09977145387282
-26089.99246621134,17900.904712949763,2539.4725553801,-14098.216425927982,-18085.179918516507,-13176.914822319362,1423.5622600267789,12622.489731521415,12799.752050798073,9454.6891543548,2520.1451428168766,-5120.24881454227,-5514.595581360346,-3034.901161142609,-530.2213962194754
-24296.352583437252,25794.241289075246,-1443.6572006151016,-19393.315558938113,-20997.34872557079,-15024.265510487081,869.0997935370083,14160.04699020257,14921.287242193226,11131.358532254388,4652.043072724133,-3344.7866903563463,-5282.5680325393905,-3160.5661572261815,-631.9288586591326
-11508.145417616142,18516.400965029694,-9557.778667014894,-20920.992742218517,-19699.84005517495,-15037.399806813146,-1637.045756281418,12347.497347579205,14596.204642743283,10281.688894022709,4071.308955481592,-982.3514408721305,-2977.463353518108,-2195.897680593043,-469.68208872171715
103.55100930315935,4112.182630650285,-12331.252101749149,-17054.827808993872,-16017.033901865876,-14483.720866087919,-5932.511567293696,7820.9122974193015,12739.5770570389,8533.6983985577,1059.3861860081458,-1401.6791530011787,-909.9489164869431,-888.2305583582615,-263.0832274255232
-1359.8841706378694,2061.815385146778,-6860.925899030431,-13900.444894381399,-15375.60712245767,-15606.986174849564,-10227.90179340169,3540.894339794771,11471.532336989678,8451.847270929982,-493.39657610512626,-4036.162050342695,-1401.451410832176,-540.3516854746608,-287.902821576339
-10028.771342433136,13257.905135612873,-393.35880359378797,-15776.820983983593,-19107.92082970112,-18293.209361719462,-12471.879445227876,1835.9919823286825,11581.005756579652,10332.08010336569,1963.2844899692425,-4692.607583046408,-3431.9142563148484,-1407.8095952219126,-567.5599449996996
-9211.764438533879,23546.449315645146,1670.329736393073,-19812.353210864683,-23238.322486258694,-20233.464223503976,-12363.861238512274,2163.976634325243,11992.061581996988,12057.000408866526,6083.987773382378,-1815.6628776748812,-3943.02612421929,-2156.6323218258044,-776.4109537459192
2899.6050854435507,22498.26160462274,-3215.110818952084,-22905.46010023413,-24324.83864379446,-20406.951564926672,-12281.014527682568,1778.2693222381918,11848.811899553175,12757.91291541488,8234.152798999894,653.6824698156743,-2892.022530967217,-1727.027979713976,-625.7129667528486
8030.7439325732685,8270.867240432,-10510.896077427353,-21996.147097017965,-22268.67404739529,-20222.776510031144,-14825.393265274977,-1178.7227612344911,11924.494101835517,14596.798097872359,9226.58637219308,-430.87126294922945,-3896.4152489601383,-1382.0785714313176,-393.1165740376067
-3140.953697553783,4884.2912711085255,-5175.693296696937,-19209.775593278602,-23634.202377338763,-23705.571981561134,-20703.39186932212,-6269.033761588651,12540.537224880294,18771.10443479274,12365.62517471598,-1783.6001181746783,-7761.094379087037,-3049.648856761849,-691.1442339018058
-14359.25299977842,27503.38336968133,3502.8526885377737,-25995.3395842398,-32576.288456325525,-30783.788236542718,-27352.802377618387,-12049.909032075451,11264.325156225426,21727.07087173198,16617.992321508173,706.8922651191765,-9825.491401094836,-5693.277876411672,-1504.702031790081
-10629.370337747694,33176.88835681866,-5884.659683288563,-34830.924978266376,-35413.462587346,-30907.241450678823,-27637.11853451683,-15616.880702280776,6046.933366649137,19082.888083274105,17339.63764184653,4863.705216530653,-7170.591342767151,-6315.842104424584,-2036.6305532724339
-163.31399937852188,9458.554582410905,-15521.913559611618,-27274.75689838631,-23858.475336055853,-20368.765983258592,-19113.903930821634,-14426.908424340774,-737.6845507646256,12055.474679281131,13716.331646540862,6444.614300480675,-3055.5846090727464,-4647.143357000969,-1867.0530600153138
4986.15071041473,-5776.883647796521,-10933.342352076368,-11931.117021468883,-10588.586917548195,-9520.374448285422,-9518.881015355322,-11036.065538997644,-5889.639170855113,5646.178351573928,9902.515226812213,6003.2732397304735,-940.4764105569634,-3210.702274751925,-1549.5367014198741
6884.96886064187,-3442.642180843948,-1455.0377586489292,-1664.4257206371244,-3834.0762179206895,-3991.8529321365854,-3537.9159257095976,-8228.026776491277,-9409.864321727417,1606.7267850938476,8510.618053865452,6371.064795127472,-5.642299535624211,-3029.058332492205,-1624.6685844982546
10174.444025840912,5330.615444860865,5258.256173038086,1193.613293402366,-3982.2317505755504,-4054.6923318545205,-640.5520947159414,-4222.147506390769,-10950.213763861015,-1917.8214694553772,7824.555222668443,7561.12340552603,1334.1883073351441,-2925.9648021370786,-1872.7314022646924
12576.634777316178,6827.66316976811,5110.586977398953,-939.1522632718588,-7824.705475256743,-8354.990246589223,-1841.6048964595636,561.1922026316133,-8802.651613622571,-5319.727014205784,5709.551303167447,7842.7542378364815,2745.890425743608,-2148.2391021962435,-1875.2896637021495
11439.389549885287,3781.554062434631,4449.1632499369425,-519.1547786039026,-8806.954328178877,-11656.56740284174,-5479.913662755911,2909.762561874247,-4009.3715637244377,-7010.519483741331,2563.4615872889603,6807.537924213039,3576.103359858359,-1000.7204191754752,-1573.7705581403675
8554.39927147473,3319.3374150667755,7190.014032665342,3657.803635531316,-6395.663835412789,-12042.432719633682,-8232.715015748006,2718.502541716781,597.7915293956773,-6568.516127730327,-94.88884890470604,5424.37160983391,4017.4913828938306,140.21521154406636,-1135.6532517573723
6815.01333967522,4695.75085422077,10651.12539145258,8071.062954157146,-3636.0695129001933,-11583.076819217173,-9929.783185991379,1488.8420003413514,3894.079012753952,-5061.256912714728,-1811.8057550899143,4428.571796489957,4456.58571317832,1135.1687977193756,-711.812901686835
5975.900292465702,6996.3717912153,13861.831800642263,11961.788590078104,-985.1391823132045,-10901.912334589426,-11139.640628632209,-280.2330658375382,6014.377121495074,-3329.2327963854195,-3280.232213710147,3497.238559234749,4776.553671040117,1858.5181161809194,-380.951509628134
3279.768004165413,8571.384045029032,16764.853557893046,16003.478429232051,2207.0384188146954,-9599.285511320666,-11464.223801549706,-1877.6419238802514,7326.1500984079685,-1380.1521119104286,-5020.890821898933,1799.0783791994813,4481.156477922203,2171.561233440762,-154.39838235658272
-2038.3158442309937,7195.0892147828545,18665.258860218135,20264.800702759036,5785.869575844467,-8263.216017328547,-11374.06949297276,-2699.6682071605715,8568.849311992491,1329.0148256886282,-6452.618373533022,-809.8217134038728,3364.912930446558,2112.168792807509,20.24974105947782
-7001.739050886263,3952.3190396849204,19590.89508262817,24282.404822732053,9092.826962159867,-7833.4133024054945,-12263.511390161815,-3614.8817623182686,9911.473899825749,5127.360448960006,-6431.047470262067,-3372.869612908665,1923.1459586288952,1962.5217294488452,218.06237312900555
-9371.343643132564,2299.42202675409,20809.29148380635,27995.437739256082,12059.770009014372,-8161.591854918429,-14483.475447562763,-5706.564221143558,10515.749175276993,9352.725558750379,-4777.7097697632635,-5051.603986221687,752.456666797297,1942.9294231603017,449.4136188453484
-11178.499224539095,1838.5241439918086,22830.8875218872,32230.66206232563,15734.553519059575,-8057.165771568497,-17021.95964315048,-8617.548719143791,10136.680756334774,13313.048563639763,-2314.0938396508573,-6319.092099315199,-481.6965124139176,1796.2125501951555,614.6331079824773
-14371.65970631004,-1947.6534537158714,23968.07007710534,37314.22276262056,20825.856432984976,-7043.343992168568,-19502.76104961736,-11912.177072073402,9218.254205163717,17472.00396971308,1242.4312936675128,-7583.350336449916,-2606.783956791687,1008.6033911209736,613.3100640465663
-16798.44586270965,-8618.921685377813,23521.6569610267,42299.54718486753,26357.314565697576,-6007.526188778544,-22755.02516426711,-16443.872817734125,6909.429775410541,21558.464944087158,7119.840316103889,-7349.342125873758,-5151.122817490285,-343.36046103253034,506.5635063782704
-17011.594877130356,-12625.617290637967,24119.318816760795,47295.55283465765,31794.782814002,-4993.4343257107885,-26571.284209643945,-22367.78125528893,2105.39669281937,23496.261986926966,14390.047166770553,-4293.705980893569,-6635.9607930673255,-1613.4221426929116,407.66355514837596
-17240.89502272729,-15253.326017120748,26506.099311184178,54091.33906060957,39134.266660039066,-2061.5503139240764,-29273.82847792323,-28323.33712767941,-4350.61350200657,22558.91838940502,20992.688592413968,644.7825405503113,-6906.09098820288,-2818.664150553038,165.18281133466752
-18415.642822717567,-21329.756756714887,27422.321455515154,62556.762215605384,49735.915924666246,3958.4570907864736,-30290.282311629657,-34075.248863017776,-12000.959787944039,19265.576111492883,26813.72049389661,7240.168155638435,-6200.55531875348,-4470.502674182277,-493.3155412590801
-19578.552553535883,-30114.277102076492,25011.848460674253,69716.62067343039,61371.55090446381,12064.51990091652,-29989.320066397286,-40121.0423613771,-21853.27896012155,11921.655427874071,30462.084315093474,16312.305465843117,-2689.2417287299813,-5644.176896066943,-1352.3387086700302
-21480.859100255446,-45842.542473846326,14892.142304643681,69962.75322654887,69964.37071021785,21506.07397363525,-26836.25459262231,-44352.48696783824,-32415.513598354868,-484.57182122176226,27645.156061130452,24895.18282209898,4732.454722465624,-4348.380855312198,-1712.6851031255492
-24911.272698394267,-63920.611650629835,-6697.742889124186,55250.43548802693,69435.55816492555,31087.29990613122,-18548.21875811695,-43182.75460546055,-39384.42638532799,-14298.99084514934,17140.40266835981,27472.942998839695,13063.472917859513,-242.3208151113629,-1138.0731212542023
-28554.523958914993,-57435.387679994645,-23014.60109891536,28505.63939572919,54267.136801512504,35809.24958376336,-6354.780479624655,-35589.9805770314,-40031.687231738106,-24393.616577836958,3171.9271905348387,22126.882455154013,17757.16211022733,4725.18487227557,160.49558769510065
-30639.971757652835,-29571.42375504052,-17072.34469654967,9148.709516083949,30171.24133147693,30932.237343125835,4761.064759143777,-24077.752760270676,-35051.56142017407,-28397.058970434253,-8721.21170889565,11900.131478677216,16724.494163827927,8030.525188401539,1546.2617316344772
-30852.705876271564,-15455.635786478295,-4161.683526400698,7290.837099267391,12337.83902524275,19474.65635049319,10669.479121857828,-12590.646511518129,-27267.938106105157,-27287.13377301445,-15517.275733318025,1738.6503265069935,11479.606031133699,8409.469831437003,2382.9064284091546
-30383.470194516914,-19506.64621449425,-4223.528512737157,11337.448738812078,7920.248499939436,9698.82395891519,11555.451066959678,-3894.4781567973255,-19631.939944731574,-23841.528213633257,-17731.886918243785,-5178.608325701992,5370.743692278122,6578.357843728599,2472.2377920920626
-30660.374317596918,-22719.916462154855,-13729.090575197055,9144.118588186508,11013.577547264835,6334.686293277176,10522.07598290813,1660.1602650161522,-13644.479912440354,-20446.423085491268,-17726.02967905491,-8808.347348881118,677.8519642609534,4141.055465442355,2085.9059002753243
-32476.582162412884,-19284.54234264504,-21760.16688672632,513.5891422912191,13573.126939899563,8282.429152134544,10251.551109688491,5293.372962737994,-9211.1339619832,-17999.43333001585,-17411.4599354612,-10673.084317476902,-2334.9999335016932,2112.064107445542,1584.6225864715873
-36132.734214076496,-13892.58278783863,-25005.923338731838,-10044.917782510176,12182.722103214732,12373.587861365308,11770.809309425202,8371.012851802625,-5536.93046852287,-16317.213290294296,-17536.926703891553,-12074.47768641937,-4375.933763360751,645.4085610721127,1155.700957225641
-41835.22403450377,-9611.305401401441,-25055.49253344752,-19720.23266286355,6692.482325227751,15992.236640856978,15071.36979009343,11874.861676213688,-1818.8302341895442,-14864.039699071165,-18125.44415389743,-13635.499243634298,-6141.165853582384,-506.9888250369599,821.0959497930082
-49840.670824739595,-6076.754389405911,-23614.417514115023,-27721.68106373893,-2084.0918153557395,17280.118903128605,19591.824051913212,16508.08043840926,2644.3895532901056,-13077.839876872995,-18936.2341639567,-15530.750273873573,-8037.68335660072,-1635.1404190661974,524.232478340488
-60354.709094104495,-1471.3849069038693,-20994.24428897967,-34032.69767059996,-13250.29793501989,14875.090099926087,24197.02279060372,22698.068885810844,8568.817171835579,-10367.156637340797,-19636.258619001983,-17720.768785912835,-10228.371235980137,-2938.165843262924,189.89518308693573
-73215.22720614423,5975.275640059205,-16273.66438301894,-38391.20578690181,-25929.621134596026,7826.336892792354,27132.517821338624,30347.711640150428,16694.889667526782,-6017.009767293408,-19791.408655755185,-20046.093339603773,-12715.28127639323,-4501.273963635227,-244.00639853352988
-87324.00876784546,17387.027918152573,-8016.496726202913,-39754.40801200694,-38889.808761692,-4337.131744392987,26120.728055751093,38500.73951564349,27573.440011148625,833.2647501778256,-18806.030205630243,-22229.031459147354,-15389.118739089134,-6307.768764535649,-808.9171882359028
-100015.79968066918,33015.87576921067,4886.249047986485,-36354.632165200426,-49973.918446394455,-21261.044930442637,18667.624267517207,45103.67254254389,41141.84594709338,11036.008010830306,-15897.795666133405,-23834.72658691965,-18038.19905074776,-8253.699661596676,-1495.410673888218
-106829.26745450856,51785.199559619796,22369.370228632186,-26194.362035775073,-55820.600691083055,-41227.57616268309,2735.890897786181,47090.22027449199,56206.37694701708,25052.718931847598,-10174.12893458916,-24225.725949166506,-20322.08555224333,-10154.522580455196,-2250.119128868616
-102251.562702954,70384.14529093777,42608.26627173325,-7647.987935027449,-52331.226199867364,-60852.72522110026,-22129.719011072364,41059.33411402722,70042.14268949923,42333.49749496741,-908.7495734700087,-22584.314590140522,-21748.2512548057,-11755.050852401337,-2983.3870859305334
-82215.05005442075,82967.4423653816,62757.20417941653,20005.588889053182,-36412.5103221606,-75646.34531706762,-53426.38213325354,24811.16336121987,78550.30587429406,60635.89206955518,11902.771214917464,-18126.18312074337,-21724.522260654463,-12761.992588282283,-3587.8215149525004
-47964.36818054291,85435.08494766653,82116.23554437033,55578.21242439701,-9088.127496337876,-81794.30331864154,-84993.89887176295,-583.4220923889909,77539.13491948183,75886.15034373976,26908.740818951697,-10525.166412977991,-19720.096157479413,-12900.483023730729,-3964.1441033552983
-8160.467060669911,85006.49856103327,103676.130914922,93147.32736834469,21980.97321910903,-78144.31319782507,-108262.33872822863,-29678.3910030331,64968.79258978649,83244.84549610589,41200.57783865695,-374.39386012777794,-15504.169422296809,-11990.607044317874,-4053.189833866984
24272.856235232717,95931.53943907254,125429.74003777037,119319.2843640402,44712.57306974807,-66362.64222612708,-115621.56828631528,-54180.34447761422,42751.44580240738,79260.9132163079,51031.58008694472,10667.210879133821,-9336.704677363217,-9999.641674049179,-3849.572540799809
39674.20911473383,109792.07520343433,130326.34222155798,118840.4173886651,50761.9352220175,-48978.62615476693,-103986.74986668343,-66642.2647137062,16459.11703515813,63678.86831478924,53142.69316885622,20208.91386493163,-1963.3978781780427,-6978.806095348427,-3348.464182282397
36674.27707415386,94993.94313270734,102138.76954781068,89504.45055005603,41773.10480413535,-28787.190568558493,-76548.70942024588,-63358.736040449156,-6324.704724531719,40008.92424049946,45779.172098282615,25372.420909094915,5199.678261491763,-3134.7213830469823,-2507.377436959525
22103.614314014045,49685.0075079593,53484.17713600901,48402.23115837094,26267.503541263337,-10762.896936088371,-43038.92479856566,-46244.0211099141,-18174.42359553678,15830.348650332,30401.74253952243,23591.578952879547,9726.767608088816,651.0376572362892,-1407.812231533036
7723.702631971328,10096.660129702886,15060.03605776127,17045.389914330903,12522.408808623963,-100.8799452182619,-15907.004484912919,-23920.02803677026,-16775.46615766972,111.84718501676414,13408.579078499715,15506.839008202218,9556.101438752812,2827.659810513054,-428.3080104816787
1840.6662530538804,-3906.324692899614,-68.6679927794408,3191.937692029593,4672.105201195118,3094.2451040264464,-1589.2044202525642,-6683.982848395812,-7979.045604487653,-3874.7974249924537,2443.209992427832,6194.242652811327,5615.506674854132,2598.568340659062,7.543992752158488
3542.617150979047,-3403.325248361324,-1064.9004245067379,1002.4086909023632,2444.6315723608172,3128.3945128717987,2851.1280556813526,1620.5506056866202,76.10745481102651,-731.13149534396,-284.25498092939597,807.3840062072125,1405.0030731628158,940.8681752628306,-123.41798251347677
7578.988291559287,-1745.0845413154925,669.574021131788,2471.416869605088,3256.2538978154485,3432.0048761366625,3607.945942431003,3993.700236487472,4131.665312934825,3377.0925154646397,1780.0013812718482,232.2539124444484,-473.0658773912148,-470.90669010106956,-456.54789918473955
10962.410997038578,-2470.406401719129,695.3918912811141,3409.171771335257,4606.355432226664,4543.5082969772375,4215.67535146173,4536.976545424361,5469.243736280149,5880.924603420941,4683.806954192077,2205.3093999699663,1.0705823822624438,-821.5479333393946,-646.5554342994133
13712.581087503868,-4431.236202879559,-1158.3466571947304,2691.377323964112,5068.474651922831,5618.482565951419,5224.237580045916,5171.452591215534,6070.677770199044,7147.005438157874,6851.715538586885,4577.393420321934,1565.9636614498302,-325.903569929825,-604.4748214167269
16891.654160905015,-5986.603590243473,-3837.661530842588,546.426447553717,4210.205770082521,5938.613420280699,6160.110290772817,6151.6038905778805,6906.696928080972,8147.560140003457,8413.883850081223,6556.823361649963,3238.1528432315718,492.7832544085876,-416.66500356777925
21388.685391747505,-6511.758757828726,-6451.253881186066,-2427.834133503755,2182.986847413855,5309.917054263806,6711.470049362994,7351.240987127742,8273.84290018727,9522.407336877142,9917.029260314475,8202.956149354119,4666.772002001285,1286.1447810516333,-192.13682327409492
27312.142799198962,-6680.281817430995,-8968.289507645426,-5909.243335533331,-707.6107708906429,3932.4570827147177,7006.901199792921,8913.132542835763,10434.598752504886,11694.113479362664,11815.13124667752,9770.064697214255,5821.246315971755,1904.354510396947,-2.1768077450503824
33045.99699485874,-7846.133167744756,-12141.501749511091,-10008.255445308328,-4144.331172683074,2353.732817072852,7692.934564579813,11485.69785616114,13973.606617501062,15153.441885808092,14473.219969252512,11441.16058522403,6692.8926525161,2252.789691414605,102.75305252648391
34428.467821873004,-11041.491243362885,-16645.727482221384,-14652.723345107786,-7341.147948936359,1832.1736022382918,10210.762917396964,16426.06494144857,19969.12401812534,20615.88671508898,18259.939090820575,13302.91795920012,7183.003034107221,2188.867649759371,57.912423985277485
27678.919026157782,-15595.645410265857,-21536.440357570693,-18177.265751176168,-7913.363174734367,5142.7235772296835,17280.546613691644,26011.149528433118,30032.516152800305,29010.052307141847,23559.929277513296,15383.024067172002,7127.666372317932,1514.7627102116817,-231.59308194369203
23033.799508485943,-17704.636039715933,-22547.853879458682,-15694.821632660834,-637.7872043753296,17287.121380103697,33111.16847257182,43291.3028423334,46003.72272635947,41200.824803116455,30639.182786135214,17672.551000070693,6408.379328401964,74.86442846421886,-862.3411291344132
69413.02998690103,-11794.054058529562,-12543.04587702514,668.0574154743073,22029.83344403136,44533.90717885172,62122.15107334995,70758.66686022063,68824.74915462044,57226.048811319844,39274.56835050094,20076.873858215775,5096.868356135099,-2060.193808203079,-1844.8359467299883
257552.51940705656,1608.3090320442782,12512.146560280298,36384.55455655485,64702.14768222524,89413.61262057086,104543.0496543647,106877.70397922056,96137.6518186758,74876.34139031693,48080.454590350055,22221.582799666343,3526.822581076452,-4417.486174093043,-2984.024779057897
631340.4019596538,8366.516538787602,44352.13765345746,83984.819382735,118472.52493540477,141370.39608680736,149114.81889797814,141057.37372577807,119257.06012665306,88118.83704356087,53792.514097062,23146.056914043937,2167.0341667926527,-6131.126025509221,-3827.1196795218184
1012827.9826106409,-4816.478427450657,62812.57973042036,116959.04901340962,153464.55288086666,170714.75376168205,169371.05216573644,152036.83335348056,122908.4498334971,87380.50838634802,51514.8925793336,21258.684951007446,1323.4658795843611,-6268.462636352706,-3801.2270784299167
993147.5958261288,-20933.81262734256,52590.557254658466,102943.1150193806,131729.97318767416,141523.6340182409,135640.01548459605,117951.12673695975,92709.51550700785,64347.45257674287,37204.62830285282,15134.508177230085,943.8467359497397,-4364.658826619332,-2546.5532344504336
344920.1551844437,-9434.014778170274,17269.10525106055,34441.89724094538,43545.07253955656,46063.594734843944,43495.476144194385,37337.39716867298,29062.620833449484,20085.188671895165,11702.699871224722,5008.12857228419,759.1775056986185,-808.3250767663287,-238.40235352385162
-557446.2312113238,17212.008622221656,-26041.53464627538,-54146.11942996493,-69258.74768376994,-73653.86537454573,-69685.73943209466,-59751.42774111691,-46245.02959383382,-31491.324961382303,-17644.214349976843,-6532.716858219104,565.0810926331566,3241.462197334183,2393.867871883879
-1055710.2573774362,19656.857823984443,-56999.05600723684,-111058.92037808233,-143010.5187155382,-154749.63698907514,-149289.55954988164,-130510.02201673792,-102925.04923334374,-71425.8879366586,-40939.559636983235,-15938.340565179966,255.17617248818158,6393.879375927512,4436.066569568662
-934350.8239173818,360.38899252215145,-59980.69686702764,-111350.671349598,-148010.74103313618,-166942.86465606224,-167705.6535362731,-152139.40144540218,-124016.7214290809,-88628.40092048528,-52209.1122493606,-21069.605554701408,-334.65704970811737,7691.288738914141,5292.755877720064
-521744.38730691327,-7952.405583840609,-36228.90639159218,-71510.04451407843,-104632.54521293382,-128388.843387643,-138350.96395564967,-133069.33355552753,-113954.8508870572,-84973.22539201796,-52074.988599667166,-22156.930175751902,-1388.322738998373,7005.757359556749,4951.571726644832
-190252.5818333002,2294.6116414759704,-4526.226565187446,-25174.203224695324,-51720.30112544141,-76200.18334598695,-92419.84399616579,-96783.36345248604,-88550.3923319945,-69809.27957500287,-45152.6282606296,-20794.888627082997,-2872.7791071410716,4960.729460252234,3858.3866999795555
-47145.82111728178,14504.922244993473,16797.156646897678,5562.344261193113,-14074.71067014998,-35524.45297055708,-52932.17217274605,-62284.18105191394,-61812.71146803823,-52120.841983087805,-36118.8936964699,-18508.33103202134,-4461.2614954019,2488.7889512433,2573.627279544143
-21341.22947982878,17929.91673695736,23264.028663137437,17558.838809969173,3918.9996877202707,-12679.162247529546,-27584.003043699853,-37486.933123915966,-40654.756654669996,-36935.70095633491,-27785.952924017743,-16141.868470729529,-5735.2390395314815,356.8090491874535,1489.07216312556
-29248.01464349585,14637.816418813549,20615.936766383118,17798.482254974522,8486.77482112129,-3407.1559579273007,-14453.777588589437,-22455.680316006874,-26321.565820499793,-25756.641890079387,-21197.305896378042,-13992.70125625909,-6430.654488240673,-1066.9636666112003,746.5162967714707
-34017.94679761168,10195.756979508313,15554.484597398165,13648.860495985538,6849.3782503794755,-1476.6342591281245,-8896.83358423553,-14318.069108954776,-17468.66617987806,-18229.463442437478,-16398.97903060405,-12111.728901013568,-6516.611529152886,-1769.6352173757625,312.6585759794856
-31082.424836077396,7538.28979956257,11381.870935639152,9060.472789125035,3433.665684716353,-2467.627561776971,-7047.559717818542,-10156.853839807101,-12246.881711945745,-13418.250402230342,-13057.067155689758,-10475.512515015283,-6112.543156768558,-1916.2407065666503,92.35404440461816
-25058.001138808075,6744.623464154045,8448.844061521972,5119.51796637307,78.07103979480456,-4084.62443780615,-6559.578315112609,-7941.488881043321,-9170.378489337027,-10428.86381016403,-10770.21716997886,-9025.018827876484,-5357.404212014295,-1688.266208494434,1.6646290615368393
-19480.988577650194,6588.0331496931185,5936.938562628621,1742.983862999172,-2637.636200774665,-5315.799330738807,-6238.451323428159,-6520.023416894101,-7296.30139898649,-8603.101450380387,-9164.54719510047,-7639.863985680401,-4318.896704921099,-1210.2873539252275,-14.883886947985545
-15413.805855592696,5796.626423304708,3236.2471102422,-1096.2891987745925,-4415.687547018561,-5718.00042096057,-5585.929802030941,-5390.46221551301,-6141.420524539192,-7482.977492011973,-7854.184165823919,-6105.738615514285,-2993.699110516999,-578.6892677613523,-6.162835623350361
-12482.522848735314,3986.429157117191,622.4446886391938,-2961.9652620632305,-4954.749406778989,-5173.061405319081,-4588.686968664546,-4506.912338648807,-5476.28205828892,-6614.77146430641,-6345.938021277326,-4176.853674928241,-1460.8219029078448,18.337148256921267,-49.20133323019934
-9694.096058389057,2117.352816251068,-865.9657614216569,-3262.7914361111575,-4195.991564980949,-3995.6966097542154,-3643.190543555542,-3982.4455709127105,-4895.835228375691,-5256.927073680902,-4115.217550891986,-1936.3775456105564,-214.93708453547072,173.04874428088203,-252.7926396273445
-6090.445282643128,1955.91441306381,-279.0919707020565,-1976.4855302303536,-2777.214964994102,-3002.458582267337,-3115.6371238045253,-3265.9456014605194,-3150.212203535533,-2430.4631260784995,-1321.3801585506008,-511.52937630080885,-391.3882697001244,-623.6236682004198,-670.537681352216
-2247.0622624421567,4059.8010245464134,1514.2952696610766,-821.966152881352,-2424.7453152623143,-2875.8810591814527,-1869.6594753006423,177.78930589325216,1856.4026152197407,1734.125562913127,-172.0044215967467,-2303.7126242574345,-3109.481647289514,-2378.4299155359654,-1142.5190856652634
-2029.9123255878817,2553.6764800260958,-1748.1520804411125,-5121.219629780005,-5876.062714282462,-2450.366532945403,4519.342497553901,10671.129768325442,10621.726398919898,3630.8634759540128,-4938.400205447721,-9101.360332492737,-7731.745971327409,-3974.3580973947637,-1278.2184179423662
-10374.463805938236,-17761.826196182585,-22589.95570984632,-23337.945982895944,-15451.698472094675,2266.90569076354,22130.975013107258,29922.276447589364,18359.89096791805,-3219.6576696025268,-18041.92552632552,-18816.048966540664,-11120.255490708383,-3733.878290632167,-775.9425149130326
-25926.34917381988,-62185.7101364771,-66051.66234019346,-58747.859184212866,-30392.559602339457,14926.353277536766,51794.32887861633,51957.37331668477,16626.519536428554,-21792.455316651543,-35504.84874828364,-25735.720632851,-10139.725056239013,-1104.4250682074214,217.89522148972208
-38587.36926209198,-102258.60513068987,-112225.85785576885,-99096.04112426542,-45226.111782359294,33924.05394026038,84809.7198477379,66026.56696731383,1418.5078728250462,-46775.101349948956,-49306.68146011879,-25693.942505780105,-4763.286077015693,2766.099965476331,1246.3689989519526
-37244.43965575763,-107391.65629558475,-131669.64994874335,-121927.27708944908,-51016.72797119734,53676.91200040046,108739.58178155521,65074.813681040134,-23108.96533485684,-68978.7482704548,-54250.79036906046,-19169.246013565018,2595.71992598633,6414.006278761553,2005.2955661144088
-16990.71096878782,-91564.01404417612,-120343.82129818505,-114585.17720130653,-40396.14297953632,69852.75885367929,115462.89006479016,48859.673168664216,-49144.2938225583,-81834.86578140517,-49950.472227500264,-9008.914623656154,9743.617324796214,9182.683881452476,2470.227603725631
18556.374938476478,-84210.57541764977,-97669.88332706112,-83945.87792561452,-14429.390518542672,79812.6580158982,103470.6598066473,22248.017428766507,-69443.68687555095,-82832.37272318249,-38654.400704471016,2011.5654454741605,15480.016888196646,10939.322310977654,2678.59069184109
58194.411457957176,-85363.24778903615,-76938.33778502516,-45930.82266810462,16735.436193323152,81014.70283035307,77211.94481917725,-6735.710582112801,-79203.11314672565,-73124.28076364625,-23865.29354831292,11640.74101889527,19173.16784078442,11640.4594703062,2623.660096928036
89445.78296846201,-80437.52747529969,-57563.913744335325,-12062.99534614585,41585.02570186778,72385.18825119098,44899.712906064924,-30227.059145832693,-77576.20179369896,-56723.955416943885,-9237.379434863245,18465.53212783287,20684.951311169734,11346.868405414169,2317.2290631319947
105469.76039153669,-65747.20179886179,-37185.59812853623,13283.016245716708,54206.55293347724,55892.55580445074,14739.254868273134,-43884.56999106858,-67373.99271305997,-38443.02787556465,2694.399022861153,22156.816698759958,20338.151589248275,10262.661132680762,1826.7115751344963
106701.55706890355,-46647.74414348777,-17399.615965565103,29575.384724312287,54937.39322676732,35743.86349739252,-8010.206171783125,-47653.747949950826,-52958.453457679076,-21930.8135085774,10975.608251470716,23204.833092210574,18695.997235825384,8669.917892049809,1253.1012322916235
97911.93754300277,-28475.9151615244,-991.6131065102996,37827.721597833406,47374.069902938325,16268.609731999692,-21711.779314405703,-44232.825907107326,-38152.44852027375,-8949.27963274498,15863.289796252167,22439.406428429702,16338.022210769277,6857.749376866652,699.914533251798
84496.65188669949,-13886.312070317192,10670.674215702851,39817.213428217656,35532.85017516332,429.931087130079,-27352.218089906364,-37044.86882888025,-25274.375825244428,277.9272509355966,18171.075565921514,20648.1600931036,13724.412244859564,5069.6170159928615,247.5980052116032
70481.82336590922,-3548.381819229569,17892.926872701217,37542.296140840015,22476.90674724356,-10451.405705876015,-27174.218350758147,-28932.04499944681,-15182.437399026348,6361.213174041461,18781.600251933116,18419.607613192955,11166.335199479803,3474.222270447214,-64.20756813654206
58094.06332024009,3037.6730154836305,21946.461904517342,32621.018443601417,10082.501967223685,-16281.309477051178,-23663.67086210857,-21658.033576535905,-7734.495151397092,10181.644687772554,18433.40006505374,16148.673652811001,8853.853434411167,2155.5290338679815,-241.94779505655245
48137.5879545707,7182.432007307035,24213.03050385127,25881.013812283356,-563.1346509200289,-17674.336604612465,-18982.28898305795,-15929.573069281461,-2298.1907096249242,12569.283053302432,17677.713068936566,14084.002208577082,6873.126147295974,1103.1376842068332,-332.4013309349285
40644.78758208922,10750.371368447157,25358.1609631821,17452.02959833558,-8600.554004896985,-15685.649325758817,-14727.624101561765,-11678.628722125042,1871.0400620573791,14200.748398685477,16918.96644056738,12359.378187531025,5186.4783412643965,197.27872454031296,-409.74087799490434
35383.16255767966,15366.44861262851,24699.72790295812,7437.619349982031,-13129.667607120722,-11787.321759987142,-11875.913104634106,-8393.203317463187,5475.525049539098,15651.397993858352,16471.534180667462,10973.983912713604,3573.262891258525,-796.6330703266237,-554.4162760621318
32112.39981494995,20693.374249810826,20324.253042530156,-2979.7179151325668,-13458.935377036392,-7990.399528713057,-10855.56935720456,-5315.852485421943,9230.480533894253,17484.841731173998,16536.305821847058,9664.739705341184,1545.245373137119,-2184.908246879501,-815.3327098183179
30631.28152387407,22761.523091320683,11306.03390034708,-10388.782061715816,-10288.024943334512,-7117.455437179004,-11491.686849523912,-1375.5432083623768,13964.939761163458,20196.597125915483,16959.5660926202,7643.649276017572,-1653.5855513305605,-4164.12415754677,-1140.941450302003
30558.42117526686,18055.477799438737,3039.2350845609135,-10576.137617396067,-8244.7860571763,-12186.625416447841,-12381.396958166784,4843.693188340624,20386.233252596627,23773.128021563633,16715.17608676647,3454.170405431466,-6612.499938558167,-6399.911722041648,-1296.094304231915
30922.39657198083,16874.145768708586,6823.1227056087555,-6468.788262219182,-15882.429951294735,-23109.64333636676,-10520.838268517387,14317.09972945398,28255.672647440213,26934.89888066309,13633.379909712516,-4244.9725482012045,-12616.698841736357,-7651.99948224376,-908.4408305813772
30230.774976873156,36762.32232401669,20596.900361023978,-12266.465724397174,-36597.60997936299,-33697.187318797965,-3203.2784634125965,26109.442648137934,35634.61034185905,27024.916115859683,5572.345357751056,-14682.78494245884,-16914.58977885847,-6377.861227572608,199.93515364057754
27581.62779238766,62568.47128948325,21171.94016478826,-35396.83964545415,-59859.374986762676,-36142.54624460438,8652.25743672181,36979.82798042109,39427.393761511186,21516.839188729966,-7153.805025006497,-23968.357577119474,-16340.429031105881,-2330.9351440731557,1690.9410318826856
23745.177167408478,60999.37933434102,997.622590025524,-60678.65125682252,-71347.24294982103,-29593.333486338957,20244.038827187516,43092.530755760075,37169.081050605884,10195.175567784345,-20669.435854548417,-27267.958377755,-10236.609460378431,2768.5606354305064,2880.5110226966594
20612.5353541811,41195.3832716738,-18448.447234948468,-71189.15255251032,-68847.05251191482,-19691.6836717057,27192.894709869157,42694.78494565467,28975.16623713559,-3679.9872019942995,-29310.6611335036,-22611.319234344144,-1557.16470470864,6347.169773053753,3203.8943627534645
19007.503436097155,27793.570669702305,-25853.7191360275,-68380.11667734606,-58963.47861207418,-10531.62363789242,29385.71579698686,37695.85464798192,18316.615425345575,-14841.710809659573,-29990.325605210353,-13232.356571743376,5095.749772212842,6923.533780128926,2609.7339735697433
17801.42441339321,19867.827605578717,-27220.001795425327,-60507.98897701711,-47252.875332361815,-2849.9072032086315,29307.217381591367,31695.21075864283,9134.525544499062,-20792.159327629215,-25287.8628220753,-4595.322220161959,7749.708714872078,5455.467284082057,1669.1061811402863
16756.304617148795,14676.334051477348,-25744.335144815537,-52338.178058965896,-37436.9730744581,2396.6975822821228,27902.636911335052,26001.518808698755,1956.3480382065732,-23304.52638716846,-19148.999371301812,1576.873379317885,8181.560124389947,3903.447038692183,1017.9699321646335
16750.09389687398,12196.548672781078,-23635.176091167337,-46142.793016472635,-30824.473801406868,4632.376576207412,24783.874292228324,19978.68801643018,-4126.609752435516,-23460.687737789347,-12160.427344502288,6254.838280130419,7714.427868368,2704.3315112682044,707.8581810361032
16089.771273993667,7288.222034850103,-23540.94738535962,-41280.63532176029,-25453.626930544484,5525.627266522024,20988.70140337536,14348.178709407419,-8219.40934663477,-20676.656523489903,-4893.836656897212,8694.54856088751,5888.092729217004,1304.3191502691311,445.8840257189354
13174.739842747149,877.9424573402717,-23754.20286850062,-36203.803759968054,-19907.350469433823,6642.717663613691,18015.74158603095,10272.477289775901,-9935.080158383647,-16297.276460589423,468.3226161189179,8414.069887513468,3307.902303632888,-51.61262760152988,167.9090274124541
10276.45607708642,-1842.1524001569212,-22261.778996113033,-31298.63944651745,-15149.395857325715,7476.716889823188,15600.29032472174,7169.879722704748,-10620.3748840019,-12136.357662472381,3717.0553626581227,7136.238678214343,1417.7188601630874,-762.5954819657211,9.215513048394087
8651.213568663592,-2258.1262991554504,-20365.109816247917,-27273.612987465112,-11771.37656803427,7369.517357274774,13071.177700415823,4439.216468493191,-10709.269483531436,-8007.541960564672,6115.447236051834,5890.386276892987,243.0745545478639,-963.0543957325597,-10.798265035917069
5670.41021863189,-4468.698880189073,-19324.859326418642,-23525.947122880105,-8781.63011726126,7146.256793872364,11151.614589281611,2730.218702600291,-9749.964626750625,-3691.0346329323156,7496.803309216388,3997.8412024793106,-1079.0383872407524,-1171.3434068168333,-5.739662872032142
277.2006075591782,-7540.792160697377,-18255.033364534986,-19419.368850401654,-5364.625145007392,7856.580390162378,10645.060543412603,2037.474043954975,-8284.193097252384,-55.04755702141699,7133.468324605322,1307.7508469288387,-2597.922825276728,-1503.293368522414,-45.48236027556753
-4528.589709199712,-8159.965300089566,-16094.642290002985,-15197.323602865967,-1833.297148900788,9292.91198468141,10783.40019767874,1101.115603417982,-6996.116020690946,2485.6680714642916,5561.991494535944,-1141.240598199507,-3631.206578238409,-1672.6513545305536,-89.66708969837788
-6503.741802994143,-6201.3965194185785,-13080.245849670695,-11234.14131034634,1195.3922825389518,10450.803553091358,10240.781246598239,-570.0991636232396,-5447.305714381982,4414.965098084704,3920.4522780886314,-2616.8277640908027,-3848.76820694841,-1442.4125612638134,-56.86437500819122
-7326.515034497667,-4055.1142724586225,-9820.068816496796,-7276.558249810109,3791.7529117563804,11025.189852679918,8910.93444127228,-2165.0612609626564,-2964.3813673689046,6182.211116349294,2494.973124718969,-3534.201241287228,-3594.255761728179,-833.5817519950988,95.49687804252153
-9476.267217630822,-2982.5761874486643,-6345.027007641778,-2741.414932964176,6600.3681628102295,11424.523774475081,7079.624455316164,-3126.3399402394252,742.7858404046767,7579.225948844114,593.1702591937637,-4702.957775541173,-3317.5642699167133,8.08364716000061,343.39484235657005
-12223.89874846135,-4230.927839342552,-4335.461657772006,782.9849270255029,8434.800045896618,10453.911888648447,4011.100866598086,-2750.747025508351,5647.722407659258,7594.2530562289285,-2285.4706488216093,-6177.580346054286,-2982.7481560323927,973.1340346005904,594.3241218639267
-12445.629958942058,-7150.149517581784,-5658.684070444831,32.70381552241159,6344.892845893809,6490.762186648039,686.9420527708625,451.50650970608444,10080.01342172915,5390.875154570083,-5312.3314606373415,-7027.8670281071445,-2157.5549982075054,1883.0014464617861,685.441184265211
-9400.707339234476,-3311.581597249357,-4304.465282855484,-1481.0715148042104,2827.6799148302403,2899.9465816161887,611.7942145199764,5374.1715214261585,11271.767409135926,1893.5475470494248,-6997.311287426821,-6492.910649138899,-844.9941741527925,2312.3006948935845,480.44563171978166
-6464.272361756156,5224.1946964635345,3684.057029542834,3239.4936022754264,4337.472164447758,4276.137951733641,4326.6185254435495,8906.419891434989,9122.813063670092,-1523.0444796146319,-7597.884874885607,-5456.344039109417,186.2000887364356,2144.6248521967973,140.54494757923464
-4375.178099274936,3861.0512059518574,12700.565526256307,15080.145424154085,12758.765064930229,11124.399072276494,11174.777607306201,11867.708462261655,5369.356393331223,-5973.176750720412,-9602.40934994755,-5555.839125996968,1044.6883938464762,2429.454550943415,116.09113801158617
2484.854315817316,-15685.412033120587,14381.568032592246,30156.125542195863,26832.19166206615,22814.086821889454,21350.693610563514,15251.992128223226,-188.4898103972393,-12873.290868706523,-13838.075111481669,-5905.362964573931,3580.983875368887,4013.415007617151,448.12718007964315
12799.194622992816,-35231.641631284685,2263.341490757844,33369.09931364722,35513.06272992344,31437.29829811264,28235.598175497384,15379.995829854412,-6881.979437334128,-19223.908091062323,-16708.579383093856,-3626.842941702166,7636.852444169938,5189.943216677768,471.07985192128
12663.83088034535,-21073.755428153236,-2750.1565363410186,22904.39190757775,29543.522423750546,28608.42251228178,25760.889133956705,10964.204912657164,-11097.20805738688,-20298.590597449303,-14838.421168107285,452.3464760207882,9049.877893107958,3774.2396233638497,-166.84522901403443
-680.7133638272353,-2919.41564292587,7647.192836983396,18964.800832087356,21869.632974663014,21764.248121873905,18783.41457770997,5198.54957270446,-11550.537919777245,-16546.987180088483,-10555.55451930772,1753.5839198360147,5884.124673099583,1035.0818569717676,-830.3430329079467
-8388.824545779551,-12163.859267953083,9075.87321503216,22150.107675014788,22147.668820435218,19549.933401415845,13707.28566379787,590.2112833252418,-10916.151070226755,-12860.725769219072,-8230.925261626757,-216.6219936376907,2334.05461356827,-92.05585815553138,-846.2423490758342
405.3335413335743,-23899.004016536262,1264.7650372365965,21854.71800969273,23725.37045907269,19970.279771638187,12053.336814044571,-1600.1224351175538,-10973.356515345034,-11615.295163478495,-7402.269907546911,-601.9422092674645,2066.1313223887614,500.9478815035744,-437.65941692636267
10917.239188591233,-21456.2004393199,-1627.9922570092783,18461.2375808186,21808.95288450895,19490.892244651848,12540.668644640919,-1459.9371111041426,-10965.907967892143,-10819.099510548196,-4722.945070120392,2326.403760018721,2907.128527592265,675.3686661090328,-216.94979618658044
8178.26611796147,-9919.388053298959,1659.4396211578992,14616.011096778302,17449.47576207415,17258.16900180639,12252.467404570638,-1379.3148670276123,-10486.7150496398,-8913.008115453153,-731.3277499811472,4373.46193874965,1738.6652350006934,-211.20771204546492,-299.01996345815184
-199.0971261282856,-917.4849849420856,8425.068090039324,13809.056318177245,14534.821315166508,14785.916213070026,9380.476118722889,-3776.877829905842,-10679.242052800784,-7453.346008550946,611.2852292643631,2720.670798759376,-237.53817569355874,-766.662262839368,-331.14647483563647
1976.3231579434266,-7079.757377321209,12263.206697497977,17737.933905981263,16288.68812553681,14212.571121834633,4910.154136917618,-8374.899854201823,-12268.18170161151,-8199.027095155712,-1837.6255307754093,201.16634616412676,-40.62224731304059,23.005845774762975,-64.60350559431286
15449.551403534073,-21497.06839745077,7494.335170674338,20608.17132954058,19853.68426578127,14891.478070373376,1016.0934831374991,-12389.86008730319,-13946.464658955034,-10068.773434222829,-4636.734036061027,553.8181677335847,2377.418987993596,1497.53267870729,383.22049151161775
26162.76138589277,-24721.56592210448,-227.15162812445837,17792.377966726952,20108.715611036016,14534.425574326027,-847.6906681757084,-13232.342183269127,-13663.14527328031,-10419.727755151378,-4483.4677740240695,3056.422607694405,4303.125436022087,2355.3318808052854,717.4943369430881
24901.176755102922,-14697.828024557155,-2436.290697423376,12496.682756440432,16551.684297299398,12330.95149183778,-1055.9821187840878,-11088.217272302192,-11089.169026199042,-8259.12258306213,-2224.9191799166147,4094.752087762323,3993.660681809737,2140.7994950063185,763.6586534970393
16934.843614537076,-4581.865888614424,519.604569343951,8844.823366682227,12081.487613529798,9085.091976443033,-1294.8059428568947,-8403.158365178057,-7753.0439102147375,-5105.276127835976,-1251.9872723877097,2284.878645608025,2412.731833394725,1395.3623919699025,557.2943571416017
13451.87944978702,-1346.727246174682,3115.87074625559,7667.366935983826,9827.85998019083,6687.373320236459,-2231.2737163820475,-6888.022887478195,-5167.4696352644505,-3513.9129815809124,-3126.623327920679,-26.902742373530714,1552.5598122798056,824.4257333726758,249.82743056407497
19489.58741684799,-5792.143197579618,3436.6045264872587,10575.653705923707,11990.685812496484,7030.1476304956395,-2814.2498893531592,-6371.809475571303,-4400.971001247017,-5204.262680803829,-5415.569087024476,310.1389274920423,2343.0680404239156,788.1984269348395,42.13558840234202
31223.71748656506,-15098.198581924247,6143.940090713169,16663.615478106716,15601.217163650701,8212.118416827421,-3636.3036217732106,-7520.497825127991,-7129.490329136381,-8997.556631715632,-3693.8176780580607,4010.0356428534633,4306.022331891261,1437.845775049502,142.03413098932185
42826.78650215436,-16032.74457742565,8347.241386248688,16858.144528474928,14763.880405493974,5691.572090084295,-8333.61523515736,-13039.475600812493,-13872.238232691587,-10318.909161671056,3651.8584127237723,9010.950715277033,6623.631794225937,2822.749896059641,566.7373283871818
51258.85530987851,-14981.619908002911,-716.7571364491779,13342.41104135496,14647.063353340123,1656.6156754824758,-17122.27205378595,-22450.592905669222,-20899.25117818249,-6178.2982657856255,12749.397885131186,12944.670963863964,8920.222687694304,4342.917816442237,900.3162902148002
51249.06789158284,-28812.81557876349,-6051.950826778338,20973.354305342236,22638.904425184017,1056.6130500245963,-25107.864407867404,-30370.113233763233,-24386.972695226825,-849.1030219321201,17881.825915442376,15036.179253430639,10428.809250797869,4285.722980527794,541.8680365116517
35177.1732929215,-40317.376334446606,3536.216800563972,34168.95641730387,30706.799927235632,-825.157651227018,-31565.60022259427,-34721.10284820192,-26655.11073631589,-1116.497691647587,17405.47723936401,15391.729104108315,9363.630723582086,1347.2910355126119,-489.9245528066999
8240.177272063902,-40636.56083382547,19884.718478041268,46891.93669452813,36597.98183948212,-5139.424184200159,-38116.684420831276,-38417.290517138434,-31041.6684561523,-5976.606439861767,14969.62355151357,14423.151621246823,5248.270191461178,-3030.046543834384,-1392.700085221683
-10135.841145729712,-16181.217523929035,41804.291446997784,55898.67268041236,43355.70644690351,-1724.239018482347,-38746.3362658025,-40351.778889721325,-33807.893116035455,-7025.832023202453,15323.02003055143,13566.12377355744,829.4753361935207,-5928.014506699787,-1614.7537581863753
-10053.032823400034,10038.059583094411,37407.12375606141,40089.33286176375,36776.21829145586,5887.094079656481,-29802.230664407867,-36287.361787750655,-29195.503955784174,293.3462240626172,19245.63610405027,14207.839399850458,-973.8810558067495,-6437.67519754476,-1413.3667183266534
763.0825216814694,-7273.962777993861,6299.30942981172,15487.636487050851,18458.284461758223,3362.7797343974457,-21313.932843917763,-28865.588263116802,-18801.504296511786,11379.48714278385,23278.57666082806,15719.2516878102,-362.0270331613506,-5669.344118699195,-1162.5376589118123
11173.055355244642,-33719.10364052066,-340.69216852393185,18716.274189519045,13647.274770344897,-5022.307610586915,-21074.210135426536,-23988.03547136409,-8583.351203619173,19270.802922628733,24162.91988122338,16308.754961153534,737.5959023115066,-4597.166011461202,-904.3259181168113
12741.472082692422,-29147.901389014893,22184.998767976303,38474.415695184056,24829.709818442323,-6796.726974781665,-23839.553398155196,-21770.248636996534,-1734.543491791006,21364.649308709344,21749.04408344788,15121.218665194108,991.7594842456764,-3693.850780830032,-658.8912224522808
1701.5567347756357,-4715.585523409375,38671.94616268469,45571.84527322505,33079.10410695619,-3431.413214287188,-24041.14974057522,-19909.603598170514,1247.037502163253,19089.971354189718,17830.14910850456,12344.997053724192,-127.63090006794732,-3276.0067364563397,-544.0647530060934
-14231.556824604355,11879.888869094037,36721.543129961115,38413.90396116794,31167.649379908926,-2128.20319596297,-22719.740389420524,-18541.91940633026,970.9500171880129,15256.271458944153,14044.910857862347,8403.517671109617,-2292.0663062752024,-3105.806686243225,-525.3605234756226
-22101.531423668504,14997.80441974344,27303.987355543682,28354.1976731145,24859.44860017663,-3551.598775141793,-21756.184829523016,-18291.47351434508,-489.22193553855595,12596.067006844465,11442.332084519503,4262.491670583995,-4241.87323850961,-2677.2515413391247,-469.77598925261395
-18573.80505774592,7058.981105050762,15053.694556691611,18393.222992644765,17142.118174909603,-6044.043234931084,-21308.14887305022,-18604.92981443153,-627.5059928434694,12681.324668523195,10712.566041410944,1263.464045136746,-5193.449503767209,-2080.44686993096,-406.4821721517812
-9581.278013170118,-11321.71221901219,3862.5167332992287,11690.777316584203,8375.9556455185,-10857.305812588116,-21971.268522709972,-18832.315338513723,1480.0690160149356,15022.585109663069,11622.350964431991,-267.8002858071028,-5494.278628571973,-1677.495350149526,-427.7249497091572
-2842.3597465725084,-27537.25703534157,5121.434236223703,15560.36876940364,3370.815104206595,-17557.787174068926,-24126.57624177282,-18516.97417236179,5023.363734062867,17673.707452604114,12920.985830148646,-930.8500123344326,-5519.748614303223,-1539.4190475218106,-517.8722041625639
-5364.98685721778,-25478.098023577964,20397.326280854537,28114.51521381231,6293.235862700281,-21694.245938417193,-26086.81356147944,-16958.942034366562,8611.787684194778,18957.098872969727,13619.61540743801,-1114.8213967029658,-5565.714360731905,-1782.9377547500067,-664.3183024873174
-18149.40474266363,-5960.12108931151,34829.60364484134,37455.27761626146,13333.714694503782,-20909.20869362842,-25567.858867048144,-13699.23803992308,11166.326351346783,18584.111126336782,13727.158316061857,-1401.4540256416753,-6200.797441641967,-2559.0790578869373,-908.0656008869024
-32398.519856562572,12387.837270205813,35935.733283629146,36165.152004556825,16251.994577657253,-17315.83535086984,-21518.637761959588,-8838.396519430866,12537.132453726237,17359.564881609538,13181.393871498509,-2698.8921841469364,-7207.837162716031,-3472.7668522548374,-1182.7595235152494
-38352.29975178899,15399.80473995511,25950.309773370343,26244.118258896106,12084.4075111224,-12473.550209278272,-14906.5807139453,-3383.1713669969554,13087.674138539312,15827.411572894189,11306.100273349246,-4595.953375990177,-7424.452087126592,-3827.243528484752,-1305.7971077733291
-35618.73530997862,6096.5013367991005,13223.363537398338,14440.442347442005,6667.271877156965,-7243.667753988272,-9087.78653945145,687.2748276387074,12905.103249987724,14016.894228221357,8302.797728419586,-5783.909952377924,-6567.1930054409595,-3529.2412964468913,-1229.5512869494974
-30673.30644917161,-2953.6775936164913,4860.832295161704,7755.343647685077,5356.955396482758,-4133.070797848139,-6994.003510291502,2219.898179583597,12612.444505781788,12666.666556443932,5098.58860993677,-6570.615810025347,-5690.850408852612,-3199.91824044067,-1137.6907299098225
-28678.13091303338,-2757.0104661948726,6227.170880256906,10394.728137009639,7727.787725518394,-5944.586149075973,-9985.045146891413,1290.6874621949514,13356.076386535351,12637.501158225243,1798.9857875013881,-8083.857034192564,-5733.270797925342,-3375.7858075297754,-1123.8469151791717
-28195.87960547921,6513.530605377077,21316.66492906187,23449.15219497982,10055.624738697627,-13755.64199007175,-17121.076332751385,120.3736095120253,16751.37960972927,14894.190095268805,-470.530186773975,-10187.519338423506,-6914.034653776401,-3671.729876099295,-858.4790114045995
-20453.75433773484,17957.641744959972,48314.78279763615,44998.393798632496,12006.242927832047,-25374.565472693288,-25820.11542309402,2849.2248601722767,25342.576444850547,21417.042764368674,141.58390176013268,-12530.189162767496,-8685.292283339291,-2750.6944792218537,67.89231121534363
-1569.2654107923436,13854.677673523704,71515.25089251739,63339.66546474953,5906.837643257669,-42007.11720048969,-36444.50371994097,7188.422927821113,36126.79001619652,29782.30181230996,1419.4912625460383,-14959.848877062817,-9483.250418325988,-1.3861118942512007,1314.3067510009605
13945.425373655391,-11918.528136865467,54378.03802770091,48573.28465284022,-13344.700313774114,-51941.40120082677,-41897.99251494306,7494.802619103928,39494.97258987521,31936.56901657329,-634.1839311071168,-16215.715580032496,-8234.703818440952,2799.828134016763,1902.2009017703026
10730.34686885454,-11122.172737412731,20978.22239041062,18951.7747329789,-18747.732771574927,-39614.13996232858,-33152.20687833305,6309.861831075358,33297.09520628381,25620.681231560247,-5224.468901228711,-15356.367077048659,-6141.850930325847,3473.422632601572,1505.4609244361677
-2814.5755985836586,4440.204953832249,10724.59614738707,10193.225685612422,-5271.831020099952,-19813.005336357834,-18507.767522771468,7557.4088413257905,25121.765051086375,17112.015455746674,-8934.299809040867,-13597.08212975044,-4977.742703269255,2495.5246109626737,821.8567029402802
-9524.845700768516,7708.351879461207,13883.853258572211,15917.123946690785,6555.315775614862,-9759.694667221433,-8697.631154458464,10378.095087079499,20156.638874397635,11328.858590201246,-10627.0716631481,-12336.457810587515,-4617.835313067762,1726.3231174271318,457.97249727121664
-7029.8690873202395,9435.929076003504,20659.064563634947,23381.01455354289,8849.649321966775,-9803.52505004457,-4941.422749943299,13145.377828091912,18081.591514924905,8306.416295939183,-10722.242017250357,-11215.256303866401,-3958.948652387682,1596.4717386022219,327.6661870213087
-353.84873050491217,12910.111613557932,27736.18459094328,26674.977816217088,3457.987765949721,-14381.930226689066,-5014.305002641746,14452.31072769228,16939.531717597292,6698.112890288684,-9517.288605931575,-9431.341530838383,-2627.5874890036807,1573.0150715886032,213.9944819268424
8968.879816450426,10289.03971665996,29564.846677470596,24264.7858625873,-3255.1123648503544,-17348.85432148872,-5313.9670861879185,14455.439076364388,15810.120938941142,6049.5238112008365,-7440.587884217435,-7029.639697517454,-587.8700883171065,1642.9978901452027,157.1955888770812
17002.05420691076,3056.820531744897,25680.02114119361,19044.97966456825,-7946.239242837878,-18091.24364107372,-4603.930060154166,14317.6886528208,14919.161374922138,5915.066603143204,-5548.58947024493,-4567.582039934794,1958.0962206788472,1855.7990564271058,207.59576215114282
18390.69450182552,-5788.311489519022,16049.05261273734,10012.304685770989,-13202.851398493036,-19085.937974926597,-5354.448576841281,13025.448659501806,13633.478639644341,4551.771506151094,-5211.963766876136,-2969.70064044541,3871.6474376784386,1960.822125040549,332.3022426504485
14875.42914942683,-6989.919380417641,5468.671542972218,343.4271828837044,-15688.466370498387,-18264.2782514325,-7490.866226995992,9630.891156080743,10809.397995055731,647.7230892670816,-6854.105728456026,-3085.5129754456516,4263.024735234595,2031.5174296037399,540.0617842808515
11867.911702404346,1433.3232583812965,4763.505483419832,-231.96859421069928,-11797.49014708443,-14774.592468967976,-7919.127097668682,6314.143993126152,7059.7349522343375,-4539.747927010643,-9353.05882190975,-4527.346604734722,3808.3028363914036,2314.6032482050587,822.0609080354463
10118.228285569785,8083.457737998647,11051.554290866574,6537.392179949164,-7090.456490365146,-12229.367376882816,-5813.548200868984,5297.640726053786,4180.288121577945,-8523.429937217277,-11179.267570959173,-5697.879590458674,3677.967758133517,2650.1944512968103,1081.1768322154223
7252.272247118452,10300.731495204296,16606.56215478769,12624.282059994688,-5606.343572360812,-11510.303709160284,-2741.4128301093406,6097.139016495693,3081.1718478634643,-10087.517189892502,-11601.812792123335,-5372.4380081507325,3920.07908258362,2619.7574224739515,1201.2968139554487
5416.912916264916,10310.132022284368,20076.03984185064,15251.510671841104,-5868.232443296007,-11038.3899134301,-131.36990641227624,7668.54553557863,3574.6987001880702,-9701.692788397362,-10857.29671669181,-4040.165930296296,3792.8202864320774,2192.069281850318,1152.0198535263876
9614.674709836818,8878.105274595137,21282.69291740987,14477.040277335285,-6931.415725394654,-10640.312115207911,1962.94656285661,9533.759881251142,4716.725479761936,-8546.224632135349,-9742.059142368385,-2880.233422035089,3348.834382656624,1804.8191744833396,1015.1905508101427
17447.317918175933,6431.164302893522,20000.989148968754,11824.554070811548,-7319.133037649324,-9366.824878513766,3908.88672749741,10812.93604302099,5760.057633113683,-7030.347257688927,-8288.988169576845,-1445.7603351389387,3165.311826429189,1611.8337944468794,904.1450080345755
20999.515088341286,5305.614476963123,16299.473395655568,8709.22295046224,-6493.644672711389,-7417.897483657491,6089.586972492001,12412.147282176014,7880.011733602445,-3926.392388690649,-5118.826451838924,1442.7042902583473,2989.104405928039,1385.3733054448157,932.0263008308591
20988.218567346543,2720.4729051186805,13742.250294965701,7502.2215045955645,-6516.766275654616,-5931.424539011228,10933.266198443462,16078.821873717454,12106.106549836435,974.582669746665,-258.4047011100523,5123.620337576108,2728.2204924767084,1448.3584687496327,1192.7282378911307
25160.72007331243,4351.769774716095,19448.643027540882,12171.378157746147,-6053.848401763289,-3891.2565279653836,17546.265928219636,20586.016878511324,16619.240916612143,4365.250452329005,3158.3304979271106,8050.588788606522,3441.803697707075,2431.9191309560993,1503.2322934371587
30252.663372371073,16766.229470231996,30062.340568738386,20277.60849141982,-4423.962186629509,-2124.0780368626383,21995.66129198095,24203.561046262497,18751.321330885425,3091.7059862784313,2683.620592535695,9564.426792021482,5391.3204043638225,3692.6287744431856,1386.8121512333025
25007.594298026666,31934.83326223952,36857.170936969815,28176.943853858556,304.17857098468585,1195.5709901593038,23397.210753893018,24765.526023288923,17015.54688687641,-1188.7114940982233,-35.660673611544524,9520.336242292316,6779.447610198478,3697.6117983992576,786.5985278878978
12212.422182360813,28194.09405061524,27696.495129742787,26045.134289191,5777.9045240706155,5347.608854287941,18833.494671207176,18782.57143480149,11085.300099254091,-4299.482935210252,-1774.2909949671593,7705.224771461484,5839.19185967212,2361.4398704818564,322.636196490812
4425.635349346449,12033.56152030461,14659.051667346404,13344.52463844831,2236.9712631504076,2340.7933670171547,8458.802669263852,8857.924009681583,2884.259345065427,-5305.448278177329,-2275.465936283676,4316.987832211317,3084.992597683758,1057.3891209061742,381.2333011539528
3348.1925399843385,7043.950725676266,11212.591605278823,5245.48645315947,-4562.456662137108,-3679.2005590665785,1834.6767008115346,2946.339457959526,-2991.129300182872,-5759.028933117171,-3046.8857875961403,1013.261026564811,632.332529913719,483.3268067212077,619.6714191087523
3019.7029673416855,3260.222740379138,7831.416062318943,718.4275092232994,-7253.165789954977,-5575.187305985058,936.4058639164499,1869.9651784284147,-4386.353651452202,-5835.990063617333,-3591.27848200134,-80.053104249493,-92.73687937227567,285.5588262978086,614.2533460182825
2903.0765740695942,479.4073523093095,5277.3424896475635,-3142.4179429742426,-9551.305575461107,-7042.073534821986,660.7880053233342,1911.8362144990901,-3736.0857658814957,-5275.822964103193,-2682.600421828446,1119.2810661487688,622.0062133755465,173.91708778305565,386.1918383582212
5217.200398479967,-3368.1431830746046,2712.027300854546,-5548.452388031607,-12356.013055525807,-9254.467651745297,1287.911993700492,2698.7293011479815,-3289.4859766734116,-4678.5213084365105,-945.6573332202039,2761.1608557545615,1607.399692537762,154.63197573050564,174.25016911960807
6913.790088600083,-7605.1033618969595,1030.3531230626447,-6775.141289135916,-13849.511930957346,-9795.466675003674,3198.4923369840008,3831.228864469866,-3572.778593702724,-4596.178668718874,39.765632899800664,3372.8374617797945,1987.6487307715477,149.90574542907962,77.92419585203618
2143.2157956480637,-7444.898230265805,1812.9507584647056,-6750.97606674955,-13761.053694581591,-9121.53724680728,4238.394855349928,3758.0037701333404,-4693.98759801815,-5020.871298652296,-282.36515244148734,2850.843601326715,1589.907022630965,9.570242791872147,16.67920147401884
-8072.884514377308,-3879.352342366986,4097.33965386524,-5588.808324411539,-12839.045042654745,-8085.73115291402,4369.686000963019,2740.9276805273485,-5841.861875269327,-5304.292039573344,-1077.397166341643,1816.5269758219724,750.613955864085,-248.31685881798148,-98.66911113868295
-14863.760515841506,1371.9590994050604,6569.54655081873,-2231.4657463096974,-9796.874229589966,-5399.35197452889,4841.870883549203,2241.7826822401616,-5564.2320714537,-4565.786280188211,-1126.1182109262897,968.1307138958779,136.63422593077414,-342.4817720056552,-227.53263073885296
-13602.419941268961,3652.0709935274026,6177.5132845152475,1372.515035627145,-4698.981819061331,-1506.3447401229598,5298.99784737678,2694.9167169177754,-3613.2750716789965,-2628.6214485726778,34.07591518997117,803.7855872961688,378.1833414944343,-112.83495682162379,-293.5805744778542
-8092.354485435806,3841.7737383866374,4774.170132538744,2625.431007174272,-1201.5143026612645,699.9844584450143,4945.372522570248,3191.5010777694897,-1487.455387302968,-418.40269909200185,1601.8731715197307,1176.6163015842296,1206.4005541055853,222.73201432160857,-302.1857386836656
-1922.554890720807,5563.500550054572,5326.280564434535,2771.1951930992623,-842.7727189089234,718.4710122185043,4420.746595986246,3132.0778746798637,-623.1005932647188,736.7534399920825,2226.5729456708605,1255.7895542376405,1639.8661373142597,500.14690125185507,-288.9199500487282
3682.1763405896863,5937.263644420155,5626.114979030486,2016.125434059617,-1837.0893000703904,424.21126940769994,4348.679132671161,2878.97743721274,-1061.4361688835663,256.9587108559766,1484.518711384747,557.716833648065,1217.3025393033215,678.1264016021278,-324.2244190423387
6105.872259851145,4367.996690961003,4789.842659924098,-342.8648185018901,-3036.2178024605228,307.9883730462992,4255.687491969433,2618.2001611985975,-2098.0664647611975,-1228.2560000094338,338.5698333025816,-390.76207866934135,233.496002454696,555.8756738660526,-507.47918519682304
3905.0270868712596,2146.3542481745026,3675.3853119198307,-2264.4803025820115,-3889.3955832997376,358.69611679580214,4270.56895347892,2346.5191917835014,-3044.734371710483,-2435.965400363817,-47.85797453678896,-785.2154908101375,-690.4313913117849,75.95643166676803,-784.7822504357334
939.7696217516166,1215.2342375884216,3935.2297811941867,-1401.545415802613,-3599.068142386384,1431.757600916912,4852.817566560453,2269.2522642276085,-3028.305310840602,-2198.99144663745,534.8699576040187,-302.3217985474968,-865.2849399150591,-355.4920594349858,-920.0546426963759
1372.7987513863588,3989.9332211115525,6043.402469430376,1646.204069100563,-1334.8545949462823,3488.3481801813805,5058.92102502712,2765.10540247571,-1290.7054683467295,-351.16225971192534,1532.386964272799,828.4186818365631,-230.2794921634179,-375.1240893443558,-818.0323455336976
3019.8200522116244,6231.521235848818,6509.095349690362,5062.5582518948,2441.9299661365403,5325.143502665069,4510.001279545091,3508.3588684616775,729.0271368786289,1320.6409940774774,1987.4995543366015,1628.8421413790584,362.57913317401824,-197.28754798465343,-686.517160816125
2382.640161992984,3981.7209692781835,3848.7790508441203,4469.24274326334,3196.115328820432,3844.1373782863548,2183.9898407998653,2324.7585844386376,1262.9027095405722,1120.2980540970282,1019.7597929001918,1205.6025361721684,512.9683896585148,-126.70668132932437,-705.6967066017797
172.7702795822144,-1341.43110746428,-1148.7373379065411,2051.7317064347626,2959.029171382424,673.7690618518578,-1460.6650705477377,575.9853557671695,1750.0570894887064,209.45148113930347,-636.8438807406357,331.65974376572694,695.4188623973616,-134.80737310478335,-810.0552765124165
-2583.0422552103373,-573.6757584840016,-879.9636514617683,2289.1878991265444,3252.797145836481,-179.690502928713,-2790.62579037229,191.41098593426466,2117.4359662310703,-489.96749927994273,-1594.6915399977534,-88.55275137674221,766.4019444261273,-306.10821574796233,-881.0258938861855
-4848.90445061234,391.75151351590125,376.91988634204546,1604.1732133985417,2030.7615941869878,-765.3982775800778,-3020.6550630039337,-436.50964907030703,1431.614926121438,-1444.6796382756074,-1936.0017786716346,-404.5104916384923,330.3555137714594,-702.6278546951067,-866.363018205421
-4589.612601035043,460.22733515526244,1148.1061752302958,913.8521443256186,996.605209564274,-654.9546435203886,-2559.4626300951863,-416.08433608501497,1144.1432935987423,-1796.546942914093,-1937.8445772931225,-466.896613864309,-17.94435129523606,-950.1283709167947,-780.9907305488405
-2403.3062076817514,-229.7730103141472,804.7910874651292,69.79172458879488,-78.37355060604712,-95.78055916102176,-1257.9625274951618,255.50025074715978,1470.6346943109684,-1148.2839151132976,-1571.353924743561,182.6132399240085,306.54393332964804,-852.3838818513289,-702.2327761089647
-126.6714956843476,59.832029863085296,713.0464320325983,204.56842169958216,-464.46921185866626,52.20727399035246,-537.9553827398172,299.2012737604753,1543.1936282363229,-662.1178970268693,-1347.4738375678285,1013.7630462837204,910.3799254394683,-730.9650381873694,-660.1670042236066
1664.2817687510624,1130.5228936262104,1622.6236938018596,154.2290133914674,-821.8095694642553,-1.6756954069917924,-464.4243602195576,-358.07016955887025,952.3048794704126,-989.24141158054,-1544.6060522607568,1273.2431853681546,1132.444977444762,-815.557476472489,-594.3394976244151
1463.839729265364,2400.9732864065295,2729.7559419923173,-1426.649719444666,-2238.1187489797535,35.20803637326185,-257.84296775488605,-1460.4022809561675,-430.69634341379174,-1524.2439762259958,-1627.7102441399832,842.1202625077966,761.1960905148053,-972.2563343482418,-466.0062169711117
-1476.4102066062999,4206.469613854584,4408.434966289007,-3811.3608368668692,-4370.600718657873,1283.9897718407315,1200.7058520636176,-2692.723384042571,-2261.217944347802,-1168.8991989466742,-907.1310242157331,-39.45477320013197,-75.2566166654274,-1010.1980879160832,-301.1381271793807
-2630.6851283114565,9160.55070681921,8889.464872509103,-6007.6347014059,-6558.001598460472,4667.901408380558,4378.613508120263,-3995.3395347755595,-3882.004371847696,569.3360359603504,631.4886281341567,-1102.3070149478867,-1059.5064073467743,-790.0425438876705,-104.0268864917065
1897.6435529714174,14173.912697323623,13083.171304391275,-9206.783446015308,-9093.571611139441,7860.865369771366,6975.314999619111,-5474.113939491233,-4688.19434964306,2722.355338465579,2096.3614972474506,-1833.1668377770561,-1562.3117984220369,-328.15060161643686,110.83059842181592
7292.967843406242,11197.522347327415,10496.651588724904,-11063.482267117291,-9888.495555797903,7734.5435563342235,6472.442418145856,-5944.731080407397,-4136.912539555078,3674.330333938359,2554.9130199341307,-1594.2147019258496,-1165.882627982485,-14.389721666144283,248.54094318777328
7385.186710779403,6162.46535513437,6043.6657102267,-7970.868108035935,-6855.952005386849,5745.793956730139,4412.236583753621,-4448.543021743565,-2501.7570629102343,3046.5558236365778,2086.4169634791074,-523.0574927583816,-357.1129535334247,-102.55388452043087,292.52765322092876
4172.6375782271,3533.100816091411,3555.3698480234652,-4172.036194182547,-3468.3672453364325,3942.6939507948528,2720.077412749579,-2548.6908400826833,-1202.0605748362368,1667.0387347887213,1319.9590142849518,349.64463616262674,103.86373563294495,-270.11076374426744,365.1475527808543
2729.4164249410037,1826.552451490125,1951.491532243177,-2255.346189284429,-1759.7017365611161,2399.2241704265543,1319.372764541662,-1583.084468188862,-1065.8206133503043,274.37793911343766,506.1720646140079,351.9873885977371,45.00905547377323,-229.02981810734116,507.2682598286947
2883.160036515292,825.3635911897794,1205.0003774102825,-1319.7682877855084,-785.9893145401709,1411.0365326409096,437.2540398318773,-1133.581153750505,-1412.526319526785,-707.652537702149,-242.34560773808562,-110.0671062141385,-284.9850153144796,-154.27793497006456,610.1584766697842
1446.5818223049505,88.53567381617637,514.0873643088264,-844.5506253408928,-371.72619681179935,953.0273851434179,278.613479985667,-732.3550028604268,-1352.7056727345341,-1067.3237206070644,-607.9987103070536,-298.67336584826586,-614.7031238785326,-268.23546597255756,613.1461802077423
-964.5896952969563,-229.41592000682036,128.8105864899176,-499.21203202197273,-166.349813881128,1057.565558101995,687.1005273034616,-294.1880762609857,-777.6939173724593,-794.7548123850138,-339.50439684387595,-8.368428099720461,-672.1602779688212,-414.5579820389836,619.8337929049713
-447.959187186982,162.8170022065636,583.072318264078,-647.6096917198902,32.406592472587235,2015.3907365390264,1567.7046695753363,-19.85796574910944,141.9885449375654,267.3180403941318,575.048648928714,524.1355182930021,-228.96300894819382,-247.4972392221655,748.1587577760785
3106.613833363135,2133.780943102749,2321.662094769009,-1450.2254061492117,493.3511408428833,4108.000894982508,2994.1565841615843,186.28785355714172,1376.4876778113853,1788.0047735818966,1588.175496527357,903.1638806531901,428.42905486954794,215.68460461710683,912.6009185042576
4817.5223903047345,5648.197611706157,4920.28761984545,-1281.5135523527301,1496.8645149575884,5509.484262685438,3737.1306199889787,247.25119941615708,1920.7707835371,2472.227517618085,1655.6524532070334,641.32182513263,608.5776385580868,537.006194500904,915.6981052660167
3719.939991353051,6644.866672221142,5438.789152420313,-882.7499863981451,1723.0802212127326,5189.476013105448,3266.436953498166,-27.163697959610715,1587.1902280218835,2237.340671981467,968.3449122514237,8.216572291886848,379.3682275087591,557.741724081273,791.9824666643889
4209.130323791502,4527.491396749325,4045.0416994156426,339.8280419843947,2081.982324972904,4037.0815232636405,3150.4562233546894,763.1253171898894,1629.6345269555527,1915.2187436056797,853.0059557434988,1.044034744133981,399.934546315033,617.7191555798776,748.3129842337308
5556.325912597238,117.5749486301842,-120.19038026263163,-965.3045394162688,-34.449536581588745,1191.600128741876,1765.1249605199255,1154.9440655512913,873.3592280997668,1047.9656732143847,874.4970307860925,284.574435464349,465.06712450728537,757.1469592507075,770.0579587134728
3463.281803977473,-876.8559768169179,-1649.151808268804,-2709.0866442788147,-2249.5973683267885,-586.8895898950761,-427.4970359395337,-365.3945454762469,-880.9338313357043,-315.1624021738322,-188.05492503836183,-351.65967028044406,-17.664002283350214,604.3188690575888,711.5785933620549
-407.0594005082244,-1033.526880370434,-1521.8866233990946,-1889.2463132412988,-2075.9148378167356,-924.6137066411918,-946.6512059476731,-1264.834604150004,-1765.347720320689,-1247.858630759818,-1531.953778478438,-1521.8171446119543,-804.3431755943178,207.45790109545587,604.1425770887666
-2163.637005600059,-233.59365474931627,-995.3642136168344,-1309.0907854108195,-1383.6685070316569,-864.5349509694812,-216.70237492722322,-645.3099768687653,-1449.5771493582374,-1322.8827533813155,-1721.8295840443802,-1955.4079717954435,-1282.5094241353827,15.6117596061967,539.3473865785925
-1757.8921209190057,324.0180631458181,-277.96700436089833,-975.0679182273212,-785.5705935047861,-389.65519221789117,588.2716356314879,275.63355955445763,-409.90845642174145,-481.34584384055,-726.7904850857213,-1397.2002754843452,-1256.7530720170535,168.29493792019434,489.6000977112209
-477.88459765410954,487.7699104816138,172.94122391650635,-492.4351473708693,-594.7322948203923,5.069832421294336,916.0315870621124,811.1026478286257,886.7534911170889,902.0102793624351,522.8078055485548,-504.98728709201225,-921.5482430895042,415.6834358934491,391.8393849923699
1305.5013685922142,426.15437222671767,187.95828817834075,-557.6857580519154,-667.9295502039566,324.0830112320954,789.240426896441,933.1414808801087,1841.6707996744994,2083.9383046238995,1275.6192091048997,103.02838729961206,-531.9521907739583,526.9878866710119,241.66048155170262
2911.2896414456995,270.7482930142223,-58.014795064819666,-1212.8883223161126,-612.4965647448275,750.1494723906923,301.3515343307182,592.9232033024681,2096.522904637946,2569.1519099254842,1359.3282846415884,292.8271103936632,-188.7566211530248,484.50745433770237,67.8611040934369
2573.8181614867876,477.59242694711907,-180.62135446802213,-2011.7854801647402,-494.26320172630335,1129.7210895325043,-660.6021653736764,-344.88113388877804,1757.5134563640381,2345.5336299182054,947.7334764817379,248.39391648897697,130.5556471116529,355.36165366912667,-114.71960137752151
-1375.3079336331273,1093.5536022135157,-100.76410470460256,-2852.3467749785145,-506.6507233902805,1261.178992266548,-2140.286673706132,-1800.312904481265,1016.9648969296347,1562.8846256915867,211.08536498533937,48.85208897693337,330.87436022018716,118.91295469638305,-310.7044221166604
-7850.158701301753,1925.576140111382,43.214799567168754,-3864.4477156210346,-869.560232755777,875.6101201853444,-3967.0361529410493,-3459.0605109782787,19.993930147234664,407.97947500911334,-746.2334618182547,-373.5508180365457,208.31587069619084,-201.25096427759615,-500.68499756303663
-13096.354796436852,3207.5915152881403,580.3946398019003,-4662.351920028237,-1085.8463692911794,442.487699217243,-5214.495599256645,-4520.973099488995,-641.3107059322499,-558.1619518838421,-1527.8573419933314,-688.3040784463639,-12.669761187947223,-388.395686877893,-640.4247215605519
-13936.113833199934,3065.546956211813,695.6995067286807,-4324.845481894364,-787.9224667502774,353.9607257204482,-4796.496994763781,-4110.027385578236,-494.8488288671796,-541.2739591811846,-1424.0041596726899,-232.04866244620263,260.5090046398238,-310.57506625667315,-706.3580831855456
-8977.055892005314,1002.6672558321757,-1027.8803042895531,-4328.033705325401,-1296.998769935524,-333.3820993300128,-3415.9407931664355,-2782.869567715847,-81.35751364726582,413.60664275389206,-343.44770830062475,846.0303457613445,1008.0084956181448,1.8358617691036443,-673.6032719091563
-46.747713283664886,-248.4332902885181,-2433.068830252728,-4626.711516231099,-2015.1923149597374,-1210.3396385391757,-2461.0573977488916,-1994.6082234035412,-93.37498333761363,1123.4782103841183,756.7951528943846,1473.673368058327,1546.3741151300233,453.06758323795077,-570.3048176939848
6201.8218474556,-1480.4492638261904,-2610.9237014827227,-3762.862687786758,-1731.6890164003632,-1214.764017741019,-2256.8044426448564,-2102.904160999231,-303.9023481482536,778.1487245587032,768.5324748813531,1111.158357351996,1396.091212805576,674.7515491621398,-562.5653289515502
4146.435327333512,-1288.3881634458132,-1580.7949066614017,-2547.5465447918828,-526.7990996918182,-207.8184327455669,-2637.4761371011246,-2427.8836796191654,167.7789351464949,-466.2717940208776,-637.9643428080083,423.2040621331507,669.8411747511451,258.61608383583405,-745.8049026097397
-2375.7404577965945,4392.015957994829,2228.9374546334025,-2082.0788809463165,2276.0521866429217,1994.3198814817476,-4134.300343162248,-2741.541653063799,1512.102703981818,-2227.2605087945212,-2664.010820295789,391.69265726924414,-50.31110729321409,-598.5662152567395,-919.2195229261018
-4125.410435668104,11381.430147400211,3446.916051374793,-5352.139478853579,3919.6386048470977,2960.9632029618706,-7004.682613300143,-3424.771220746729,2488.3305080755813,-3923.2444935046906,-3955.6426427900237,1058.2624002317098,-252.2831283249988,-1145.702410790855,-840.7250693966668
-92.90546890810555,6578.481808831432,-2822.665046456404,-9870.081807281565,781.9926313130104,203.59527984482276,-8888.072171497912,-4343.399551723762,1700.6848186048578,-4710.972864396737,-3910.422444462336,1381.9396713849799,-39.987049564102904,-975.3810507520507,-621.3895772934922
2465.3881298235524,-1434.8040734524034,-5567.663245318142,-7880.738492312724,-2576.115918772503,-2546.893515298868,-7187.359087024546,-4393.178181469975,-159.12875435254398,-4165.254546240517,-3131.9365404082696,737.6692565247556,130.0279558385713,-530.3263080827177,-539.4405437073522
1646.9054803926185,-876.754774740932,-1992.3896534452915,-3004.5382848939475,-1827.6076204335504,-1954.070534875816,-4027.6102011647085,-3383.664736550084,-1228.3989859209478,-3119.563509610241,-2563.000424968405,-166.90942484668702,30.36356094764551,-415.35205146979024,-589.5741247534849
1149.4639424540119,1990.7442531195215,445.119239521429,-1220.0791129085164,876.9269507074405,149.2373468238896,-2285.7578527917112,-2190.953653215609,-1187.86942876484,-2669.452408470866,-2566.9669198357574,-612.2170315938481,-368.49820864111234,-684.8524246933518,-593.4744841865033
676.0834676782276,3996.2740133981015,859.5941971725852,-1938.6843488013385,3947.8877820401876,2526.1347741979034,-1674.9515848009123,-505.5458629383347,-197.22928599977269,-2506.403404892746,-2675.3350224559504,-783.0000848993402,-920.0767364666294,-1029.7167495197648,-537.0104829941586
-2180.6524917497095,6788.8958985539175,2513.2632690509126,-1741.2505524618925,5969.120953737064,4100.344143239945,-1590.1740494740618,1606.6350534757225,1550.68516856808,-2192.250276532387,-2324.4732204630263,-830.0921156756094,-1178.5464892161058,-1173.6249563514345,-492.0452693723854
-6119.814359490253,8949.58902200876,5593.301603135765,1010.454217576305,6943.09937711761,5077.8709015836,-967.5183617940205,3203.5633478127,2914.977211369943,-2044.0968537429872,-1691.4781802927118,-618.3229167628178,-1012.040564238114,-1084.470020045825,-432.95353072654945
-8478.527230647773,7217.133677004907,6241.075589127832,3298.803936954366,6872.000103366223,5876.057885313624,477.0845183065328,4275.215298887869,3596.857574838113,-1886.7343494666163,-1116.7349162258365,-292.5220900296991,-851.5374947920836,-967.3566116961761,-319.3546991251189
-8792.574722807489,4743.423610963837,4836.735123306902,3845.94366355207,5871.192437356752,6195.5675083636725,2023.2024075469747,5205.5940804952925,4277.968192025033,-1346.4537767182978,-426.93736311624235,66.89794096231695,-873.8243142818867,-931.9391791830124,-188.2775637115537
-7179.329949462229,4445.636524202885,4059.885876918411,3947.2188827987234,5392.46877662818,6655.709678073859,3548.793818083255,6171.708271109032,5257.059695613816,-383.4206298456868,729.9640206635216,771.4149442131763,-751.7515385909447,-813.9844384584877,-70.4082682713884
-2702.8178424636967,6202.624974979347,5701.532277460164,5121.573930493293,6429.00819880633,7859.299622262879,5223.616803950531,7240.1566207953365,6510.899572095727,1041.7931360422467,2407.1962526139723,1997.5716192368504,-232.71569457325143,-471.98668039819836,48.276929260929045
4801.645268311339,9034.91886305967,9838.6235638332,8104.21814610608,9109.43786162726,9965.586809515044,6950.717881943698,8371.227057280532,7840.200545076406,2732.375912007996,4150.181017493728,3380.720266248316,573.9260774814985,-41.49876282694413,172.97919370424694
12981.247616948469,13477.854143046865,14211.876214124855,11128.93283136012,12620.107983783799,12077.285563067491,8003.368306640828,9264.130713137425,8706.932314640875,4082.3696770972592,5265.338011198311,4369.0402894413855,1374.243312796761,277.1568524862297,307.695128894378
17922.26266131758,17010.54899737438,13929.570065043818,10427.615330743301,14608.346966503555,12171.485105714235,7481.809677789125,9334.235957248882,8539.683102297498,4521.975612675281,5470.999957012364,4746.751241468952,1959.6865881029876,427.11859839120825,454.4518580724233
17807.240930023265,13852.359709619552,7480.612671634189,5426.213479272557,12796.537405204346,9063.0620515137,5056.170319443018,8155.800046851165,7183.552672105364,3946.6042677984165,5016.565782811231,4567.055051827404,2187.585001585926,381.41619482382873,582.2505032379825
15551.768392858552,5853.454040640191,459.6849570770438,-81.87675324705918,7599.936414001754,3903.240905384955,1450.4055103352268,6078.117117050408,5015.877379922079,2640.7556103609504,4248.9984790780245,3933.7597966979833,1930.779475651526,239.3835015254499,687.4465687407278
15554.166341415556,846.0027400170278,-2150.321879488582,-2806.594120861933,2382.67198841255,-650.8632206874743,-1890.9797465604336,3818.0303547536823,2496.927055041422,858.122485536189,3638.5564210846533,3174.2561340003303,1394.0682143187162,290.5129547346637,820.4660222635925
18549.342516263758,251.19780945351593,-2202.513705638719,-3674.6303971574284,-829.8031415571236,-3801.5170743402155,-4672.845749228818,1984.680376050524,-80.76234211141656,-1141.5708566294495,3558.869943052442,2525.8903742079465,896.5051743992221,636.3107889085692,982.681927339325
20057.562970790546,-2173.8219475835576,-5647.088546892611,-6849.135078327476,-2610.396906618607,-6817.619220113787,-7451.271900540861,729.7777335645012,-2832.5940568122746,-3386.1300090711543,3383.049103153294,1392.7241899314033,149.1875498976229,999.814787702524,1039.266164026237
12240.193658276816,-8427.787934439642,-14317.043188361109,-13946.007290019781,-4678.122262551797,-11168.025358721834,-11002.634928132766,-1049.6384928934083,-6522.883034828226,-6486.197553319904,1807.2191628985654,-1141.896931284325,-1444.9179000054303,866.2057158314096,787.3022947109148
-7426.086610958301,-13662.130504505609,-24592.31982058199,-22710.157045625085,-8022.609032515519,-17109.939618011173,-15658.513874155129,-4079.793596087542,-11019.339809158077,-10217.01649055185,-1597.5865438757403,-4635.539443574781,-3653.3937000067585,-145.22212959272218,254.57355268759665
-26627.570767485966,-10245.60806207049,-28629.653698544025,-26529.23792533427,-9219.764707287164,-20943.915611243734,-18860.10573705353,-6995.995308203041,-14191.924031320781,-12780.973434462405,-5460.911349750533,-6963.571921555926,-5214.2379764491025,-1618.093513988458,-130.7840646293281
-29961.95286833852,-549.7058028253742,-20884.052472261996,-20372.352626938813,-5731.186189686073,-18798.923311578685,-17523.101049346464,-7683.55044556706,-13998.156968785468,-12626.660877277829,-7522.779719172943,-6640.106000802764,-5180.417902496025,-2438.473802266566,-29.709839808920833
-20263.13081955241,3411.338339703284,-8784.763428460788,-9760.055028921319,-1017.6589653593444,-12421.301916711562,-12436.316248032357,-5805.182284637432,-10931.830213470716,-10177.590647692388,-6915.318628965615,-4680.237344222697,-4030.7150030181037,-2106.5616329240793,316.5603601070435
-11703.980084902509,1324.4259359355465,-2815.742809611735,-3732.168280016234,773.6598338355947,-7030.617032656168,-7484.5068159247385,-3338.185832255787,-7383.329227095257,-7241.4964432628985,-4949.786259385522,-3028.729713955392,-2902.129891884688,-1272.1231634504861,498.19604901719197
-9767.272496047655,1207.9234372596668,-2544.152143435913,-3184.5704982532257,322.0206240525397,-5272.913526261873,-5242.657935809158,-2097.8744537456164,-5168.941386449989,-5227.941354599122,-3275.6941321859176,-2337.9792494813087,-2283.0349733441158,-660.285828638417,466.6182717511696
-11162.886277223619,3291.0852574586493,-3750.070683837604,-4366.879463713385,-100.83823038254167,-5958.176569682351,-5144.176083380659,-2026.5299130103267,-4414.72877013247,-4238.88056215339,-2250.596923784287,-2129.2433876989858,-1894.4539489728245,-303.3473189177606,373.3931528238928
-11997.56686198974,3893.348536217218,-5686.218287992082,-5492.062112651871,133.88438519165342,-6963.675462186513,-5459.748025410531,-2160.9756342831024,-4485.5676144020135,-3681.4891129714174,-1408.9352475002656,-1854.3884432921,-1301.6542853846795,77.32224670535396,294.9127262827956
-9461.507199523283,2550.81596355017,-8167.9309220577015,-6254.520103541427,552.8335132364185,-7032.033701115806,-5064.295541821427,-1752.9290704350765,-4781.722113261955,-2976.9610312871273,-431.3405100291541,-1303.197545615269,-462.8927252628265,531.9996088664682,247.58394831034255
-2907.6611513595285,1462.9235561656553,-9224.054344245009,-6123.364974182793,628.1335331578337,-6481.456292193014,-4154.772241457929,-730.3804685898087,-4637.7460010327295,-1592.940791275766,779.3516165369855,-570.8973716498008,229.07030578708225,849.5993966873976,212.59707652945326
4680.038349390103,1359.9172839226442,-7785.5067335540525,-5074.7943232054,423.9890982223329,-6139.136265051758,-3189.047770229081,638.3549908699099,-3700.5474122357614,489.4633216021607,2189.7987018435974,201.70315233604953,585.1721823269244,910.7459325404778,117.60609659455488
9741.476056340452,946.0455059839571,-5828.353010248704,-4328.127303273461,302.3995533573877,-6007.495718842876,-1898.9890320798972,2185.245441729287,-2309.022529007008,2597.9543708353804,3578.7582481855757,1010.1564735793473,906.2138995035218,886.0382991570323,-64.27101878727566
12124.854782993016,-347.26344261633596,-5318.885119469863,-4335.307760619731,691.1809330793226,-5780.22369124812,-114.3894127308877,3764.8451705895436,-974.4862850828481,4176.117236979266,4654.626784275859,1803.7458932527095,1382.242515573396,983.5153475445393,-244.33546479289132
13417.751732099141,-775.6124789721769,-6097.671940910141,-3931.897085760096,2247.7705551175923,-5208.213195319139,1982.0841370338342,5154.208071632139,76.04760433365516,5065.576704319227,5149.543656025834,2263.440503552391,1779.0478158174699,1153.0997680816427,-347.5181253097258
12939.294184560005,2096.3182317822643,-5968.238929053938,-1786.0603000023132,4823.878933849313,-4334.458017892976,3713.0739759615803,5864.186915690498,587.5652773522448,5287.404076475734,4916.576590423138,1956.3599285309356,1841.321930791921,1115.3326240980946,-433.72592173395753
8698.49271100096,7185.778556127329,-4297.333821212375,1025.301765260619,6909.432004045058,-3841.801335481682,4522.346618799249,5853.995416298482,428.25127100054283,5239.6627811594535,4017.9336017616474,761.1354793383881,1533.3936452617659,671.0496219252685,-593.5003490748363
966.6974563683909,11841.59335390729,-2282.8385525743242,3288.0339174634964,8062.085617636926,-2948.255748130865,5462.111026232081,6144.173385153691,46.05335585612967,5424.387544818306,2706.376343553524,-815.9543795594657,1044.8260963141684,4.617654001958499,-800.6162281370162
-7850.9085148778795,11875.575860237044,-184.56469695210527,4990.9106831507,8754.657800147541,-314.49352796528575,7390.901755790527,7249.301436842122,17.083915111624748,5913.451737610618,1447.7600992426374,-2018.0535119836227,718.3662394640209,-560.2202677477464,-970.2386922286889
-15256.320756745268,6856.239045031579,1385.9505736118058,5880.749801778663,9177.441191493253,2852.451781964431,9504.298946466828,8436.58834446242,128.50205632385075,6353.498629699048,305.60097330383553,-2742.6174215026235,554.7478381073541,-974.9228571126146,-1075.1241364106118
-19354.274398065398,6121.498745520953,3407.523543477601,7565.622147068229,10464.542054432975,3512.321435162454,10478.386273020205,8047.916396872642,-860.6627513713386,5889.098773623293,-1200.8085015874262,-3343.8883890478687,221.02670500355043,-1269.212125872339,-1124.4008534164755
-18786.79535821079,12445.804016415696,2080.5037190430194,7777.395353987415,10299.723618992613,-284.69210187714435,8709.043039967686,4952.445295934336,-2944.9318983159433,4266.447663629477,-2647.368896139329,-3619.921417515508,-149.32829861028677,-1317.783485481285,-1091.7728042047897
-13193.15255297942,11780.48264438673,-4415.9774766970795,3471.3889765877625,6294.222567383815,-4743.919283470294,5252.639699654071,1325.3255069659313,-4213.449196809111,2700.766116138181,-2955.18951954337,-3051.163901750605,-59.72076769213862,-1010.6302410764122,-933.248102526242
-5665.5892863801755,4654.128781289965,-7606.857502681226,-321.5705599704453,2499.624480647187,-6173.509926995771,2839.397756828277,-636.5659080656176,-4140.607648032689,2006.8495314161437,-2296.827820603246,-1888.6206735855387,458.10125922813637,-495.82047742247175,-708.3841625330422
-1032.5445029827038,202.07210834454474,-6378.288119004397,-1631.7082634505825,446.32750732622367,-6348.0196437425875,1232.4216688075917,-2056.603915111839,-4270.001932514768,1538.5821764609639,-1983.8003650796452,-1057.2871067657334,904.792376491193,-149.8399738460248,-542.1330689349495
1028.1002991823389,1172.1715464942397,-3186.435972440229,-900.3586319099973,-303.939483833391,-6296.532549126802,-455.7268955535188,-3904.7349345950806,-5279.086608929148,730.5865829665245,-2566.5138635921453,-840.612148646873,1122.7603980154315,-120.59085177304826,-424.88733787175437
4205.813077970556,5185.359564554662,-1566.9599606243196,1596.7165806821217,907.4233494219195,-5377.91520917105,-1229.1360485976707,-5115.975073265479,-6124.604249988959,6.419685147195693,-3257.4488695936006,-610.9649557036377,1368.2386494894845,-121.55590282517971,-274.7764289454865
8159.518474328692,5647.117394655891,-3555.907993174844,2857.1872549742707,2191.83431729564,-4258.210161392586,-782.569560826036,-5030.735231867607,-5924.655730076722,-185.29647418185155,-3225.053437853587,-9.303080404947991,1710.2685979006897,97.43834681229256,-133.21598050370704
9711.374792960307,2767.432377970041,-5573.793131604769,1700.987903409469,1691.0315145892343,-3722.6888598368787,-123.2773424038917,-4177.651984595143,-4847.747985392367,-21.526747892181344,-2516.7944445085327,515.9663893717884,1855.7897949217302,372.99850755823104,-98.52147358513082
8450.585937659109,244.88747154902475,-5305.789867132279,-319.97413502980436,35.2744475613849,-3750.9722106770214,135.343059763309,-3253.6927094780144,-3534.8784049128253,188.72239921411193,-1710.1086927708789,503.0460552241599,1593.7122304835116,395.6569942865627,-152.865635531829
7004.000712606907,-848.3954737151748,-4205.03897712956,-1749.856931323314,-1398.817511641674,-4079.0951002197567,269.74183202777147,-2594.3554899033397,-2415.7644141969154,464.74236520859813,-1239.4994796113663,184.4402193790453,1120.7089114462892,135.2945667849796,-174.9874695104917
7329.231912658048,-1040.4798948663026,-4257.774693249903,-2307.3159018634806,-2181.4516162959617,-4751.415435187868,921.3784503659651,-2167.6686488550617,-1375.5883074488358,1063.1024978167802,-1129.3396571291728,107.99513164846837,737.5239746581932,-197.9715769184162,-89.91593375843553
8339.049873779688,530.5076713436247,-5754.596798306038,-1475.09430353977,-2084.7262138280907,-5426.4538584913635,2439.2484811303207,-1769.6573710133137,-84.34859247320992,2103.778253399224,-1198.0771535141737,404.5907212930641,443.98724033231605,-474.95465905563356,48.95790642473338
6894.877170074411,5769.990171828883,-6438.499786143977,1558.8829304408057,-415.16167079012183,-4817.297877605454,4660.98504011159,-1204.1398943263528,1384.9285628884675,3226.8966846000512,-1379.3201800644806,783.8179831943307,145.7828103080106,-684.2006458757949,140.6215297168765
1687.1258461444402,11999.415028043211,-3697.5775015815643,5892.432884983924,2874.6927160655905,-2250.8045941574164,7077.649660593526,-504.6065286449385,2628.8034629793137,3869.086444513346,-1674.892392172009,1066.2839237034023,-41.860483770033284,-770.1045577215957,183.9804665115381
-4397.226546641644,13716.823339608218,1528.350131475037,9362.615783586925,6516.514155573703,1201.8554893682826,9057.111295140341,177.80853944413502,3540.0036637145686,3969.726699191227,-1975.3340328217685,1352.1795516368234,-63.50552262386134,-693.2548273842754,269.67563565749606
-7255.234866108436,11241.848102749671,5697.181105331751,11098.314850569464,9175.205507226885,4039.2895006800786,10394.758274372207,689.4711396084194,4303.990431517357,3875.06776223011,-2161.462530647817,1740.4024066258814,-87.8377559173241,-535.3547909005503,424.23648932890774
-5123.97542241389,11011.53567079951,6427.801294223539,12422.117331697757,10251.459428534587,5068.897886644513,11110.134592247332,495.5372356470906,4812.457996203452,3680.5334570265304,-2186.274362915712,2255.515697859509,-149.5637853798786,-341.79846524794004,595.6159514606596
1533.2194166809822,14092.901561452893,2014.5636374549745,13023.259693133805,8597.205288702036,3413.3068560809334,10575.161895142794,-1003.5140049108727,4699.933044871676,3219.2707599396767,-2067.073228733678,2980.334324430684,-56.32617170459832,-8.097408558925622,772.6717714469357
10224.137982910646,11932.063028126115,-6362.809051654698,9458.510374281139,3051.759597519827,-1069.9126725876754,7920.408384445025,-4006.234211024149,3781.6323109122914,2265.9206249431636,-1989.6570938007435,3784.0220248311907,163.65796426429682,462.1727211571107,962.4592945408389
16698.328863365678,700.1675637080768,-13437.200218823908,225.45269701331557,-5436.449156576644,-7381.347407415059,3201.3380745485065,-8014.057843905273,1907.9090672251666,298.01935661085963,-2568.620301100708,4028.5722557677245,-46.21424614738163,787.4280742337625,1090.927253449224
17584.12720162867,-10469.730816872612,-15598.039629720863,-9589.295394358032,-13101.073829932762,-13383.332005462154,-2570.9960061413785,-12425.945486876482,-1161.6412166529128,-3220.2545961433248,-4511.241198199783,3307.3536878335867,-1215.1732778211676,781.8157445643456,1049.4784276083772
11588.352255399453,-15747.144444401187,-19384.110674146847,-14334.71857163599,-18297.770518153193,-18008.22713583165,-6564.678048649394,-16699.688388439554,-3870.3784940895184,-7208.719522824488,-7049.90633958655,2040.4139312938041,-2983.697311952287,516.6094716776942,793.9056013419729
-197.64689597055872,-10433.277847209749,-26030.892357459634,-8599.762273924816,-18242.76157774686,-17834.866299719823,-5186.037164040974,-18314.52626466229,-3935.0900104572484,-9485.833723531649,-8399.741091104723,643.885541815707,-4405.330775521946,5.804204044790367,391.4643095425234
-11825.197410923654,6648.15809511265,-20273.34980378921,4660.035028311298,-10783.043385039067,-11105.604016820127,-104.25805665542224,-15740.897820837035,-1769.4170850695068,-9208.976986622929,-7863.990273294879,-524.7902895449829,-4822.511509639199,-613.1257451452788,51.997362240596885
-16078.6171709242,16008.46019122924,-4733.066237674108,12992.167134989028,-833.5650582530766,-2083.5904206597475,4667.205543760283,-10166.162007082405,1316.3105767344243,-6675.2537283856545,-5597.2024960081635,-671.5060976288106,-4155.07848554434,-873.2570157487198,-29.310006382826714
-13462.5170863386,10207.14098031722,2924.9750337697533,10717.262482377391,4197.942715964814,3278.8731852270175,6509.427414196422,-4116.348278588644,3991.0734249597554,-3013.874765270378,-2349.9729716316933,390.74364239090465,-2904.6988067004286,-560.4442218588824,80.3066615807112
-9751.036711406417,5695.074173863079,581.3574303411948,5377.400587807284,2577.014922843073,2847.7154558094066,5177.729183763674,-528.8055818918604,4986.343741361722,2.2623753678552703,499.8924939544437,1739.4357735020558,-1725.9209462958283,-23.697192317274585,178.66016492471783
-6936.616851087326,7373.284146493734,-1030.2818411892267,4253.854435637506,-239.0262221797427,636.0642403490394,3182.521745106086,84.83109731583673,4550.729860893124,1501.0260118963906,2112.414406590861,2551.3933547346146,-839.996277332638,356.357520003897,211.00820638934698
-3870.2486297331193,6751.302687000115,-876.8830290147108,4989.130442746043,-1001.5805164518924,193.99511055638766,2594.046830506382,-426.8186089948736,3921.1981240799564,1866.5267585279105,2647.7138770248835,2796.787697460731,-167.09085716480917,541.0664582223253,226.99806219481889
-861.1645976008228,3277.663071762142,-2589.0160460961083,4615.849522460105,-911.8176963310666,1168.6689052685342,3270.996067196812,-576.2061574138767,3847.267699953004,1696.5376851870426,2572.9489491192376,2677.4733680844533,211.4239796719512,619.4405385002292,220.8311803775952
754.544369935975,611.6089016101396,-5470.526423574153,3659.7598300591885,-1267.6020906295096,2025.0170819321158,4068.9913157900937,-351.7863240244526,4208.253890363979,1155.4736881751915,2128.774264657567,2128.2690772599726,71.01379114891415,570.6570364545712,153.75186123833626
632.8471231338142,-382.83500085979443,-7283.925590919046,3048.8446702100623,-1859.930794612593,2353.897025214573,4358.36073415486,-368.41742089257383,4529.635040474582,146.92117925117958,1411.476483988742,1077.9176509381086,-558.7644717522045,352.5884695377327,44.81663657289201
-779.2053516656451,159.65294719874083,-6834.430221007175,3587.0515148125414,-1891.5127586440117,2764.737531064848,4246.658305053306,-908.6430660623101,4500.13713684875,-1263.0059025876328,665.4047061914584,-118.46407050836694,-1244.9303858789503,92.82226626711233,-49.686057133553675
-2935.9682493887753,3381.3748536732483,-3936.2018911575306,6182.930146662531,-1011.2728999480586,3696.3708173009354,3913.151846730609,-1828.9643268722862,4121.862885529775,-2757.1499214236133,280.37541985859167,-869.0932701583448,-1497.1376052397945,31.67552352616059,-119.42216180670503
-4866.8009156282205,9112.584239237323,-54.89901244677171,10023.189424094975,187.65213308096867,4645.654066281953,3199.182857178103,-2953.7878385172303,3587.100615743351,-4022.434355272404,482.81916132414096,-954.2521071419654,-1195.2029214823103,252.22672434237373,-202.330886298537
-5028.249720426946,13957.725759343371,2135.1329941195154,12399.748849038368,297.54728466276146,4503.728754166216,1730.609830578946,-4233.826601030086,3082.096996439983,-4882.0200341106,1174.3513463303207,-668.7138946801603,-604.1395762464504,586.8878370656521,-316.03677079888314
-2141.793217784676,13433.83845805879,390.3880550695297,10784.514650728477,-2053.410288071182,2610.003282426746,-530.1197944847468,-5408.294508640285,2783.269644719175,-5233.044702451194,2075.019717003723,-384.62446522385756,-40.808689480674275,834.7518388968155,-428.89580025882094
2919.910086836215,5577.91912190003,-5558.32778599089,5253.212253966642,-6538.1867387222965,-219.51618271693792,-2780.775584260221,-5906.41383106732,2832.2650671744896,-5086.175182530964,2881.3453643831704,-288.96662213727416,300.26767799701713,913.5878675385488,-517.2417109470049
5569.669247837331,-4611.111962705585,-12740.563988366392,-543.4452805013361,-10672.465853950978,-2246.3511363526645,-4021.2099047462093,-5411.628867568907,3122.042391352908,-4739.191389404677,3382.2050032064512,-650.9448521583133,227.40478961354438,711.2038822459099,-648.4785291192125
1336.1950984847874,-9025.28488906181,-16405.20277742941,-3044.950475020812,-11786.936136622791,-2299.2034877993515,-3776.7043804157315,-4164.3601613182145,3552.84579828196,-4829.208841952647,3550.8263397590513,-1797.9125282230655,-298.8660274221082,137.91889481257556,-890.4126295387855
-6847.686976898612,-4667.56614631893,-12956.596375423562,371.1036431732351,-8724.209036640856,849.013035156954,-1999.5969152137006,-2509.2950803722288,4096.78951395494,-5353.476148224983,3513.3329281669826,-3167.2594599502336,-776.3304053407687,-464.9196901906082,-1114.6301004522152
-11082.764062552356,7968.86379628674,-2489.2273148157715,9078.168021865504,-3030.3797727527904,6025.591915255026,561.0272923423008,-309.11530517206137,4750.09583014091,-4923.365882878364,3700.222940291714,-3513.0512458266085,-566.991509232242,-592.5761267593238,-1133.5265849651933
-8271.785660732887,16389.878569503242,5710.520359257196,14560.52832172641,1624.4538921190453,9399.128590028833,2910.873505700267,2275.3306301667258,5679.108750520324,-3103.841561362746,4407.884798712929,-2726.675583125308,284.0916830946612,-260.9757410112554,-957.5392314064145
-1781.4628276524563,14524.505861944628,4045.795945879841,14009.286189402183,1643.8328128842745,9507.462614681002,3420.9239356073012,3732.530103336557,6211.034109321015,-1382.3868194610184,5183.298069782169,-1768.256357790386,1238.9822151563646,180.6427212895672,-709.3346556050154
3037.4800669335605,4756.557896337181,-4984.782302144644,8244.524575017098,-3207.034031057161,6135.190340291834,923.3497191960234,2743.7183533695325,5094.36930478283,-1118.7991509875665,5144.034380447745,-1470.0179774627957,1736.7700092057648,419.3125444580861,-511.2194752393002
3504.687652879226,-4733.06968145981,-9808.703372006641,-221.31524929336422,-7109.205407873068,406.01243664725456,-2660.2941516629744,-139.45419250311897,2119.4581248556265,-2275.8143130404865,3705.436959284017,-2003.9917567340883,1473.0470638971185,304.8419878548505,-446.76816241572
2260.9141119512838,-3106.7594370485012,-5970.785117464718,-3048.879020076633,-5806.933125225294,-2990.1037891139376,-3717.614949122657,-2348.2467135485185,-699.6388796199567,-3496.3440190312517,1627.1956690738236,-2761.1734101707725,823.7210108743138,15.634373135106955,-458.3376374604262
2881.1909638613265,523.4341735458597,-2917.2361347219526,-852.9257887538398,-3444.9706707730984,-2693.693109547929,-2613.486834508164,-2767.8073707651574,-1860.1223304033454,-3823.6952302522964,196.44604229322834,-3066.0999790791075,446.3010033256738,-149.65063367009157,-424.2914549037704
4803.805615863177,152.9819435186631,-2999.2660729542345,807.6260756068853,-2683.1091688536953,-1188.4283231074946,-1440.7711435783415,-2247.9935779485513,-1735.3035420399333,-3269.0470657935216,-177.44515550940093,-2693.7480256600375,534.2990432923954,-91.43301466935196,-327.86452149605043
5367.866409222332,-926.0163440870543,-3234.9857258061943,983.1001348462563,-2475.1891444701264,-24.44387395909763,-792.8377828062683,-1599.7815938745468,-1080.1954337686195,-2199.558400980754,225.82110016061924,-1789.0688662138089,862.4809230293383,95.04536621240698,-236.1184209034439
3850.749597053777,-1124.6156577521867,-2799.988697094557,816.0697498990843,-1997.3961421707106,560.2314768852909,-464.476478429922,-1173.463933188916,-395.8546504881513,-1086.1710687262412,935.9008759375303,-749.0567390139959,1169.6256854865276,258.0581563539738,-186.52138349433764
1725.2551933250445,-950.0527479783277,-2265.949892074819,742.307238635032,-1571.8847858656761,666.9295231208196,-349.8643563774816,-1022.7008578414666,86.07702046650212,-331.38824802668086,1461.703112898616,-71.37906743359301,1280.9838316028035,268.2310209134075,-156.70477454174906
511.51006622404907,-751.4341755553335,-1956.1487342474984,545.3041693123411,-1710.4702403543956,290.4311320811613,-620.8788319174389,-1110.0567127945615,280.6889996252633,-132.3455054484807,1434.6170193582516,-114.91063321280757,1092.0430104523784,57.34162669881089,-103.28534725663121
355.53980056046237,-789.4501017378607,-1995.4546370681912,105.70360469472392,-2465.352297074394,-463.70938011446617,-1325.5537816766753,-1381.2944905410886,149.8808047447102,-474.6919852733363,769.910603995237,-853.2753761365636,640.8988830975918,-326.5060497105783,1.8426881813238083
389.42844048792557,-1035.9788311896227,-2375.9097912320162,-459.1287161965554,-3466.342748466866,-1237.7638266957633,-2084.2179332438536,-1697.070066056444,-207.49536645407693,-1149.7988665992589,-208.51272340118612,-1745.1451552667309,213.7680820402588,-672.8958757060149,155.21866611123053
326.4789337994229,-1271.818376548603,-2976.6812046618393,-1112.8003880932556,-4092.516264340614,-1606.1328362995666,-2314.044352602137,-1908.8092078898728,-497.23632491190074,-1807.185449061932,-837.6479883085894,-1987.3399569906755,224.70386725034365,-707.649235986702,322.2667091518131
1339.143508695443,-2122.706713002955,-3550.472066795513,-1690.6603749657868,-3801.946033924767,-1351.0700838853427,-1805.1477725761408,-2081.485603894486,-402.28248212958306,-2131.915654539752,-591.9925585004107,-1259.9572321558148,767.797150884704,-392.528712419427,458.3309358650868
4059.69890193897,-3133.876434114125,-3264.669007130223,-1432.5370193536626,-2727.14203537079,-975.8214194885556,-1021.8769018011149,-2423.2399127120916,138.73330418005565,-2133.971297896682,240.42075168392472,-343.67314151853054,1246.1043125171968,-139.59063211622055,523.2502656057691
5579.998838464136,-1963.8512546483746,-1763.0057220483707,-921.3530995925979,-1897.1058805793243,-1390.3797764871597,-576.563666208925,-2838.6959603663477,774.1215336044966,-2356.97531939107,575.498217715954,-561.2625767426201,785.0593712203047,-482.69246174105433,467.244416448916
1454.8322637190097,-378.1246356199284,-867.4952033964491,-1619.6497020588413,-2057.156725396146,-2134.4043159381445,-510.08963140275915,-3254.3627772857294,981.5183528431148,-3395.9884890271587,-70.71120092846684,-2079.142424316543,-540.4382475710399,-1322.3507871110894,279.4481930247812
-7026.859065405087,-1272.0016359643032,-2087.1903404055824,-2727.60758685578,-2671.1667888709007,-2747.0222207618713,-372.13760682524276,-3864.466106184352,1203.5354755265173,-4374.364511631098,-212.25088679315695,-3173.0907285816807,-1256.9925621260904,-1811.3006618395566,111.70656754878502
-11822.503389908328,-5274.790930893164,-4505.963720856362,-4027.4203796878587,-2071.662366685833,-2654.5704784107606,1444.9938108909703,-3039.450010228866,3284.5202832719697,-3350.218515000869,1770.8711933974114,-2486.5431451369636,-342.21832097472964,-1479.5273479789385,178.289259037838
-8509.688766670626,-4003.8936324186357,-873.6464454673148,-494.99925078438605,3305.1208273770444,807.6537847222845,6067.379746163524,-142.45165984126817,6630.889363477085,-1181.9691338728696,4269.845964615762,-1181.003902877993,1150.228727864876,-890.5159523093264,452.6242275933927
-1614.3914432991232,7757.678512646053,9657.276858212012,5836.600589940981,9643.722615725,3767.343692520957,8828.075003379627,1479.7859177732205,7423.596226214946,-176.42476269556062,4786.639415505551,-594.0811216332754,1877.3737487897374,-590.5260516655721,712.8462573497859
2930.0634841587234,9137.735481630796,10571.935338457644,5171.723692147895,8566.757161164,3046.869520907014,6580.715481143167,1432.174116931188,5263.408638861875,6.3249467751729185,3743.5409562915793,-489.1272937944624,1866.8050970944162,-546.3087024634737,829.8270639560305
3220.0885865347195,-1298.3153784376702,232.11162646299255,-501.1697952070472,1104.1333661556434,644.9726430188264,1122.5660591021028,917.7745094170937,1574.8269198188902,-25.98660850886469,1932.1613790733074,-646.5389353439133,1387.9558578800652,-694.1016750902796,796.457787661637
246.29221905000813,-3060.279579366995,-4443.497541213746,-1986.6386178070916,-3982.690321214106,-89.55502231101933,-3640.392541690203,1016.1144148900883,-2357.3313707730154,162.33667341144192,-430.321469068706,-856.5110778771852,499.10450507035046,-951.8162895328425,651.4046227570531
-3532.0827146500533,1456.0943706122628,-496.284472071384,955.6394073657202,-1867.4764005076315,1422.5791780689594,-3660.2709629930137,2108.9154873436537,-4112.672235721586,945.9197101184566,-2313.709617651941,-755.8058487953663,-454.7805731406581,-1141.254840913848,467.79621025812435
-5714.516112864306,316.17169368019336,-358.04347758166534,1102.4082657739132,290.7866021897297,1762.5873967213238,-1260.827017042939,2696.2182908818613,-3447.7064731957767,1789.5781686927148,-2992.5988438285576,-340.56772319640845,-1070.7745136173332,-1158.6244451391574,320.11402697051227
-5669.116405695745,-551.6089053763257,-2104.8518707232424,-39.19456298973245,-546.8438015660572,707.5806394529811,-27.8235010634574,2135.3362852951955,-2057.1927681844572,2135.458368887639,-2706.772151298125,191.32334850461453,-1232.993373455624,-995.7368970120456,236.85057804076558
-4487.738914846945,396.4082839518147,-1666.158705775572,136.74458825511016,-1537.8241778448828,89.36390371658852,-154.6505044762019,1191.8354267101797,-1099.9307039826022,1964.7079383125476,-2063.269449345494,657.0802949692883,-1100.7600051420497,-718.1570880215017,191.58634399531934
-3407.315326441569,638.7130894377333,-642.1742857696304,697.8489564494738,-1453.9306486793357,267.65608598518617,-510.0706749308078,581.756877745566,-686.3971240074035,1567.3436034989802,-1477.6843002539686,968.3056361135557,-892.7920650021747,-420.4010111932137,143.6894519205735
-2813.1673556345304,293.82240994270626,-272.74213339205716,797.1819262175471,-949.5455846300039,635.2254644345369,-590.7312239700542,376.6458237512362,-543.1028600972053,1177.969060836063,-1068.9323470211807,1123.0704513972007,-722.302766839442,-164.08481178544463,76.96381168145578
-2485.9485605538007,70.10360702979503,-298.26954095760846,579.7897812796637,-564.9435517148929,818.5224299113249,-443.0254677629992,368.6513236092777,-453.3250779355399,877.7031436972302,-804.2165940826724,1149.6213847029435,-600.7262273916812,33.653684403690775,-1.1408245977498837
-2137.6881100618407,46.0060454866758,-350.42808793598533,328.7159660421712,-376.29045078078747,785.5660358098955,-217.44475048121635,389.2862476535264,-317.12441554725103,662.3243928429122,-617.1167439915207,1075.1885053252822,-507.26518021794533,178.6508044796474,-77.8199438379844
-1626.5978748837347,81.84765693384112,-333.68580604216277,140.96559968864204,-302.30722532867753,610.6153326289779,-10.256918636337048,368.9718978135994,-105.63423815904034,500.53775464703625,-448.3045122511672,919.2340501364965,-428.83221064460497,281.2797852858785,-145.173426330446
-945.5092604558898,107.2188867012615,-271.2532103667289,-5.32368845035748,-287.970192004472,352.46694770561226,138.76915748695757,300.7208669382023,180.2625029686252,357.9972799329002,-249.74621035435146,696.4968525739671,-363.14852979823553,348.7215697540935,-200.87875032216925
-160.47991911190704,127.29956188553672,-200.23652378828956,-167.11273206471603,-329.47314495046044,50.11294284496782,228.09532408898247,201.79144309115804,528.968787010744,205.42660563023918,24.450512826928104,428.3576202419696,-297.612518626671,388.40205639559747,-244.83811529444773
752.6424011594379,129.8058329580559,-187.2553270552275,-397.47513486254536,-422.848618173147,-229.18718769197392,287.1263055847401,83.74113350955307,907.5669518374071,12.19428611142638,428.05892512653287,163.1097439807479,-170.00228211234858,427.6691285818737,-272.36375422687314
2355.0359104085132,-56.542142133457276,-323.57322167739557,-642.6912055397773,-489.7865610003129,-378.81640905858575,308.3389682003148,-132.59198227844286,1206.9261240071246,-287.56228833424973,996.5226912512044,-11.850619562763995,151.81923727224603,535.8950572371148,-262.67727371317176
5977.492312411459,-490.4239609257712,-480.79359636903945,-643.0224347898682,-528.9790431485079,-549.8430590335003,6.845305566747129,-805.2175106515155,1130.3788255376794,-849.9808080361572,1598.7069154107567,-45.41055698747982,759.2086992282625,779.8754462404223,-179.4502361017956
11506.210817720308,-505.67106974429953,-557.7625334571254,-733.0081668628256,-1305.274750575795,-1746.0330913053044,-1398.8528407988833,-2569.0262265492975,110.95241677025126,-1929.152187595786,1681.3064411815951,-127.68524624579732,1379.2749740200636,1062.9838696230995,-37.954775339115145
12821.904298275149,-1063.950294703528,-2325.0245572889894,-3123.053366066122,-4389.005189149659,-5199.61020137393,-4568.240434168784,-5547.408857013956,-2339.6353585079996,-3601.991852420163,382.2608394361791,-688.0423538330723,1188.4076396983146,1040.7890616026589,-22.775440475620485
2161.534419275381,-6034.334187073642,-7732.425509467739,-8547.071969629453,-9229.299775760035,-9439.105075084311,-8372.26017697703,-8176.4642026287165,-5583.902417066955,-5182.348303090078,-2337.1825120676094,-1762.4781457487295,-353.28659027371975,491.7785740484318,-359.11569841316935
-11777.35551846389,-11332.553238144512,-11763.552871579968,-11247.940950087286,-11202.587131657145,-10042.061199762256,-9507.893277661504,-7873.170686564895,-7014.314215407485,-5093.309910724988,-4267.903347720315,-2251.5897528886726,-1976.4223116519881,-58.80179830015845,-832.6655615850952
-7679.941102946999,-5827.6667175876555,-5856.081815706874,-4983.434614645606,-5207.870819745491,-4020.127065964323,-4403.873306939835,-2956.504663159107,-3472.413487349555,-1826.4318765222865,-2473.481402649014,-702.2054293784366,-1532.1940521794272,266.25578817556857,-886.0837850039395
10174.255277977789,8117.103491574931,7402.980153988398,6988.857852109999,6095.7943015757855,5789.06437462006,4682.0177949340095,4543.3152017162465,3197.7241604093356,3293.376200542092,1712.518712736623,2121.319833168427,364.0222676270754,1189.9208964344984,-594.1580167674829
13676.59283747627,12452.361571757143,12341.76804144529,12478.443252588664,11464.16033595463,11338.037222621235,9405.140372275086,9189.881790621639,6517.669416192913,6408.068369654585,3385.639243497779,3579.914745369604,762.2190577940889,1458.3860644226606,-628.020596400304
-470.87725299875194,6415.794514272213,7603.290204115992,9115.266105560228,8922.357364348845,10238.351401388201,7886.289521385322,9177.32565933741,4873.289289556752,6320.163100785934,1369.8646325204213,2991.9716087101833,-854.4898703943501,836.5232948462733,-1038.7029170086912
-10832.93133509415,1428.942962296572,2098.6208385189598,3531.2237337342476,3879.589496904004,5759.147227077013,3882.732454978699,6331.642739583553,1520.8705879524973,4601.5156618157025,-1343.9877036953142,1839.778794900561,-2313.866078815848,212.93763400527826,-1267.8140447711373
-9292.240313142174,888.4077498718026,388.02150517440066,1198.8245054042122,829.0704022378642,2292.055132837624,686.4796119995331,3267.071152038068,-951.5372819002084,2832.660158898406,-2596.7129660650953,1199.389436635797,-2399.558569010817,93.3898817033629,-1118.628466286198
-3778.812004513557,776.5511705290191,266.91975463651397,1099.4329738558606,88.64977643185611,1120.0984797147694,-679.7736915518742,1481.282609328498,-1948.4853195955575,1679.5661249252662,-2464.655336715644,1017.5557067220109,-1680.0740543985921,247.02534172706993,-823.7900094857773
-236.06514304199462,286.2122572766689,49.1735435358556,1043.6359143462403,36.73689221751039,935.0470541816644,-945.2218210304568,790.2076913727738,-1985.324664682697,1047.9398831390563,-1810.9294096183146,868.1097398047202,-969.9253771099421,336.6271898963795,-566.5720473460666
1320.4624828210146,83.64011857417273,-115.70204766425469,756.267410254603,-53.89262842565495,750.9189165826149,-900.6590553413832,542.7065836227052,-1638.189315229985,677.02275307679,-1178.8880558075944,570.0065278450087,-529.3496784260312,275.1774276124473,-363.2196518359594
2213.3727196390782,75.69511876180631,-114.10129647324914,500.71677286865935,-161.14280108010902,437.22869397967395,-821.2987212438045,384.5539611261659,-1206.7410980996438,408.12824707457105,-696.0900607272958,177.7436278549968,-264.6537695090344,134.46095428449433,-181.75307628348682
2983.2189402497697,84.71962219407884,-50.83286269976013,320.14752266091205,-206.61911452141047,104.9343387102081,-708.0566631015154,240.9609512495206,-801.4778470013237,174.23432757694763,-329.2351179832841,-221.620652183866,-47.45185955089863,-13.728463278258744,-6.644612564411162
3647.929902574207,99.17567370468801,2.5379843287862798,155.45288975342746,-189.4948915250829,-179.2568779709485,-529.5034068105331,125.13208304156785,-456.3043893811925,-55.917747500905904,-27.6891669675378,-579.8899679930432,179.99204945211238,-139.31308542820568,161.61890875022786
4142.495528448779,121.9346091019575,5.905849961666775,-52.57916529564025,-105.90188677932262,-375.84246274532677,-287.38343345387,54.307141353365125,-183.98654443847477,-311.858438767654,252.29182094778477,-874.5878544807974,426.77572176478884,-231.29139228454795,318.09038097638864
4477.18357230874,74.93677589790715,-64.97556353371492,-323.42558233499904,103.17304713630077,-423.9248632764866,-23.9710490805665,19.41834889231629,13.368006824058767,-627.7149002474916,557.8611516331885,-1088.873685301661,692.4719692936108,-278.5405043779674,460.1684090868173
4798.086756554014,-189.2313204336494,-105.56526803505261,-548.55071006811,523.5352720581311,-248.9413688966504,157.9385365912943,-54.306061408889946,164.4735801065736,-1033.591133993731,948.6086848931584,-1200.4043200892538,987.7179660138293,-266.8117798176514,590.9921676930595
5395.754241222937,-574.9868813036749,278.4898025066159,-426.16953982848594,1071.9550966650952,106.46843123070704,97.82868159338324,-342.7920704580945,372.61186851580317,-1529.9829510346485,1491.8154889477012,-1178.510048779531,1330.3262211281678,-186.8341643692587,718.7109406181664
6481.535691748584,-318.4466834953343,1357.7873192760194,182.80118031461913,1176.4432806924865,239.4228846516376,-253.47160476374705,-1055.5004498718959,863.8156234201934,-2026.980713181511,2219.8180548399805,-991.5103609046735,1704.158985318541,-53.15380585937544,846.0235881174783
7647.302017689131,690.200139462164,1827.3580079666137,363.1608216091538,159.8378752816701,-479.49013722660555,-368.1548606058908,-2100.114198437905,1922.4237838609104,-2276.565673628632,3008.5026903081784,-639.3477119912022,1989.554391434679,74.50295122278186,952.0121163827232
7641.01889680808,-178.03399613460158,65.52999728171585,-849.6999518896419,-689.3140309495385,-1643.8346480531427,920.5597270957927,-2717.767359089343,3433.3961958106315,-1979.894718767936,3432.558587559204,-210.81842830786792,1963.1728788493156,104.10666556718843,992.3563950999064
5397.6624670756455,-1264.1364514823392,280.76651596486283,-740.3949075886006,1508.5635002061822,-1338.6791208563195,3393.242432753442,-2120.4618476825954,4213.295388160295,-1162.041706810077,2879.793406937404,109.63200185449887,1466.9642840372712,-26.249498891010944,938.8696945315803
1604.3707821075966,3321.700974129839,4213.417842761014,2187.983974758016,3577.031800444143,206.19753725164549,3411.7418517721376,-977.3116620712577,2564.795101084851,-398.4241279948952,1120.0851104365445,122.93580510661644,622.0891742145091,-304.7253943052802,819.4390972348825
-1311.739380301078,1420.3153032078424,-645.9264999212703,694.1976646622802,-1552.155327111888,-440.4617765897607,-1258.3720650893865,-810.2623205440534,-1224.1970819528776,-230.05584442779224,-1107.9238553939076,-162.3347002418115,-167.20501742275155,-623.6256552857535,707.7284892535338
-914.5551168250931,-8828.584366143072,-10819.609128381202,-4823.183057604604,-8837.60895654446,-2706.385753526183,-6531.082336619081,-1264.2510494540622,-4754.647369698728,-290.2921317785697,-2796.5834029069156,-383.0010209699238,-565.7199896039783,-804.1591383079959,675.4991430132056
3733.29525355278,-7134.378619344894,-9558.985157302051,-5355.705477008301,-9652.273962416646,-3368.3394428993474,-8582.611913200219,-1322.7259220386452,-6780.122833382679,-169.06725247759792,-3741.6966140302284,-339.5974326549829,-518.7793946567887,-767.0597156224434,760.526620113977
10625.438453108854,4498.114053613818,987.6523255987906,953.1317762245536,-3159.831816075867,-417.27867431677527,-5645.831222176299,251.9162098542491,-5845.336762048763,766.975203155932,-3120.544056345531,200.02592448554367,251.26677109132282,-445.58743499581385,954.619314482379
13757.007729758347,5482.047834295136,4341.002926759521,4322.780167348494,2123.8186020542653,2915.147848480238,-1012.9906822660452,3013.8561227454375,-2450.0703939909754,2823.7492288730004,-567.2833140122044,1454.447039799993,1745.03410202597,185.1219624755255,1126.112897156189
8769.678760873534,1530.8835049459246,1863.3579739080842,3052.264115444412,2663.4786257885808,2948.1565000889723,765.6120368254823,3678.872357399425,-403.8441619539003,3677.9978389507482,1377.9229072419275,2054.1437479870197,2593.811528463964,563.4809818635997,1056.4181990076117
312.7477194255734,634.5414956664515,709.0503684530347,1940.6595262377366,2068.9790000954526,2334.7883183366466,917.250453975299,2995.0472328528454,-177.97177531138476,2578.5272358321868,1196.8285702896565,895.3066850918042,1789.9209855016434,143.55903319532024,729.8333842639761
-3643.28477569827,2195.4033304847726,1687.4811761381725,1203.2916370179832,1973.5736635720343,1545.1405398600716,1018.5363929872394,2523.1995724983944,67.13366904679754,1487.3623171307654,559.9207293785843,-611.238603672369,401.451817833169,-580.142152985979,366.61694280169763
-2028.3360907086496,3319.3755775923355,3188.579932016506,1691.155976450857,2866.689778974734,1088.303571751003,1508.262411281826,2042.7115587434746,730.78211813025,1225.3700206091899,906.8685639442732,-773.8482640999742,-118.50531788707451,-771.222236712691,118.01549441667913
666.122129764397,2333.055566244447,3425.258436224729,1928.048302194294,3953.45192574061,1412.182442850926,2324.970040784438,1640.3041328894074,1283.9352578267744,1178.4394140134293,1713.1646346246594,190.23245418257238,267.83290823662537,-356.21020077087894,-25.124107083254245
1631.584580307681,1531.9020879298312,2831.176962562278,1359.2710019438432,4222.552728803081,1605.1390349083326,2844.853882923282,1406.5730939483922,1383.7695879696614,813.697375847582,1902.4104186888671,951.5335638755731,681.0539319844123,121.87778307079776,-107.64903089171277
1559.9517943550256,1278.2658082946227,2246.8712334226534,706.8575563383699,3581.128997975716,1182.9411983259542,2618.905981903806,1135.0001565420682,1099.5697520113101,132.41055018303945,1212.2212922958083,756.0562335138784,543.5738085689951,258.15962734066727,-164.7560035692652
1597.3357041851655,988.6257967043289,1902.2687145382652,112.38222939661293,2590.0699803717853,366.9158409078165,1876.9613922048602,768.1368171952945,749.8185665861649,-546.8261545779291,180.70271216748068,-54.46123506228514,-33.413397760548605,97.58528317387297,-236.12352968131972
1421.8767858905633,925.3766010295307,1893.9533000642834,-366.80978919770024,1868.14406299152,-418.43163983287315,1206.3001839888889,455.14792202092906,622.9732791493748,-876.227517796284,-533.0620450695487,-677.0589939676388,-632.1531413627341,-87.86378340293186,-350.68991014725873
174.44722105823942,1114.1753481273292,2209.4583441059617,-591.8003530665848,1776.4215127467487,-819.080526461737,975.1146663634258,329.3637814226335,810.6859338800234,-652.1573337290656,-614.3866625108271,-583.8667030594831,-970.3455227781412,-95.48365697483496,-506.1232305880963
-1960.1410953042446,1291.9149320169422,2730.3705719052114,-672.8656268683188,2251.8632901686806,-738.0259720994354,1118.951642378442,439.7437897853259,1272.4172826277727,135.63569803294104,-154.2347732990479,238.2244585793079,-1012.7424885780392,115.15174005659253,-668.9908322288468
-3437.6775437155466,1107.663392653341,3157.2409092889166,-829.5023689756995,2769.2936313456335,-187.40905292276568,1455.9633289774479,822.7192515733386,1925.6127578941048,1288.0049251514956,477.16109739730507,1423.0145203290035,-863.6559233690847,469.85374774127604,-791.5863656304696
-2817.5363107554113,49.320365721561686,2935.3632620889994,-635.9285785317946,2996.760688528497,932.0559196210019,2092.777301360151,1428.1788721454968,2544.346953133709,2405.0493263876137,790.3137143828357,2471.957188621011,-697.6606846503266,834.3600583921653,-848.8411297595652
-894.1439083546912,-281.5457562622651,2895.903243628652,1040.5631413834878,3761.9408303430023,2386.262093039761,3248.715866033186,1915.2689695982301,2635.6708766640327,3024.347364383889,316.6582709117724,2991.510079381526,-776.0183616763811,1053.3295166049975,-876.4924330616107
-335.1691491275135,3390.104413610433,6006.582058825468,3221.05322939431,6121.004687698168,2617.9737963183725,4341.035982364738,1478.5081592269141,1446.9722712832706,2786.3498103144716,-1218.2438839064607,2841.0507051801383,-1316.7931599210315,1031.0679422651392,-938.2307283349774
-1592.062856149865,4917.741627293653,9795.48246081236,311.06387098545673,7390.572871227223,-851.7464920714418,3281.4323135890804,-715.5494239581824,-1379.9682356381165,1689.899475255968,-3386.276736849816,2251.613907168875,-2109.7014153609152,870.1178565540822,-1011.8056070750824
-1025.5325381215177,-4652.902468130338,4921.527826471305,-8196.28063537513,3531.395951231107,-6597.565398983644,-233.17237951145228,-3514.9655515058475,-4321.751339080461,701.2174262519673,-4895.843832843348,1899.6960469089934,-2491.031743853391,868.0056662913653,-973.2613822260157
3892.314741273542,-14472.488251435241,-3941.9257217561803,-14040.031870948775,-1148.2596404589726,-9981.489968749138,-2624.6478901014016,-4395.763047886861,-5417.927411923507,1141.544034481186,-5022.052730274279,2373.2835877820435,-2100.02882226563,1192.7247861360977,-768.12994759965
10355.680909487197,-16253.54183818488,-5369.787772313954,-14592.335051732356,-1014.6495452425293,-9866.156064421455,-2073.109291463593,-2871.9860676874105,-4920.016717525234,2992.539183031665,-4366.580644260244,3473.616873339647,-1251.655266045937,1685.421177034929,-482.50392209935325
13006.992065665063,-7354.887148297083,3006.8896187924456,-8818.32478035585,3645.796491705201,-6385.013203823509,269.16093378860444,-268.6450962598721,-4053.5200114109757,4872.098538324658,-3798.6181703479274,4355.273866893407,-506.176235165309,2029.9760151482433,-239.68852530110144
8595.449586255552,5341.62430839702,13312.193669109798,16.709667583728944,9265.437261707257,-1139.472359082688,2822.7194318851725,1938.659329096231,-3454.2006002949965,5331.01686357396,-3747.866345071902,4069.726958698041,-394.36080490271297,1879.284061359121,-163.23599298892145
412.8122286869348,9393.760868631221,16441.21967350737,3234.0003860196534,12211.62766623195,1929.9229478839095,4580.695876601163,3619.598546072564,-2960.0188819767054,4874.372527102661,-3901.620438639697,2769.2050809604384,-939.3574336754921,1233.235479133149,-260.4845753850271
-3639.578765782619,4757.4205853000085,12669.54409644351,477.1061252368753,11032.227156479232,1748.4686773367532,4782.976887489258,4896.754076335201,-2598.6900213594995,4880.967123851531,-3838.0345955375483,1707.722899257518,-1492.8968131009988,604.2439863260901,-343.9745887878985
-852.9023519950116,-5501.133370846779,5580.117825763749,-5514.93666043958,6918.201906864413,-393.1448624333273,3489.7010897186647,5419.618864183277,-2400.167895839931,5317.774760697687,-3437.599287429015,1417.1203091349712,-1565.9412984652886,322.73927358553516,-294.06879665747783
4194.7029555825175,-13312.770543421388,-241.57504769154167,-11079.873857163297,2504.076974169887,-3267.9763303387576,1196.3599468983025,4956.62821752927,-2460.8943166082627,5546.211755977059,-2730.5758184638094,1561.239946249189,-1207.5273682270952,295.0784863882594,-185.58030095550285
6997.488062893459,-13731.039991693307,-1918.777931593668,-12598.573010227648,211.0332890057186,-5128.285123465755,-1076.8346369261553,3832.109433932774,-2869.9481355993703,5273.150523720918,-1930.0460523491506,1875.915853349059,-608.9019659244647,413.8930062024143,-87.9675029617296
6768.686637209798,-8721.81750582924,300.4371968377465,-10081.525528521395,333.2474651973054,-5208.634832054906,-2539.059049900678,2609.053713491365,-3473.1628907751688,4488.055744410851,-1337.5072325767537,2170.0363575961705,33.05087691956726,597.5380811832988,19.19552785007987
4812.881892167769,-2893.0253562322623,4154.3484698892835,-6147.135705682633,1510.3788089452603,-4213.353351983793,-3244.6039209085425,1537.7198229090282,-4092.5996126117093,3292.7034442210384,-1228.6208990115913,2066.956689848042,398.2678948692819,645.597851636431,161.6801174536497
2665.013055783488,279.4726692174366,6949.193433305259,-3556.4910686743915,2358.3715896509234,-3264.0529380798403,-3573.5502964939396,670.5058691010486,-4543.54447640592,1865.80344538944,-1693.0832529072673,1280.6690594911352,227.09833818701674,398.30041558541103,315.56913064095573
1278.9308035498436,712.9482880957798,7286.1656811054845,-3095.8140822470846,2308.227682867354,-2846.907556735916,-3685.1077251319784,189.19301257186362,-4641.163280498244,523.6651834273582,-2495.8262074625814,46.163708730788585,-349.52663256364065,-50.978924863224904,438.33137533558005
1196.6385132745054,-389.8925556905193,5434.876031409427,-3813.3180021834355,1735.2971102248514,-2499.2872891057714,-3401.7325283289733,230.79654648325743,-4396.639551181864,-419.45927648215456,-3246.269383454498,-1042.0295651974843,-838.0287733528031,-457.9118355439765,537.1229640429963
2857.5155715197125,-3166.777615555293,2629.001759191879,-4863.365677331498,1435.4111308972379,-1617.433677538645,-2633.4233647311657,497.4362521438013,-4133.356349124447,-902.8932133228484,-3703.5748309649,-1639.1860122814026,-815.3773736528924,-696.2264225390161,663.7373718115468
5885.332277707051,-6694.1765963389125,1074.6750414708765,-5266.5165086280085,1565.8202425854317,-652.5269748830128,-2038.5791462613925,376.16731467613187,-4324.801358443334,-1018.3642211712115,-3768.134797211311,-1821.1495175299951,-265.43043558271984,-806.4968924709028,831.073164051079
8938.277981073365,-7268.392327105607,1282.3444457706146,-4560.164640815039,758.8597315674681,-1162.6062946206532,-2760.505511048864,-79.25255853339581,-5065.40695116784,-584.7774333287372,-3188.1318135524825,-1644.364294405307,582.9841354905006,-802.7370221245774,995.9587025967376
11761.293026712654,-5703.204859110826,-480.2418851219304,-5850.099073004767,-2121.769101993074,-3405.9557618689964,-4871.426505037448,670.470860276067,-5563.656819303175,1006.0537747899423,-1492.7493272440113,-901.8599290172544,1651.3077207044396,-591.4935627861926,1151.226258339601
15493.756242874211,-10508.864651506692,-2757.1083555010437,-11299.305268750326,-3610.4270837657896,-3680.509911918521,-6205.479263290226,4451.284813400803,-4566.325758869282,4115.591107261181,1455.731529212204,360.47001041191817,3014.0304269877843,-216.06664361163766,1343.579920341165
18004.385964944642,-15989.25036681708,5379.316228012306,-13260.947081150594,1726.6779460343516,1952.3083005140404,-4258.003696269432,10639.381698479296,-1863.492399441024,7825.461491155293,4781.258205408413,1300.287611062813,4432.5934788797185,-61.134330207000176,1511.3917373848267
13522.192207850876,-5862.975218488512,21029.64541891544,-4457.686254853328,11808.929517981936,11090.186847661405,614.1711283487246,16226.253348436716,1230.7618786855464,10348.825803487189,7098.134611394274,1009.7698866213225,5243.650771186652,-463.4207720881553,1450.2391873707693
1782.0103842391559,11218.466503343645,26204.788530304875,8845.981339156588,19056.158709923264,17660.12086546872,5677.085101493223,18703.630968087396,3358.1159549854624,10573.968910045944,7668.79797676819,-295.38175565455526,4955.06137368854,-1192.0539042705902,1099.501137766581
-9906.20096944515,15942.659938683004,19186.988314420254,14205.994707182255,18796.615555605134,17571.8506091105,6870.523145758715,16977.587078237888,3182.866342161916,8222.386422313743,6351.123448840582,-1825.801272204705,3660.8138008387923,-1781.9623142172416,658.7769986655486
-15722.614453827755,10502.860900080657,15589.828791355932,9268.227208111784,13527.740608721886,12883.510487026524,2697.366445649323,12712.91507848391,365.35354345785487,4186.234423859046,3883.55329024897,-3232.217551370165,2030.5069788588085,-2103.0791581438325,335.8702596522997
-14668.652975570825,-601.2916922316574,13561.960983912346,-515.1423918436413,5923.773308532969,6957.663717324263,-3158.5165755226976,8402.214311960548,-2747.4146904660365,660.2804572613826,2063.9587946850174,-4085.9588323153575,1006.5832669953204,-2137.743954080792,196.14149829280433
-8085.748503931428,-11737.157780302785,6490.904397930644,-9691.231815209527,-2501.4093076034937,747.8315043345166,-7941.1863948430555,4515.869160939994,-4643.29794786365,-1326.924980117631,1613.9871436434594,-3975.9125751571,921.5840693906447,-1816.2533581823277,195.38021963141694
601.822909682327,-13948.692278986337,-1937.8461515496108,-13325.847189554876,-8060.02998647192,-3666.7808757460357,-10658.508983975182,1625.8431721370957,-5572.494001275242,-2328.692497000049,1807.9307619577578,-3322.9946325179735,1230.6971670072237,-1331.5141499822676,227.38391936993412
7161.456083669266,-11031.119751620949,-6295.607511263029,-12847.680225901495,-9755.613925467425,-5279.535804235687,-11246.359317803404,203.37093329215895,-5676.62565384524,-2853.729496689941,2039.5164351067015,-2751.734799830546,1386.7630186823358,-960.7605343011475,223.89122002992468
9160.138808347152,-11336.193130234595,-5339.972386872252,-11516.553452586448,-8642.153425082444,-4179.027094248222,-10547.514810642437,55.208704250377195,-5147.460224944478,-3119.560643748356,2125.657677811068,-2377.27605796362,1372.4724987488148,-700.8553785705833,197.11830415451197
6182.399312711045,-13644.086991669668,-910.4033907413784,-9622.949892423998,-5874.232124918669,-1255.311770785992,-9177.084194960147,594.7667225346026,-4353.5881798779465,-3286.8402947443,2048.760199211094,-2114.862225840414,1377.7819703123496,-450.38340003672124,138.6999614417661
62.03482220388597,-11700.712547669742,4342.049316074976,-6020.60724994757,-2165.956960418207,2241.5560010379177,-7147.688610016001,1302.1408186591811,-3400.258215968672,-3250.4031984533167,1856.2719912626935,-1938.7844269114742,1360.1816790358155,-260.1778026666571,1.7906459416354892
-5069.953962610711,-5475.594030675191,6835.382616128037,-1719.5589574435733,1065.5309666313804,4768.760907290836,-4718.133861540557,2024.2743690011025,-2110.5056063726233,-2668.7629762898778,1668.6625862402716,-1746.4239697342732,1153.5399319944959,-212.00827812584234,-179.20356296751544
-6418.139792928252,-448.28785899405153,5901.086028634321,1172.8311043521946,2611.242466865282,5310.666580968834,-2538.7130469615913,2605.4111771189473,-608.877047000452,-1623.7129127404467,1592.527672534951,-1441.2645535042298,820.3095497926449,-266.5154273100394,-309.072386845767
-5390.008743777448,1030.2860367481042,4360.318428337121,1914.62084386565,2622.637386604963,4628.752502316111,-1103.9901380350207,3019.0537465413017,701.8704840624966,-685.2772732329622,1624.3480369687486,-1209.9118926075234,472.6624355116341,-372.7363747517911,-387.43755413923884
-5112.75834836203,956.0970909356921,4429.740188947408,1384.5556802751355,1825.6629464601886,4023.9096260450942,-551.0325849634531,3463.3784342042477,1765.5525857409373,-199.5368947511152,1834.8442022418799,-1337.416748465565,14.082376084579323,-521.8567340733582,-511.25726763999734
-6591.328631129062,0.6358361681899702,5667.281083733075,28.249696528363728,406.51888673847225,3797.2568980919623,-509.81581718976923,4134.5103711210595,2919.262553811264,-32.74948803276518,2405.932112477759,-1676.936864774097,-546.4381504244895,-583.8804604468912,-726.310251911869
-7807.806547072408,-2498.8826788250244,5972.077749687089,-1947.1051627992267,-1246.2833074211244,3864.047725790618,-333.9327437551612,5052.110075052944,4269.468340843305,76.42102151264694,3305.5420519174713,-1677.174920918199,-902.9410159128931,-354.45452487518423,-950.4745301980486
-6171.142598503223,-5431.814479193093,3893.3354810514998,-3119.865628626493,-1784.6346127964757,4450.755245299537,252.56558699437858,5877.0176979752,5382.484978775405,143.90352535173864,4092.3874173782797,-1122.9903971371234,-867.2871540094588,123.14836041988123,-1059.5923533076484
-2197.0054869948303,-5035.193384868383,1824.2929129833738,-1934.1217088587146,-578.2452309923862,5570.217752184896,646.5762457261067,5929.790558346789,5629.812999572522,-144.21613824267246,4194.348215042218,-489.48070549658365,-658.6421308134134,532.6859738660646,-1036.3990710471858
930.2384217374598,-1102.4178024587936,3389.056617769816,506.63288207723065,587.6221571435108,6493.247165200931,-130.21058165080578,4717.748026122826,4869.376049370147,-960.9873019145067,3582.926810099635,-212.43280501985828,-564.1561824885625,716.432113370005,-977.6241435669181
3005.1563310327683,-112.79632145743487,6667.977837124852,1333.8490054097313,-87.07901908433121,6640.179100799392,-1770.724443441416,2913.039026344834,3994.9670737472893,-1858.3678871683214,3096.9901070405895,84.92919032824204,-502.9597467683403,928.6890571849383,-918.9988529222894
7738.480886999223,-4564.1261487128995,8119.342297990308,150.65906747187657,-2088.557535941591,6590.602205251933,-3385.267499446541,1496.4749297170188,3998.7879663877156,-2438.7788708029775,3489.9587027077514,1016.1678949111074,-219.88082774230816,1444.7346486188692,-776.1382101810514
15283.683220543875,-11811.65329486653,4868.689750229551,-3734.9863775687686,-6016.547524504983,5108.921656445562,-5929.356950546579,-587.9036500153285,4131.3166928527,-3283.164408487046,4165.519356654345,2266.6982555107015,116.5025884940089,2101.3931707633637,-543.1700921449681
20765.076196286627,-12249.36628545274,-1773.4867830208582,-8099.559906822,-10092.113006693678,507.77396598571244,-9491.510388663732,-4362.680838465519,2874.2185750921894,-4991.087233922678,3819.5235525333364,2912.232060791162,13.08047460016114,2520.396390459141,-346.29285762276334
21196.749274027527,-5892.448607737891,-3068.7965428664324,-7830.199111812382,-10199.8196353263,-3248.994585169623,-11222.152018176552,-7485.660546243866,846.6779765537901,-6687.576497207817,2332.3423306798104,2728.416605775562,-537.8862672366779,2559.620642838233,-242.44744626262616
16992.329607768555,-6969.817971976782,-1041.9914451893428,-6130.244880173827,-8887.14710579964,-2413.7519193772455,-10137.605889533223,-7821.4862780018975,-34.36263935568577,-7170.387509713704,802.2873991450468,2241.0111152315562,-1032.8648576801618,2331.2516832840224,-188.29913451922283
9521.721260417207,-12020.707267441947,620.1659697016166,-5142.328383337778,-8402.592351661622,896.3028635571151,-7909.221228757564,-6586.998867703289,170.48285624814986,-6737.833478363187,-374.56868679359286,1632.1761104198208,-1352.4810603509707,1956.547888702527,-161.2142059314225
696.6946033879979,-11662.380358231325,2783.8826227141103,-3341.816210428567,-7649.800447815085,3550.5939698228917,-5917.930726113546,-5471.466726039628,208.84569720282127,-6255.625650673598,-1681.2286600202935,543.6564191398243,-1828.638982902439,1402.5874841301738,-173.39462563543634
-6972.580616676644,-6819.290141290364,4738.039492910202,-1099.8047441317415,-6510.965058296892,4366.474676693075,-4987.22669698522,-5216.280222831517,-113.5091705100024,-6081.240164570409,-3037.443622869804,-901.8501756400838,-2445.004965489322,725.13738844878,-199.3533451964315
-11107.380026579032,-1840.7919222627922,6296.1684846290145,1594.1916524490389,-4516.5806801141325,4779.9440238226125,-4209.377678742426,-5276.0432714783765,-209.75309079633516,-6140.295363366655,-3982.9334596091962,-1943.4614806560135,-2856.597411621862,251.8873943061463,-157.94951847501778
-11513.15637756342,818.4398504284978,6381.6099473620425,3623.5865182442203,-2072.141052862214,5610.8401253707025,-2515.786454992812,-4624.45263331246,369.73975156352674,-5924.394918168413,-4273.306924927136,-2092.1315103344587,-2879.136635168813,158.33699958364343,-30.648119436649324
-10198.586922070112,325.55289319207964,5696.090242710413,4044.5487767130317,-594.2410286735122,6217.360578057996,-440.86049030650787,-3308.0920430781916,1494.3837859952055,-5039.835003915299,-3851.631345116292,-1484.078972113953,-2552.7447664629485,239.4852405204348,85.56927849667498
-7770.5968515618215,-892.2591542849141,6352.100281914933,4175.0705590187445,-200.53425819509374,6554.037410379468,1362.0154433019575,-1805.0834092275152,2914.2903974646124,-3464.573191794337,-2868.777402451886,-555.4499442702113,-2136.019629570986,220.5987326728535,128.9449000727555
-2626.4063888147493,-1278.8578864630804,8416.60287673197,5046.786348943269,-322.9723448368412,6811.163861606178,2690.2469646916925,-340.7785631836578,4388.052640895612,-1358.7677210705422,-1592.2927390797356,380.12229695998474,-1854.5289598456961,61.61170100874102,172.15168168741707
4986.958845490088,-1539.3998646824841,9822.526984015278,6091.289306570066,-605.6983045100633,7241.534585605842,3689.450196907056,928.9916881014608,5385.296799591996,711.0014996427933,-311.59382877473865,1275.4131015929402,-1506.071170849442,-23.01977252785997,296.7666945428394
11458.983206998935,-2888.592355120098,8588.871943054875,6090.858203037015,-672.9867371641443,7796.323167412589,4599.80808518893,1830.8738455860139,5570.449951214575,2081.6061724696556,758.7398211075241,2121.784480881779,-795.9614820075437,134.40391131570632,468.178488334236
13882.866750101837,-4353.79306275306,5929.318269602055,5182.495048723581,-394.38088907520176,7650.721152381929,4954.014330391351,2103.132495335106,5309.771557671163,2793.7911889788993,1593.6061275534882,2774.5213949656904,74.1139895418188,410.9846229508229,610.0493760442191
12992.269848199283,-3665.42317103391,3925.630773665678,3981.6518467007268,-246.8999966640828,6558.172754313156,4601.047138933227,1844.0689600910557,5275.668443010096,3388.8442076935703,2298.614919391428,3142.3884308701745,716.3492883180261,602.2226420285183,700.7160970195946
11626.919965526504,-1474.9734604886726,2759.5438340697706,2817.2654540841527,-703.5001529748339,5849.774019505478,4719.777948338984,1827.2450451558,6083.52992955517,4454.716043552123,3207.5967879946847,3443.579519041937,1185.628744481559,770.8772676620839,753.4711706763545
13708.448025970974,-1635.3446707488247,3161.421757756885,3499.1499637411875,-1146.6960269684578,7696.985893437663,7074.173054442754,3029.0026710938587,8379.736569475883,6585.088106811463,4786.364560710349,4230.414438945301,1918.470159632947,1199.638936759488,844.0183124132836
22422.26315129533,-3736.4506772600816,9426.159558005716,9820.468573547476,742.3804807154974,13265.382994174244,12199.067129388455,5489.447904277066,12003.27602670617,9643.246371760388,6645.726242484319,5964.535262667645,3177.482970856112,1843.3160306575376,1120.8025293167639
31963.6418484245,571.8593131445261,21832.460457136734,20712.22801282672,5629.920514493986,19769.150956359565,17411.435468665262,7361.468803055603,15080.01041368732,12173.347855671253,7114.540705403188,7949.029020198424,4446.189805231264,1966.928165469592,1523.3899887066518
28155.120363474372,10694.393660534848,29534.409241881684,26846.854043732907,9254.443124789657,21869.49640755393,18750.055832913655,6667.509238165736,15207.843094479622,12357.373811409168,4915.185379622212,8225.064579546524,4581.008482708703,944.1201706320089,1635.8190955429234
8700.5203374461,14097.362665165718,25107.891725078014,22722.999066334138,8067.781914649889,17866.927272137324,15461.22499848413,3749.1591228842944,11948.0279315557,9812.032708715818,965.164794399087,5835.296624593057,3135.133614971852,-691.2387227846627,1229.879604467238
-10752.17666064032,8581.198527485767,14510.239879883586,13691.68998152634,4633.582892740684,11771.001730226435,10720.944103739723,704.4220320210544,7397.332382986782,6132.73780667538,-2477.575805337021,2319.0469849767833,1082.5084210715759,-1826.3517535774272,656.4088449951748
-18246.324600479733,2196.841755847981,5800.729859334993,6531.263487146132,2435.1544049885188,7328.082895117848,7125.557514698109,-1121.2934137258449,3680.7716287937233,3113.943422283205,-4087.5520962410237,-219.88360547265916,-330.23229145111276,-2068.1461659476618,337.52114185277617
-16607.614999201924,-207.05753399877116,2431.6376995807923,3406.2359191930286,571.8201237866623,4287.248472435903,4365.217783249571,-2444.844241238195,908.4447618790597,958.5756592802974,-4329.350234718816,-1388.202447715595,-902.900436679855,-1806.6603418497573,292.4403282819351
-13658.826200778927,-862.8244984818014,2336.190664161455,2541.005012538836,-2628.121494424132,1172.3918489918863,1669.0655008742926,-4324.96691825912,-1676.5437236930206,-934.7584597580492,-4501.142973988567,-2113.3230906053354,-1240.0463352195134,-1551.4056540685126,319.4974292072321
-13750.395229714832,-5873.051995301777,-303.2408942876627,-160.60319170861194,-7784.833360666326,-3310.352899657137,-1554.088926680447,-6606.644180321327,-4192.38787484813,-2585.5642479541852,-5194.6165198346935,-2967.3313616562978,-1614.0781805039433,-1568.6950833378169,290.5443093725669
-16016.297034921157,-13691.229051082391,-7174.672264224012,-5512.667776508992,-12904.464449738522,-8364.936421310138,-5017.557892793895,-8713.43682155718,-6370.095452679398,-3749.8627686294467,-6019.30614249219,-3699.1093042611597,-1701.3126317733465,-1746.1602361681903,213.3618020118004
-16021.59313218096,-16721.302452447355,-13395.327670780594,-10305.679615513423,-14705.695264253192,-11404.927257103587,-7315.401452382899,-9942.149392860594,-7762.653597618682,-4184.82583131668,-6508.869897580986,-3986.3663003202014,-1310.5402887801422,-1794.4367276046623,142.04017676120458
-10958.490174757879,-13261.699528715286,-13569.222787410397,-10893.83061999338,-12801.067458190966,-11344.511733755502,-7769.479628255961,-9947.403175610092,-7998.467334609368,-3616.8689096603703,-6315.228732395734,-3725.9502085225204,-576.0017968144437,-1619.8957689961044,75.74386160962972
-2751.223881839825,-8908.4758114433,-9227.941891706638,-7902.1550172635925,-9407.354285193807,-9346.236135833988,-6702.632662107857,-9137.312084278228,-7227.025757713314,-2164.2141571311317,-5195.22167787463,-2863.964957224155,357.2736039687156,-1250.041903265742,-11.27659188617551
4689.451382346843,-6092.489463761177,-5170.0410002377,-5011.863172174307,-6831.3102255512895,-7360.5930273208705,-4974.149637821759,-8067.556301993839,-6002.861502574891,-399.730473329198,-3444.829385394078,-1623.0513094838998,1274.7409805254538,-745.2427763331514,-111.3757971943094
9077.190562220745,-4442.959987371433,-3665.153870157731,-3907.936067842866,-5896.522985211456,-6234.614259264269,-3264.1904703016276,-7022.765456701452,-4844.629287663974,1082.1003895146969,-1758.5301061001637,-554.483903701121,1881.5665741356245,-309.7795519721089,-215.8418052155138
10628.043734913474,-4949.958836062029,-4610.61375035107,-3830.016128518265,-6470.194319317717,-5808.384395179747,-1656.2843607280256,-6044.051883830833,-3943.6681846138645,2098.1353178363574,-578.4834129379002,-7.149213769202827,2075.659914435915,-74.83979969194263,-314.02250462636687
10263.449170106482,-7563.511245370811,-6060.445535864628,-3211.904958775299,-7487.594870085716,-5474.760685693205,-4.055165603382932,-5074.958333031953,-3326.1727271506834,2687.003460770027,159.1806944413011,209.63849765465955,2117.1315360383905,104.3146307330743,-387.52658925534706
7845.006574512998,-9175.76336081977,-5255.020586801149,-773.3035779402044,-7479.94246099216,-4643.819310684885,1516.3664988203411,-3947.6881033555205,-2684.2289585921326,2891.4718725032462,807.5529290170869,402.9529429899354,2326.0262361405803,384.28164316897886,-463.7899710824561
3891.1893484898233,-6766.208084865988,-2008.052472609945,2050.4426601619757,-6407.188622086223,-3655.2797922004092,2150.7745239072556,-2285.9050965069473,-1340.356397063728,3094.004350784689,1526.6266687934499,483.0186339871751,2509.773975202436,645.3755228322939,-574.2270962657358
1094.4795902893716,-3922.7015020247286,-377.9863660441098,2186.127168261694,-4317.816270477794,-2083.1706333587827,2218.6477250184744,-125.20124139140694,370.9251771841479,3457.2090547657012,1965.9788691693352,311.23550995354987,2242.6496054016534,681.8245671481567,-673.0866184524942
656.5217180087581,-2031.6243594678767,-65.07707792058483,1396.061698010549,-1246.6158858970016,265.7898308187986,2815.062974350764,1597.919369527583,1314.6291047164957,3673.808767504961,1964.0138747767678,22.42597692412147,1672.2164583141455,529.6476397834772,-733.9823006284917
125.46706323821275,765.6094017763487,2362.587974990622,3212.202168526564,1465.629175938512,2368.7202226735803,4615.2184848931565,2860.134199123029,1301.8135158995867,4202.30304049925,2092.4636699748585,-547.7344107174141,1239.6397543439098,465.23832452869704,-827.1427653800837
-655.8894242539119,1312.7359013607422,6031.863674060214,8257.075968956895,2201.918062048154,2929.200606073928,7880.292906652065,3923.320566494248,133.4250850911169,5304.177315980491,2796.64983035505,-1569.127409007717,1081.868758093704,789.9305966540747,-931.3282803428808
2004.6069965662382,-6826.998923559118,3177.1908632206787,10244.473992382862,-1237.0182849007879,72.39749206303912,9594.366140412845,3869.8934702538945,-1845.036088033726,5840.648826357123,3685.0928343669866,-2299.3552577419687,1166.4643105176274,1430.1057876396658,-866.1201055998218
5968.431877150702,-11513.035443037987,-3163.040592995479,5609.803383447671,-4360.417793108816,-2727.2491856814863,7667.300937538377,2927.4787854037468,-2741.024352817859,4997.313848549378,3806.8316775413814,-2051.1752820949414,1259.3895984627427,1768.4790567578084,-634.6005457952688
4021.841607622897,-4404.53907011427,-1912.1324846595508,2297.170505540811,-2646.2616354061365,-1757.3958833441347,4777.052637084502,2223.824158431369,-1886.9432825635436,3231.6662161685344,2584.122130240891,-1475.6123829744483,907.7285444930562,1376.0131868905178,-517.7341975403497
-2511.413339317322,1255.1568568718228,1927.589606988396,2785.3197644303104,220.21254025839585,444.28638496678667,3289.279740359067,1908.59063401771,-676.7043560504562,1407.8021861919296,657.546858335326,-1594.1279839192498,28.968871671705415,677.049658083999,-617.6661878196428
-4355.832944803181,1396.5597184596904,3014.4129447753176,4084.72844861813,1481.8972238089518,1442.657796490612,2946.795734245211,1622.7188933701113,-317.12728384549433,119.6057389557314,-611.1703645100432,-2327.2302648728028,-848.9781317925965,414.8676714907111,-688.8398646550519
2056.849091030587,84.20823363561155,2776.194348689292,4961.399009495938,1713.7374123028628,1352.0430667780322,3220.816341611883,1607.9095982056483,-595.6476713460788,-244.29083663121764,-448.03273990845213,-2682.5383990533555,-1146.8890169999424,763.8962345691447,-539.6127753223709
10947.519490565463,-1348.1468935463326,1175.460614709899,4612.309901443169,862.7711740764198,327.9576081160612,4254.069487351817,2522.917591391284,-641.4534093174038,452.0748414076651,787.381333233692,-2021.210864202238,-764.1554014395276,1306.1462480329803,-274.54630067028955
15754.300292753855,-3563.488276347757,-633.8212302477552,4640.870121971697,307.16800477451557,-455.7618473542752,5681.287662611122,3957.0371074750615,-253.53309061220006,1361.4773719091017,1970.728200666274,-915.702185869924,-191.14107236618602,1679.399108170795,-61.02242338958018
14770.286834310828,-3561.5213285959994,-393.31196417426963,5029.273211140815,651.2030384348732,-578.6150688203317,6088.595055099238,4431.081433168634,-137.18403708320045,1306.1145320546368,2157.3817474484854,-433.84030338077264,-103.01816516106416,1790.7345922746717,71.86830070687841
9440.1225339582,-1960.6085261488906,342.45954991134073,4240.75452388931,521.4770196577912,-994.6229752579933,4800.324806020914,3408.7949634538745,-818.0697432913753,269.0288079112639,1461.1980872951035,-696.5151918935975,-494.23760419298696,1610.883149551684,144.38429464637395
2983.805110836326,-910.1275955797518,582.9765224864499,3160.6281777694317,206.04092269003885,-1356.4081862216883,2918.377882177528,1774.0877282668653,-1817.407447704456,-953.1487742715137,590.509175885859,-1039.0388228934453,-768.0793426419157,1277.153360600881,175.7530479704566
-873.2701123591835,-344.24687708794346,591.7702847812286,2239.083453978622,147.38119602514305,-1271.1431338449543,1367.154414525071,327.93298106734096,-2564.216361121731,-1811.1314366861882,-69.76140277847952,-1148.3524366261965,-714.3025763074997,1003.901048197117,205.29014620459765
-1137.7761441741957,-254.59614989535044,382.9699338569817,1465.8804924764124,205.52223333214903,-991.2032144020228,347.1759847163854,-591.5803932542691,-2916.884529795551,-2118.9983885008096,-414.3272635028451,-1094.6740788980892,-537.4677634036024,810.8308147432206,246.26467948529512
486.17381506820135,-454.9002523922502,112.31373212410816,926.6335739836131,256.86359180696985,-654.8091665241675,-161.5025880492288,-887.7446558781938,-2669.490191982935,-1722.3052314524193,-266.96383338222,-791.7827360823296,-324.6997345315996,680.8022601259108,289.08018216449966
2255.768849993055,-571.2479495690558,105.00323504025701,977.1705505166481,241.8338359494714,-367.8036382604814,-268.90437505940963,-695.6125563380285,-1715.3493255411374,-639.2762761501295,544.6540407604876,-57.16908185091867,-51.34923734573431,683.3999372538121,344.3821195678223
3515.2823511049046,-521.7208319392852,504.30974900660567,1509.0642200786165,530.0136240710848,65.3791150057391,105.49950086370723,-70.80790983452682,-421.8553168657726,623.7342174872775,1836.3084649621144,963.8613631607172,179.75380687747736,798.257439762695,436.19191235990155
3879.4669284701054,10.811294944548791,1224.1658065994905,1851.179078914646,1227.88516450263,600.6531264879461,950.9931261345853,941.7562062296425,610.1980583844545,1326.675795703779,2843.9712071932363,1643.7326741523334,114.30016507979269,792.607699071667,554.3185132929298
2045.8992267683852,943.4317309556296,1838.4448364834955,2446.920073531324,1988.9366806693263,686.5330921881957,1681.4049611229425,1634.520011469946,918.1172997895662,1111.9846550178033,2645.603326454701,1334.111491379018,-433.8331217189541,424.7921647239234,631.0890160435263
-1844.0492523187595,946.9408209150022,2017.845713262686,3230.108700283962,2145.6864266124453,292.58156187451385,1115.1714392160766,814.4975556728236,37.19940162294972,53.16206204761603,1309.2420693038725,319.70178836481534,-1254.280880891833,-149.54674502777848,638.5460424355027
-3843.726368955753,-216.8314680771485,289.2092887676327,1467.6076855070326,-113.02860703751006,-1629.5108178178605,-1090.4322578416018,-539.100310367266,-1646.0599714103605,-1399.467950286995,284.58392091581953,-128.42227487282258,-1730.7024145733226,-478.8011940753513,667.5088606008048
-2458.573755792838,-4871.745491612066,-3991.3219017172937,347.23065204736747,-2096.5083979809,-4497.8870950698165,-2411.352294283077,22.206183524057053,-2270.429260543879,-2317.2502650127444,315.2509697703477,319.2370947181602,-1642.8653013992935,-527.9012214821117,742.4398246582393
-2044.5466984644138,-6841.020305396619,-5301.2219969027365,1531.5894614498554,-1703.0829721369714,-5578.966705547543,-2549.0797829555886,827.0485947028792,-2152.405974628039,-2695.503901759956,146.97336303875454,432.1052065920312,-1596.2197289540072,-664.6962547225252,714.8711754018743
-3128.711703084223,-5724.076791135761,-4778.686743491175,1678.0460099245242,-1602.7462349869852,-5861.376892469036,-3112.0351940320998,499.1343185793649,-2446.958274020034,-2983.2671526455506,-598.6911502779791,-79.11118415618253,-1771.1599892037952,-829.5315674072037,577.2374829654437
-1327.4145608725287,-2294.365992552747,-2272.683199224606,1628.5586786779065,-759.3755317205536,-4477.580500992167,-2486.3754216254897,488.52905161860485,-1878.4815729132456,-2342.0573119595506,-583.1163005740993,-210.6765661899459,-1505.6496621322176,-683.7150499273391,537.778414979179
2196.844806485413,-401.5492857817078,-581.7021235807039,850.1171673227718,-349.67946462974,-2501.1414805494546,-1213.8896829498472,635.2866952661379,-661.5351459584913,-903.4254791528751,342.1759211217768,279.47961795933327,-761.7030255392717,-398.05154251241356,623.9546634117679
2599.5685778257202,62.21235996963581,-46.41305705694171,850.4031958778247,-57.08379567411439,-1625.5750799567127,-437.3455374826192,912.817508540049,260.69786970351254,54.375896120887376,1137.5170287246615,902.468658064229,-234.25405244292563,-403.43511558963314,638.5230837401689
158.10088959557663,-229.65999916327576,-407.2005791383352,1261.4906453921496,232.107575048191,-1548.9742280757573,-77.83397957417989,1391.4705016902813,884.3885114700533,242.91597982135852,1281.803290359977,1268.7635844615656,-191.54079970654567,-699.8122016945181,504.5259421046873
-1227.3233611018893,-999.7171021569221,-1146.5552614852013,1737.164018708855,694.1338178795286,-2009.5141477625664,-256.40961399639133,1854.0361951176048,1028.1569965600884,-177.34573351931942,797.0409616598747,1146.968323908334,-399.2957715766968,-936.363972954927,345.94037308221135
-1077.8475897613168,-2051.3666605829426,-1959.0569780706628,2690.5141157192247,1722.1137056601935,-2977.353034471373,-1133.3589124578823,2387.5714571389226,805.925280989632,-1198.8249871336607,-62.86191647682685,756.6423512053462,-587.5618468298727,-964.4317885163448,266.63754562007347
-2599.96220316255,-3710.5095118515987,-3516.1911561933853,4743.375283272957,3584.73820233687,-4455.251906297467,-2502.2874629795215,3470.0665049767954,1105.5925144090902,-2611.140249177716,-987.767713041543,837.9030650963732,-485.6056230472608,-1010.3132899539705,206.2787007872531
-5808.8390700814325,-6141.6689629751145,-5838.105256164074,8810.528433349384,7217.028910786518,-6184.4501432219095,-4185.707464953404,5479.687936140277,2564.2866013645744,-3993.959762585224,-1872.9048811390523,1769.9788538685852,148.15573998040463,-1238.0273781477722,62.55412804257607
-5574.499917016597,-11055.043937544346,-10211.94325462646,12025.15156895633,10361.532079302704,-8134.453849511154,-6280.165673806727,6999.368415486883,4299.6174611442575,-4603.3718435273595,-2457.241393940523,2852.837695872653,1121.787602685033,-1347.8636159383846,-114.36378453798068
-105.76455933271502,-13940.225676245629,-12746.161273404326,10071.577019002969,9506.628867635094,-8222.449221160676,-6810.117090712772,6484.745311751885,4894.765474583827,-3624.2577185580576,-2107.6565414630477,3064.396495050376,1664.4130497393567,-1026.9678197335247,-198.4621465462914
4292.976811501337,-9009.41128400108,-8630.946324704551,6690.692157845511,6846.164646085041,-5053.145624942552,-4281.0538563909595,4944.5800427426875,4109.160343496523,-1474.0039482003567,-766.4139807028556,2296.0533070389065,1307.5233991917812,-542.4599561900803,-205.63550914867645
3006.9858336109796,-4264.978193646999,-4333.006027311546,4266.111315459617,4502.693834800105,-1767.0939833606044,-1235.0896518730103,3554.468356098507,2502.001487263522,229.2184151048831,625.2984484128299,1194.3864088947125,484.0043920297809,-277.74871711178054,-224.9166526574944
96.19102555145028,-2549.13425704827,-2726.31915113656,1774.423729677999,2293.3444465086673,-583.073278118429,108.53061346737618,2226.083530637557,693.7470865488543,561.1326786524262,1199.5994246848377,266.91062636157847,-185.19015743572572,-241.94643438279462,-264.10388245388776
-32.94139519025251,-1317.126458922903,-1638.762365045067,229.7649630237666,908.1274079474049,-563.6520416989383,242.23040590122275,1050.414485836984,-646.4973365353558,49.603613324248215,999.0002714274406,-215.5192713638064,-391.7975005531683,-296.15013526444466,-323.9969339757579
1775.0628841758003,-235.5858475488531,-756.3432829710742,218.32733958981234,586.1596450116369,-642.1890502039262,262.2832034747924,346.5761739028713,-1177.1454660986285,-203.09322338540926,721.0418421547945,-12.847853602158864,-14.896653141428487,-250.07761438689238,-425.6935572106497
4052.1204610040736,57.94044037322455,-900.3555725641955,270.8096109079226,149.87173399233666,-524.2075552969976,952.8772897932741,380.3334348410734,-1024.0880187706703,384.30635170199605,880.9837376316509,740.0508967930296,718.8556720866393,21.421874691287826,-524.7955765097607
6209.211734243652,-668.1337607715727,-1247.935776293467,-701.7947616352849,-989.2891883681375,48.13483817272504,2235.5046134970785,1070.4850757663498,-597.8406992589266,1124.4265146653604,1174.1812093911915,1277.014969893997,1139.7968814470055,276.0673955166963,-558.9079148442823
6387.867955233692,-580.8571530424144,-408.80866865787937,-1407.9247460329668,-1985.5225216911597,225.11686260972436,2671.0922633023674,1118.204671271575,-770.5556584455805,861.7281060330954,1093.1073731139,1086.8862544879617,872.5291439634163,196.4156339728181,-558.1376419596877
4072.46550183349,494.716815576078,936.8883515202633,-1898.2029679967588,-2980.0167649218265,-221.2107470419516,2406.5120470683264,548.430695917855,-1296.2259531619507,24.06732940703364,670.1538842212278,639.7714457738832,519.044768680692,-10.756935018223345,-597.3351477867513
1317.8455236732423,1070.4352676852734,978.3113665457357,-1488.8755637889471,-2409.3287518221446,-1032.9286251406234,922.8804851794324,134.12688629552372,-789.3084642551111,-575.8994779307944,-384.0880206774225,59.2454482200434,649.3835699098097,17.872883991121626,-688.2265639309154
-879.3481225075832,-4410.961213173891,-4173.657732061337,-3956.45840589577,-2606.7162794273163,-4223.554877014216,-2835.765386385369,-1736.7403208972619,-268.00810442136714,-1416.3215109663556,-2110.6560415458416,-984.3505330142559,849.9912758777548,207.22747409966328,-776.4882211711051
-1460.590895140055,-6314.90111852144,-6585.415070662758,-4441.924781470707,-1812.4656969044372,-5584.8528043577035,-5121.546088521763,-2976.578218624579,283.51008216744015,-1514.2581387649955,-3091.774863297175,-1547.1823941164419,1001.5120130905013,475.18589174443997,-742.6795080076967
206.45713711668907,-3873.235544251111,-5939.916274732629,-977.4986706153433,1935.5635964579114,-3662.765741968446,-5613.179933278239,-2301.1644480749774,2291.029051380008,248.2854958386115,-2635.837221311871,-887.1444028279361,1575.112466839231,842.1344105478767,-527.1827010709586
543.0718638691413,-1314.6472465003571,-3959.976289524384,2015.099897839709,4150.841613485444,-1589.8699096067749,-5362.383957106849,-1889.218063024528,3954.470506083651,2131.2902915319096,-1644.358174555212,79.82309301757692,2143.6056265930083,992.2795272723126,-317.63950173414133
-2483.652475281204,-2507.6043798564156,-3959.046170740593,2720.7746486355763,4423.983768479797,-560.0019388230091,-4816.546539396033,-2045.264719412362,3913.193930584619,2397.3824439928335,-1067.8168778359004,395.8039804544798,1869.2554163561226,720.7310041499904,-319.245518195164
-4600.605812298911,-4706.093444050202,-5127.814533334559,687.5112351930298,3544.588899199721,-565.7600285591184,-4887.94528299167,-2413.52941119806,2949.7789077084526,1256.0331052741228,-1451.1901010155807,-152.58271845252295,842.0850073769094,398.9345087529337,-431.9394517655399
-2066.320040918427,-6095.874737616268,-5850.992286165935,-1669.4125784742507,2304.185689317907,-729.3292579293748,-5062.867837649981,-2785.124545977734,1922.8347684784017,-114.58132418328714,-2558.7584378701717,-1228.1186501305253,-242.0170546692359,421.0611929928027,-424.9281176932729
3568.9937175013124,-5515.07179087278,-5405.980547513148,-2420.268264481111,1263.695122071797,-1063.85542648644,-5219.443745415012,-3146.7716035611243,1520.894313667474,-440.17332771448633,-3212.3173488288576,-2020.3419647662795,-765.6947127605856,716.6220128774272,-254.5161969308524
9727.609373584262,-3812.9100668518176,-4885.4937127519515,-2327.54453372879,1653.0793294189039,-1001.4896843899505,-5797.08347558845,-3278.010243632791,2443.046326940308,876.3697504390375,-2474.6959244161794,-2023.1019502378963,-446.29093717981334,1085.7618476361222,-25.770782566171505
15179.570195583614,-3750.6730583055437,-6406.989797467853,-1040.0644748113634,5271.133642429581,1358.7412900630914,-6118.191327576401,-2814.291991857403,4610.598801946003,3216.487906605907,-809.1468041792771,-1742.4185302228457,233.67034463364183,1487.044456379206,187.60216499104268
16248.696497831663,-1353.2749809660886,-6713.549830826987,2691.235842147262,10439.712913543854,5402.77732113569,-5564.815680284733,-2384.3651515637234,6549.062341594322,5236.937495419494,424.57792245890346,-2000.3440823554802,296.9868203353497,1749.203442510405,345.25419744261507
9255.190288061618,4081.7230905927117,-4036.854135045024,6120.336420109068,13454.223549474504,8171.010227822012,-4987.370521042711,-2900.225679604914,6774.778854411012,6027.660766497428,448.6974978631443,-2921.6001256914224,-494.0846200899964,1659.3742673744505,438.55746057504007
-929.5575405321316,7656.9079321838335,-1651.2856221625116,7261.5172541192715,14322.149053364748,9248.846631779026,-4757.968642933261,-3917.0526441911293,5574.375920154574,5790.623834615304,-249.19573681208743,-3998.3138424181557,-1495.1187440509418,1387.1022492983327,540.1387042963563
-5509.818396925485,7588.549673456363,-1007.1177688641429,7165.28654980352,14359.84996562885,9919.113196961462,-3654.4449102255207,-3996.7411055965977,4402.078502479368,5416.335071243534,-445.53187969813405,-4530.519257857765,-2043.282639566508,1209.9366338568916,682.5522767316256
-3726.8858869568394,3105.8683115432154,-2990.886386313172,5786.447744861332,12859.571849063863,9331.021841967104,-1786.088732550247,-2940.1944017580936,4044.103257549173,5547.770128307744,671.3525757573822,-3904.2678520963036,-1809.2365297160256,1139.686533156493,769.7407235970429
-1478.2228409221052,-797.5137024422875,-5736.54626377187,3278.895025052852,10113.39512020499,7120.801020411293,-1275.1271306969327,-2300.818355570769,4393.011446617851,6187.835816059958,2512.8129603115963,-2251.6296671391765,-979.5528221695745,1026.460142390656,719.9297926854003
-1651.4291370012784,-3702.126626549044,-8391.874991729937,-681.37674448464,7851.225316629022,5695.322037114847,-1627.0425026342357,-2407.6138320787272,4916.181591895991,6781.555473470371,3502.081172947478,-1074.379877579634,-443.23151615729347,798.2983258709686,634.4307782188129
-1972.7995201327446,-7505.675509455147,-11753.563310693053,-5328.587986081067,5040.518430119468,3718.235525087203,-2660.0055216685737,-3679.4956974637066,3332.4841049498264,6744.830956817574,3067.0870737283935,-2197.576957990796,-1360.176488433494,461.29594135353454,748.7718854452212
-3158.5874025181556,-12752.623539265596,-15389.587804187526,-13690.747508746324,-1824.4542505232405,-2301.8066258941817,-9456.494388227069,-9821.612821297314,-2709.529492497932,6348.792910893329,2453.052943962814,-5469.798536853245,-3975.6710134157365,-282.4332808235445,1070.5809136371104
-11176.34369166368,-28856.9171000203,-28610.08162859307,-26229.28400630738,-5027.0846403037895,-4981.294131249182,-19661.81647248182,-19739.237232179858,-10925.577803306975,5359.1268505407215,2084.7231758492467,-8745.644887870252,-6821.049976975698,-1770.5018954020204,1166.3957089739074
-23959.090816765936,-31578.28077434784,-37093.98405772708,-27749.605445265483,613.5669387767002,-676.6045299879146,-23840.005908233772,-25465.222691007806,-16765.717840969966,2210.3828107986396,427.00974511865815,-10413.139306970563,-7792.039880481207,-3267.547032813928,706.121935760538
-28897.94427665861,-16126.779297083072,-29772.676634008043,-19638.504002460566,5140.717588795724,2518.453510050735,-22209.060624745267,-24698.16629058984,-18422.68482717072,-2057.0567240965743,-2176.4021186985456,-10308.431259333905,-6437.806722401271,-3407.6430791419534,93.84734353553449
-23684.74008495976,-4060.452359936039,-19154.712067769873,-11613.063251035981,6632.941115045952,4231.249462395443,-17650.30133806252,-21026.11414757947,-16277.949254798126,-3244.241715461988,-2469.4209307160345,-8648.977044188417,-4564.022147045405,-2326.9210896298528,-58.87494360844062
-19667.729491564856,-2615.3976409591796,-13693.96927112594,-7123.994251416052,7094.269539841198,6300.072132058759,-11038.78240907261,-16572.478945921703,-11849.097073978975,185.93544493655003,1102.9216710708474,-5583.466109423884,-3929.835902947744,-1561.4837670331435,172.39598208199902
-19707.112185574835,-5076.976145511872,-16439.768343771953,-8478.03800144819,7181.66102921922,7897.689335439871,-6283.908776278896,-13049.51758231322,-7800.618684050193,5007.599926502717,6019.6390696423805,-1793.3827228995835,-4222.759106619697,-1708.1274473191797,313.4750724814779
-16008.70782214493,-6357.2869483681425,-20228.832576154477,-11717.22315246006,8024.09427315834,9940.843947434189,-4124.37369389517,-11575.404829671019,-5865.699686200697,7988.080693153524,9200.55611985789,1170.3309425706836,-4397.808873510535,-2119.5847241423908,194.48105443447008
-8178.811457564519,-9051.966046647109,-21621.054951801885,-14538.318432386122,7508.128620819676,11193.96548821341,-2167.918994776475,-10334.16294346338,-4943.234532396891,9414.825563339682,10698.124660115776,2701.196436892964,-4574.591717702439,-2490.20608732696,-84.70314988930147
-4169.073486097049,-10540.147580002465,-20433.96361187062,-15379.78998568855,6342.905461157689,11554.8251379867,-70.27003070452089,-8481.443163464288,-3894.2902794847905,10491.179970279716,11874.276455937354,4000.3345600148377,-4985.194902547646,-3045.3263766481323,-407.6374825316379
-6119.806222564758,-10449.972005974976,-16943.421297990233,-12718.428265674276,6035.231976431384,11988.165388806321,2570.78074468974,-6902.7113992150025,-3497.2324542494734,10769.81464541334,12653.488567199754,5462.202670111001,-5043.783262439965,-3612.7878752619486,-656.674273597901
-8969.859518208328,-8108.228355551348,-11369.580340000943,-6559.436317153288,7579.508754065417,12715.71763726926,5687.219499562841,-6078.938931792182,-4687.465864223807,9074.073892287523,12240.088965560222,5889.081670875151,-4727.474802526039,-3756.0545711153563,-747.5745248670219
-10733.601886539447,-1330.0191637351277,-5138.388518852088,183.50697407831925,12391.399808026452,15343.808946986155,7834.187551480917,-7087.6921605031075,-7645.131665049741,4965.145773855462,10418.300485618038,4832.813273192865,-4779.792109483013,-3519.5816864961066,-709.0629980695353
-13807.34947573302,7067.265158337956,-6013.54280612517,-551.3247166645485,16261.275293700804,18882.362303187496,7459.66188512982,-10380.520458583718,-11443.788628328852,-300.53393118664246,7942.912528315781,3547.4712918646856,-5118.420212317862,-3321.1456502788988,-653.2322363815986
-17285.95918855073,5728.331188401846,-16590.291665937504,-10234.92925865025,13737.558806949584,19734.026454413404,5443.779688847163,-13702.657512490765,-14298.555544644589,-4239.248812520939,6348.945252098582,3611.878269602966,-4562.374214193046,-3306.5272813762,-670.3289009325922
-15726.39095718379,-3114.0465252051476,-26083.22377553563,-19183.19572324725,8522.030264694617,18829.913066478628,4830.8665158490285,-14947.621572581897,-15646.838884002327,-5660.91946955296,6723.949798345864,5370.7363693007765,-2474.1603152758403,-3223.5201467117317,-762.2186939233634
-7591.297718220365,-10468.88691236642,-29927.523070132313,-24468.29690328624,3694.7576464375647,18079.262741872517,5551.135055205016,-15112.508059137663,-16631.758866971937,-5918.00091327646,8604.362809840144,7955.648395033254,222.6202761494277,-3009.8422493135818,-916.5159645160962
1671.9932023454185,-13068.263600339746,-27911.939593374103,-26843.216007114574,-3248.4379230325408,14954.599862098621,5178.472398325787,-15122.905119945866,-17826.231241807545,-6711.472177430562,10617.918339259137,10450.205078303936,2405.605729271471,-2916.058393476833,-1161.2792893623325
8252.21249791562,-9447.063404521714,-20680.011227469888,-23402.006707941367,-8648.899724361667,10310.763866137093,5115.798974234326,-13759.456440823464,-18994.64310777801,-8447.55107328515,11732.462166044696,12305.730608416734,3888.4231161963303,-2883.8800860935944,-1439.1298586612234
10563.500913797148,-7728.538543812879,-13987.878427419168,-15926.625001314247,-6168.432922891197,10414.439625813655,9006.133713525896,-10903.660155437532,-21104.589256546325,-11602.356912236079,11537.210276619864,13498.05993986244,4703.469201922308,-2942.128544521388,-1710.8907084743953
3556.0075466641597,-4249.294444687695,-11073.679330983161,-10415.767167934311,5899.424673171863,20806.12776692828,19065.128922345095,-7981.093739780629,-26137.889179242582,-17544.582647409436,9728.876285012413,14841.66722411963,5241.910694378503,-3625.5035534661533,-2195.3656459144418
-9989.031909957384,11578.073479488787,-21897.390193146486,-19744.06711032955,19284.84489851616,40849.40958325131,33891.47504992707,-6662.144941393579,-34349.27439162656,-26170.566158094072,5889.423189796754,16653.23037545951,6607.056716337033,-4458.977760939733,-2962.5701212522963
-12733.394165900914,11740.0664971212,-55595.933917075956,-49625.52415315121,13371.504711523326,52848.13483586043,42476.259052807596,-7779.835886485687,-40406.741164597996,-32443.41372781652,1214.9341792199668,17495.614292320737,8867.461346747794,-3576.7450564545643,-3387.8626196364
3117.886257817497,-14024.623185705903,-71756.10912028242,-63601.194830332985,-5863.066246616736,42517.79012471229,36812.898464257014,-7331.248483371614,-36809.3213176577,-30182.012763998806,-868.4193864852127,16194.027014206904,10219.872503826593,-579.4738647102469,-2787.725982958672
21803.461644258507,-17608.86925049439,-47984.74996346449,-44816.16073849199,-11736.446679093358,25856.013518879536,26175.653002226212,-2958.902599642289,-26003.41318073369,-21889.341038243707,302.5322468939374,13732.035776771456,9512.745167566181,2311.0788384283087,-1518.0494498344224
29224.231638396206,-6213.895363895776,-21073.736377531164,-23314.16012496625,-9865.129642985807,14160.374322422902,17430.09088289705,-359.11928202199454,-17554.336482209288,-15572.074515022892,692.2148974647157,11346.007312949749,7861.769102275765,3370.3783401624464,-556.037883859043
29636.048767854652,2884.949079393464,-6238.533399218766,-10394.921418738037,-7532.412711197823,6364.4974725171305,10310.610470947466,-1556.5671784609076,-14227.922214028404,-13457.172338029759,-1774.9826089895314,9178.919768296633,6811.506081414253,3255.442258936727,-218.64391066648966
31706.764599256985,2683.9614233665943,-5257.35264784985,-8083.618773210276,-5262.276769348006,4699.1369000871255,7485.53138311823,-2365.1906570947117,-13468.625547423819,-13561.522028398029,-5198.390440700377,7602.524765865176,6883.035584758554,3288.433211080677,-89.48001167095163
36659.39869009209,-6607.276059987966,-13885.831716568533,-15082.085745154476,-6788.888798647606,7931.761667542811,9781.953313741542,-667.2132223655265,-13708.792942601856,-14962.82306093636,-8510.12858583877,6727.623242577101,7839.098280817175,3820.4963467370176,147.8842655359091
39217.41949113073,-15691.756380782022,-26671.706118031867,-27019.955977141042,-12320.844241053717,13227.116291192726,15763.781589839244,3566.1137713906132,-13808.75510215478,-16794.886451127342,-11600.26896427914,5413.899407136324,8724.044379357694,4297.066612061641,388.4752760345161
32974.69434947629,-12041.723111069561,-36413.52657531136,-36795.457396326354,-16322.006573766299,18091.14249134045,22418.52121430758,9126.676907574247,-13169.584323624542,-18340.653905703126,-13538.703729036808,3405.588113457908,8500.965863897753,4103.758517481805,448.33966124193273
18591.207504500544,6809.7836166662,-34806.83112090887,-37735.12497633714,-13134.074315893515,21667.05360042903,26405.87454438218,14027.05727114784,-11704.63529616294,-19571.700464841502,-14162.44525191354,2022.8377320158093,7494.306588621638,3352.727790697427,377.3330574060435
5973.010844995903,26146.868120551473,-20028.548909761146,-28079.0924831081,-6032.294489678024,22309.798723429813,26822.654559618248,17286.549141710373,-9054.123396609137,-19922.38647619062,-14145.624308694722,1629.8184901993582,6861.838272933581,2741.515819513445,353.11484896035165
3722.007617457088,27549.448665942695,-4970.522969865573,-15564.909262267347,-3317.477444211975,17961.4439366819,24782.708019959096,18831.08990576093,-5395.217400222951,-18600.009324541985,-13529.290497422206,1308.5956940514634,6787.085549684707,2645.5579719978887,432.80449163201166
10591.89303320748,10900.250280315915,-4231.085663474032,-12038.843853141967,-8600.617662875247,11141.070528161588,22625.09523542047,19158.283588681676,-1817.73017567941,-15930.170023390907,-12319.530890766586,494.4711981270807,6699.810794999631,2904.196178054035,570.023709514164
19513.640862396504,-7458.643803690028,-15728.041504966168,-19030.62275010195,-17531.7618310105,6312.8274266476,22022.251317486363,18988.14255177389,303.10536910337294,-13612.823495995415,-11526.137821819015,-1207.7095830208532,6312.106850017173,3403.9906157734595,774.1857510302408
22773.376942002524,-15182.18802769204,-28028.73998491751,-29128.769788022415,-25324.56051169463,3844.0769100853654,22555.30036073842,18774.11808546053,196.8552887282233,-13572.637428396589,-12383.529265945745,-4389.149481850214,5241.038553061321,4066.572128582329,1053.6105570818263
14566.288386308708,-11670.754637638256,-37318.71418780172,-39225.570840501685,-31589.9905518721,2529.1453396201605,23610.546206341554,19145.909420973636,-1166.44136975545,-16244.417135119857,-15092.07388316232,-8686.368221012945,3158.0667757205506,4524.732625900678,1309.540645481649
-1447.1318170075742,5510.438973959063,-38680.47221082196,-46063.12465996833,-33182.310276208016,4009.4857437455976,24955.22500251683,20597.335642524176,-1284.8427277173625,-20017.032257945477,-18948.442116143506,-12748.290214344834,879.8385124339984,4704.961912302374,1512.9424166221231
-12231.465364913263,29905.098365475595,-21494.444317582936,-38318.302586423706,-24550.852761685936,7362.112164456163,24635.439136122455,22467.742614677405,1861.9040555736904,-22153.324043262575,-22894.84658518387,-15626.911763255257,-343.0659344460052,5119.311558529671,1794.121428570068
-10379.527498942158,33600.9684939995,745.8544594930967,-18475.541136710515,-13533.210267952909,5272.1484473960845,21758.498137088365,24710.65179592388,8858.737318793053,-19860.886196540367,-25275.607575785358,-16901.744039656325,-207.85568720106858,5989.013406325489,2178.3960353438424
126.49889974841496,6631.385168716779,-7051.182783545179,-16152.838576917507,-19021.726305359705,-3318.026362941751,22122.692535379283,29710.773402588417,19200.06251396962,-11771.301822955147,-24313.956434914347,-16395.22165114388,742.3490674317052,6990.566721789995,2544.405975995889
10785.725665773187,-9779.106039797502,-38367.457072364996,-41331.55465056636,-37564.20970496136,-5656.025850961452,30795.828880988494,37216.91690264629,29619.343891511086,-604.7831065670457,-20232.40087769525,-14994.740519653053,1152.0796827771517,7646.948892756149,2873.0810676989527
10405.432007198158,17216.587162878775,-41831.332614601444,-56590.89891323739,-43761.615882380705,2059.59095927093,39645.512715719255,41222.15300048064,34148.61863094462,6632.312280532255,-16344.244747451572,-14489.102675716218,-896.1695060377008,6968.215660605275,3114.48677650689
-8439.402649290456,41069.52914285163,-19592.113989449113,-47094.77746804659,-36796.46043171766,5307.552381838035,38806.125234498555,39233.87555417878,31359.98251153922,5511.869612918472,-16044.93653687956,-15449.36203104053,-5519.03134625247,3868.9548714623124,2886.7801999727317
-35352.64454753739,40231.25550594108,-3222.7287017260383,-34142.879559625086,-30761.737011836638,996.0170065811543,32178.260867687346,35527.24148864161,27077.10707546257,792.1433475204,-18426.57987220438,-16455.656874063177,-9740.846673811018,-666.7542264919394,1947.732611281053
-51016.68115523374,28358.399305994786,6143.85465788317,-20823.9031145046,-22525.284821945803,-813.2325821398084,25627.185244460656,31072.85092209487,24863.65066532562,792.5462551134358,-18707.563441735267,-16099.232858943604,-10877.297584249827,-3707.006742844218,869.5587955049645
-50727.65866989226,14947.539910141128,397.01755507191166,-13602.42799106243,-14779.031497585333,-1586.8325146080235,17490.489434058472,23028.855005079648,21306.85827861566,6254.461406142433,-13349.936208369316,-13987.897604325723,-9477.865680616942,-3882.7322508818825,445.6907734811159
-42203.27106848191,16477.46630127478,-8433.603049024012,-17359.363385448625,-15186.861080543782,-5772.3991053966165,8694.060903463214,13661.780612699498,14262.216852182446,10332.829689861135,-4149.760017390741,-10024.401177385824,-7316.453363237585,-2540.778363880391,672.6096217213449
-30581.927025720714,15228.205801320202,-6111.820071276709,-17004.637435325643,-15984.434651474696,-8252.63949983948,4091.6982626273084,8294.182791846006,7658.163691308587,8955.01434911433,3144.812036216072,-5025.242296972491,-5130.283002831614,-1369.367703992621,947.3947878663757
-18943.36624294281,5733.976547997151,-3634.0528733137135,-10908.231448705485,-12326.940671646822,-7066.359067322408,3278.3195937714004,7231.393548300509,5112.65142783324,5253.939705488426,4791.54749695788,-1385.2273522622693,-3300.349047801924,-937.3842104184404,868.7327011851653
-13164.074450671373,1320.093101878045,-3341.8181062886792,-8067.923863777002,-10232.973798747316,-6804.956258955741,2640.414490738314,7770.193286016992,6011.7542974256285,3748.5987602690366,2538.5017204203136,-1117.2397627149214,-2649.0057705811755,-1185.0408788421491,466.31408671027054
-16900.719612738292,4696.454553123587,-586.9044965544508,-9233.203893373626,-12546.44673246397,-9257.763807575851,1680.250633896154,9309.965545937868,8687.162024818525,5512.373659989052,816.8850609963379,-3422.7257572647777,-3626.3381533163088,-1955.296297702388,-46.46665051978451
-24868.819349426107,15072.280098185503,2442.664175076989,-12924.52903186189,-17062.372555712034,-12527.828221376789,1422.4953165191773,11995.237789124914,12072.105639798892,8773.31756071162,1962.7230834445545,-5122.289806724879,-5260.351894149964,-2875.162691899333,-465.26753688696664
-25859.337691865236,25096.042190346416,85.44339513984389,-18315.24510921583,-20650.353191453116,-14766.133889624985,1131.6910092611176,14059.125539253831,14635.537354326856,10975.836301729858,4320.206737966378,-3941.080485632946,-5552.652547897686,-3230.2066780271507,-635.633658004379
-14925.668526038202,21501.063358418014,-7818.570633861941,-21128.413411261456,-20370.733283799233,-15164.662452730285,-866.918260459327,13077.609878367408,14875.361185783937,10652.050186154644,4506.535657615356,-1365.037975052061,-3597.6858768996026,-2492.2706366113275,-521.5713825427009
-1620.7508363781415,6891.299225167528,-12542.898856710408,-18168.479158798742,-16779.328346697337,-14529.257170709887,-4869.144206774891,8955.204583717676,13184.073112205242,8862.782443738619,1783.562482155913,-1001.8137933227181,-1202.6029527681112,-1144.8630037747419,-298.0065056535242
151.97218750121135,975.0827368228777,-8513.896175698905,-14195.346280957203,-15064.785223112338,-15149.847127050805,-9363.929928792435,4339.413661289505,11631.323742430697,8253.575368582779,-473.3765299432688,-3446.934725156434,-1053.5363451528824,-492.57723640051677,-254.2659337061582
-8334.449106180218,10263.228993378618,-1588.8337367389354,-14997.181254657839,-18046.763405718793,-17660.886413302447,-12202.093931073296,1975.6496346037038,11474.583019161231,9827.599608881841,1099.653136848244,-4896.985455664313,-3003.0478944035262,-1155.654815809736,-494.2722948541883
-10752.711074085275,21899.291789704963,1725.456374409847,-18893.070124056732,-22478.44175357135,-19946.64564487121,-12502.109177371645,2042.176225966251,11942.095573729495,11776.348892395445,5228.138782245885,-2636.0039201004683,-4046.4262015414274,-2081.1609038385313,-756.2936367882389
-41.859321252121774,24111.515420303684,-1455.768995878814,-22418.584110544984,-24430.399514899014,-20493.536599980547,-12136.040501565541,2067.218696014687,11909.14000243481,12603.978100289283,7961.834923637028,383.864295096634,-3093.980303710633,-1901.7445032610744,-688.3437143723752
8404.807706302612,11896.828367856968,-9484.000993055484,-22673.513611898026,-22788.32713731642,-20111.40591235334,-13941.602736807492,-273.11089595908436,11830.758991636438,13944.14111243156,8900.557724411628,47.946658659221555,-3336.5152193907393,-1325.4337878786441,-418.62959789466845
278.2143484920147,2945.2534343845364,-7688.467125246533,-19368.901253272914,-22546.848597717508,-22403.40246992405,-19115.19557319884,-4979.480075097438,12441.908432361191,17726.72475491296,11409.586599428249,-1745.2369564864289,-6824.750852444172,-2482.7987098194653,-559.9216907026326
-12930.068150811607,21786.106010053947,2833.2129404255293,-23470.175943713853,-30358.084254424997,-29314.69446914545,-26101.91038200422,-10785.545182325446,11891.125563083062,21445.879925086276,15798.791749523032,-189.07346081530207,-9771.025506718957,-5172.024387336175,-1310.3517827844134
-12670.479381707379,35460.8228715277,-2562.4735297019433,-33914.689530293304,-36164.93773744142,-32001.577223822216,-28462.940092965888,-15191.93556154205,7529.342574360449,20227.86344648398,17638.36604876888,4039.5076865651226,-8091.532538306554,-6435.859658806961,-1979.0549902464363
-2312.5398169116747,15339.244505879711,-14659.27981658256,-30387.60496801884,-27229.678249730176,-23231.855216171418,-21503.968818276022,-15064.09537170915,736.3300566489049,13780.107827071144,14739.719094986995,6366.7273754081325,-3876.669900073138,-5104.715943014866,-1948.9435734644298
4350.687813745313,-4063.095773929575,-12786.400359558935,-15211.809566470623,-13127.991678424449,-11568.275029139737,-11411.796798931293,-11774.603494900095,-4889.6009317877215,6877.426532808957,10576.523004806033,6109.266665034992,-1239.115410948912,-3414.902425393987,-1595.188116869775
6381.880847826118,-5085.926041481091,-3632.802880191427,-3389.7262331455895,-4760.278102019612,-4778.510649603854,-4630.252589258661,-8884.620794196551,-8720.796895659223,2409.090584521396,8660.188571680219,6159.750456671803,-228.84078463429353,-3010.5379697231992,-1574.4374440471843
9341.754575269051,3621.705580089915,4333.760146249361,1196.118723224905,-3400.3288542545647,-3538.3372016440767,-981.813002437351,-5313.323909241284,-10880.561170902478,-1084.3979465204127,8066.369800526522,7313.551730452801,986.9063791281314,-3004.5920994260764,-1827.013204614037
12313.795411383688,7275.046761948469,5526.211164433284,-424.46211636255293,-7002.792275212178,-7260.040570346492,-1214.380442917133,-410.5824029733208,-9625.496825081027,-4634.352284974223,6336.795868262787,7911.858973924825,2464.038721322975,-2377.4288210742156,-1905.4124180871788
11976.202276390057,4341.511835930599,4267.033628508029,-1059.454981351099,-8989.31192088009,-11196.830431593658,-4646.01147777504,2654.1083421781022,-5178.229003406735,-6831.800783161198,3288.022873632344,7117.627622741533,3438.016748544234,-1271.3244823338168,-1661.6199384861775
9186.376793167474,3194.246533446507,6397.846155782858,2579.141205854132,-7060.457437150317,-12104.942687066761,-7734.577590393048,2892.408853637935,-346.6722295141589,-6809.293708504406,421.32568622026275,5717.286292537365,3925.0740963992457,-111.20796403529667,-1238.8806441982292
7060.282479486478,4281.982467738391,9888.642435962445,7128.741387584029,-4232.1387969579055,-11691.93795709981,-9582.539946432315,1827.730302376584,3252.377295321937,-5442.384824645301,-1473.7723168743496,4623.068530489721,4352.768914573057,925.8388464438702,-802.335057926289
6228.775275738457,6439.106869032525,13138.225575288725,11077.805596064138,-1624.8747448385948,-11108.473829335802,-10926.412294036962,146.77512131455703,5620.2703087762475,-3733.042645958205,-2924.1912978255023,3750.5128275840425,4738.9406040388385,1725.509876964076,-446.75623403479057
4170.013643160862,8420.621418828287,16163.444636738039,15049.176591918247,1422.6933100537015,-9938.727433885155,-11469.618212332216,-1578.7746253566952,7060.750629866098,-1869.1845145048355,-4610.457528195956,2282.7219601993634,4624.647970819613,2138.664484939436,-198.89946063202052
-710.383267604775,7785.419094490155,18341.980874569923,19292.720308881646,4968.029610076038,-8513.429767665986,-11355.964643897085,-2556.533348072482,8260.388532001443,611.4267886352656,-6216.677245161923,-170.99196334501823,3676.5630159670623,2146.3968189461357,-19.377134292141246
-6081.505775917535,4663.9982016079975,19408.18265760789,23404.34053897991,8383.445998066494,-7834.9866897731645,-11925.049807168232,-3321.3093293910442,9634.574141667343,4182.084577131282,-6599.290090225007,-2852.771010482802,2241.2927592863743,1987.6757158974701,168.39139959933968
-9004.733919548918,2450.59091892646,20440.417462821904,27137.040166334664,11367.899431278043,-8078.117390486806,-13904.274502352631,-5122.35598032179,10478.452008113922,8402.469502497323,-5256.071341853972,-4739.4705625799525,994.9283797557259,1940.3407789060038,397.3449892236671
-10647.183731235406,2080.754392044333,22363.829517263825,31173.028726590506,14768.134617457901,-8171.76687229965,-16460.41120055394,-7924.076685330858,10278.157411199225,12417.807545261136,-2930.724220434425,-6017.66009062802,-141.9161822908958,1871.0794396842307,589.7139796013382
-13586.285248869144,-662.284301973116,23883.134600153317,36119.30019108049,19567.064541914846,-7317.649785442595,-18899.8889987196,-11091.017684419756,9492.714988722659,16478.5703733813,254.05411327825067,-7346.059692864222,-2035.4894109465763,1256.5813966128314,628.1151372020818
-16460.01000496903,-7157.338754449129,23652.408607552963,41203.74280168271,25121.374745218127,-6206.106872789849,-21917.79253427414,-15254.971874707386,7645.359879686279,20731.97770379446,5569.9651477141715,-7642.400648746003,-4616.303350404437,-19.21073580905238,532.0538347589601
-17063.94733963855,-12044.431008775753,23760.550178787555,46056.96863116707,30483.5384118929,-5309.265693220188,-25734.40840748679,-20957.892879593903,3404.4599264745066,23327.17396628224,12735.956630615048,-5213.388290321944,-6428.234198541503,-1348.229902454174,431.8589113866698
-17079.17734394942,-14428.233002176088,25962.172720048024,52326.71694368594,37160.542595750834,-3004.987914924499,-28817.924522877754,-27005.80077133179,-2790.8609188216756,22978.586129697822,19569.363881875714,-595.8066279226251,-6911.957088906847,-2512.1032531765613,251.1654933305033
-18126.737709004174,-19655.384254220546,27471.04205829486,60599.12369632673,47091.451763733174,2344.8984487125144,-30172.929246413154,-32727.646102687184,-10085.02505890381,20279.131854398594,25555.634012322887,5513.643300725684,-6515.704919119649,-4067.72851119777,-305.6407698291156
-19304.488528598333,-27773.75243599822,25968.86632349932,68418.915607585,58814.24384765359,10085.674858171426,-30213.472351529275,-38768.98346791532,-19413.456674313988,14080.875022877672,30040.191130804436,14088.981729560051,-3857.538311946155,-5529.600574731519,-1172.9547993578344
-20905.853108773288,-41379.77601423584,18305.176604176966,70966.68573390882,68536.79896097355,19242.49153605978,-27957.516058660436,-43748.14325894628,-30154.362006206633,2675.1672436171693,29025.203818588096,23282.677322275467,2786.206227689032,-4924.251673949039,-1707.2977057539306
-24033.932093999814,-60975.49129962423,-1263.6752777236081,60123.93267560094,70749.65455112446,29084.205740892274,-20913.712784697927,-44043.898097145946,-38306.13328460533,-11307.978711043888,20059.935456417687,27604.45519585414,11332.781034724914,-1352.291142939157,-1350.4487961074324
-27809.58909104056,-61852.95557192325,-21086.542546959015,34768.54758871194,58979.647939573624,35493.84705753952,-9255.451991965261,-37806.1400087403,-40452.927671986334,-22595.174948649466,6362.79739211445,23949.1034910261,17172.924853145083,3653.186120533048,-170.71746972125254
-30346.985996860396,-35857.92776832727,-20043.421778013137,11988.506525252871,35679.2022607894,32882.50737724785,2588.0104889751715,-26849.671984191587,-36556.83589355042,-28011.781576031448,-6400.091510290001,14407.383902806145,17437.50234194411,7519.325233641603,1259.1525869802622
-30921.43251740666,-16516.423545135032,-6337.170872631516,6574.370402915848,15238.236255454827,22244.352313319258,9838.90795067142,-15034.984935200568,-29126.62295282811,-27855.919925586157,-14433.908487972865,3839.419308185786,12877.736989295629,8570.76337208612,2259.6154831179647
-30468.688389092757,-18043.11051188393,-2938.296770610648,10719.544991787481,7929.786449155699,11431.424519660199,11647.920276825376,-5582.902612627866,-21257.717759882915,-24689.342475467165,-17511.830216867893,-3926.4962730405364,6690.512116584759,7106.62749022175,2508.099381983371
-30478.75026415997,-22650.28287255252,-11384.46338011801,10357.820410260976,10125.719863603419,6531.571900082874,10760.7919529953,613.4999292990001,-14855.226131558198,-21148.649207962237,-17804.184638392395,-8193.526497540939,1587.3537683164927,4683.232438186543,2195.4451465848147
-31905.90264886168,-20435.025614650167,-20350.907614103297,2812.5221862104613,13286.859093717416,7534.435955688583,10169.919154148423,4554.694736270428,-10126.777810393605,-18475.338358146473,-17455.68983170241,-10322.956874778249,-1761.2226201533103,2522.1283887437157,1696.4213608098967
-35123.99194145463,-15072.429647627048,-24626.24110367773,-7646.58924456059,12883.446611348427,11399.412245621992,11255.91732878001,7659.183049125474,-6354.634332767795,-16661.23280862703,-17461.703371524127,-11752.932326759095,-3954.1114101854178,941.9302583115024,1244.4692290695884
-40337.3229777521,-10473.860478419585,-25217.694158135335,-17647.000346053344,8271.962497258373,15311.97455051929,14180.034347580913,10995.651307440818,-2710.3824197447557,-15205.716406343761,-17960.628932414074,-13250.601835872845,-5735.884516728965,-254.93648545241214,891.6631287664727
-47792.57819177044,-6907.601880197254,-24035.62671835067,-26041.75023173769,165.59560053286287,17268.8351130429,18499.140168307807,15320.183229841323,1521.302438503985,-13545.30938330534,-18747.26406816628,-15067.555524448466,-7580.667643233757,-1366.9757405871014,592.7811028683243
-57726.39441839582,-2720.01268073398,-21731.570951954716,-32741.09020349557,-10528.935048512167,15807.069684607384,23217.84993980715,21138.31862486606,7045.2901019212895,-11103.44625148432,-19506.332081466626,-17200.34550084742,-9699.146867192378,-2618.449803250118,273.31642658326933
-70102.20324891349,3950.1808441239077,-17612.812012813043,-37606.77814073569,-22948.719728442305,9882.751027213268,26720.264082121616,28502.197197145277,14606.727851118378,-7199.979432603432,-19831.964858197076,-19514.4907016895,-12124.340994343573,-4120.1303488947015,-133.72095137679585
-84095.7112072217,14396.98904959579,-10288.118522226281,-39790.76447366797,-35993.393970492274,-1103.802468802186,26831.367584927604,36679.79563769064,24830.796895385844,-1001.5517602488289,-19170.04603588022,-21761.880578901535,-14770.172881344279,-5877.12385916334,-667.9049091064679
-97443.0195045233,29096.40305409185,1502.1569226467125,-37658.50401660304,-47760.35797705831,-17032.581122465617,21062.818352775063,43876.867523235975,37840.11551176295,8371.111928820099,-16779.02350960621,-23548.024777115355,-17449.67858817588,-7804.584804269849,-1329.7388153570162
-106074.53633575716,47341.72041318765,18031.63211666321,-29210.56236323108,-55156.97907810582,-36541.88779688624,7189.966969846538,47225.33192266216,52743.891786665205,21515.502267195603,-11776.461937005379,-24284.22161517935,-19855.132702720486,-9736.005823170966,-2075.671048757212
-104572.30331340819,66420.96719839112,37887.72513012479,-12687.74010935906,-54154.76668188855,-56621.59142260647,-15725.142547473826,43298.59509231371,67183.86252568888,38177.460792788064,-3358.7687649572426,-23183.758176728974,-21527.99677384283,-11430.49084273354,-2823.0457324029135
-88214.78953936606,80943.8617394346,58262.60866866367,12889.969132267006,-41194.19093101983,-72918.3143124091,-45964.616959860396,29442.73495155983,77309.0962586132,56546.399510811796,8703.475218895015,-19423.33749703813,-21888.44662861564,-12599.223742030223,-3466.480205420972
-56714.407748804755,85632.84223679133,77625.36450676752,46937.84168064406,-16056.183682892755,-81263.65727522767,-78180.7969875793,5816.187971134184,78771.99635882501,72923.53877294173,23411.688203636175,-12528.257144581816,-20372.472993233052,-12957.05567919485,-3902.1836751796905
-17089.188596438016,84502.94750507546,98437.66628586099,84960.8057581373,15161.624743359602,-79787.81143773778,-104119.48116763121,-23112.700658789854,68833.43661870259,82480.28031313815,38187.63312525777,-2850.164516056071,-16658.533678766267,-12295.124944140543,-4059.080523187905
18124.590715510374,92258.05377509334,121108.10922633993,115225.0718977768,40825.49053502317,-69639.06404235153,-115596.10682901186,-49414.54686952593,48438.76694642628,81244.66111867692,49363.81769602588,8179.004755821791,-10888.406984482262,-10548.2818796155,-3921.4404084565367
37866.29147183963,108059.53079429208,131863.4825882507,121750.97905543042,50925.94258521138,-53325.9653645949,-108265.6398531693,-65121.20324831023,22457.29144374152,68147.79075967205,53465.31312034232,18301.236170313918,-3698.569721523481,-7756.111601748718,-3491.616556613664
38744.963599052215,101891.06003009365,111392.71852640944,98106.19690717726,44753.614432931245,-33436.772477278486,-83807.15346341794,-65509.59025533918,-1844.87057081546,45804.34067722205,48299.58617691502,24736.22344192549,3692.738012878116,-4056.5253496788255,-2729.9863671793314
25864.344533772117,60994.3618181581,64752.257107536214,57587.659962811085,29905.78068339656,-14373.263812324414,-50561.29653901368,-51020.88058969412,-16684.41165219822,20902.021275221403,34364.32341694209,24658.98027419729,9063.408285919379,-130.55645631242578,-1666.6782293003457
10421.70709126043,16970.054113239592,21796.534753332176,22667.60494384211,15217.969267018638,-1780.5718214364592,-21050.97286035028,-28891.973127617555,-18064.64073538383,2644.3759359799833,16991.276638354317,17695.095796271562,10021.600724238422,2540.952421874165,-615.7580458821212
2352.558768079022,-2626.3449864157155,1637.6909872055935,5006.273610632916,5905.1540780732,2818.9743906031417,-3774.0098057171062,-9836.39760947338,-10171.882880866926,-3841.9858972217075,4185.762282402538,8110.708334283764,6679.022421562689,2837.1486390117307,-34.57415114173273
2764.760812969459,-3934.6792828058633,-1382.0354644821814,941.6037167623075,2580.6572560710197,3171.369747553389,2364.374313713924,412.6164860328415,-1432.0743299942424,-1715.7179600958548,-254.02696575933973,1572.2100239700692,2214.426243983353,1352.8170326716024,-59.64672214839402
6665.654804590324,-1920.3581945901958,362.4705945568347,2095.127871357916,2947.9210629588088,3273.5987731477926,3515.1828766928397,3732.2033608117567,3525.529824778632,2551.507251604799,1124.0123953562693,39.578309190154926,-285.40590235381393,-232.4534589226375,-384.1894159813145
10275.171495804441,-2129.3643199170947,882.5027357715858,3330.8701078366557,4342.535898659525,4257.237545429265,4031.371910829914,4436.8849088779625,5285.893860160093,5453.562773484263,4065.9040642966866,1662.5708061881287,-252.04613478528503,-834.2170394389047,-624.4008144659924
13086.039086055716,-3969.06483203487,-618.692710476012,3001.237522332868,5076.2960362500935,5421.665892225381,4981.051597506399,4991.512756865407,5931.323796470313,6912.053874565144,6427.472020316895,4060.311363775955,1174.200938388469,-485.4960032302499,-631.3057052865685
16072.232571136557,-5721.593356348245,-3209.2933294019654,1131.0760709995584,4520.286006773791,5949.732901625087,5975.336193521628,5905.26646169197,6675.085400474455,7903.004605717713,8081.06490359715,6142.0500648260495,2872.345983462891,299.1803361594156,-466.28214839780605
20219.01678502979,-6464.602575148012,-5876.647144946429,-1699.1165369656785,2733.5724825657726,5531.884196738538,6619.949174664666,7056.880137751964,7904.033775915829,9152.22699992609,9552.537199672497,7842.122668451347,4364.866462353494,1116.6240298560324,-242.43803426766954
25876.66465489388,-6605.445344914692,-8369.008705015092,-5066.562950511357,15.185592474423856,4292.233210706663,6938.014722120836,8499.74536500576,9846.840721331133,11104.422417778713,11326.590331345256,9407.246528899392,5580.575764086492,1782.982235648803,-39.95660570558764
31929.57897198067,-7422.050538758186,-11309.70524762082,-9006.685084014833,-3335.2612863949344,2684.537692420912,7443.201095554215,10750.838120674205,12995.087712193932,14215.312491063269,13779.436024679835,11043.94272240921,6522.018134979935,2203.1315450256106,89.14211287845082
34771.64747325637,-10124.037490753612,-15504.28198780538,-13587.355688138021,-6716.838084332515,1746.4721973982598,9356.271402392576,14984.113038946192,18304.539739316235,19143.31122473748,17273.721010202233,12858.126187105438,7112.795171547726,2249.804305703627,85.90793606819435
29835.87817996742,-14576.222341882662,-20542.72966919128,-17662.87063253635,-8234.354774113717,3823.5283175206932,15062.7997555014,23256.139380076405,27273.046888411383,26780.33001058998,22195.88705348825,14887.705312279631,7196.653832772975,1733.0270540549445,-138.19180588045117
22193.511821252458,-17746.432950908973,-23015.415884861475,-17180.559919772666,-3376.1907802377664,13396.238757390574,28463.617875274624,38497.93147941038,41748.56339634283,38051.32555439413,28861.473902983107,17132.72346393056,6631.947257759139,473.63563877791364,-684.9370922685446
49886.33653557254,-14025.993178376788,-16151.198822145003,-4708.464904909122,15116.840176690741,36702.6567126641,54183.07423910371,63547.66102755523,63041.35835550843,53285.053877103644,37207.97087203813,19529.038267330186,5435.63034236842,-1527.7496629804264,-1594.980929736499
197460.92669402616,-1580.7689286233785,5629.595903226219,26590.85537448749,53317.81289888247,77841.06492558583,93992.46905158527,98217.73739130782,89823.13520152394,70939.13452669351,46187.19811190681,21792.114768422503,3884.131944363019,-3899.2258759243796,-2729.486849571568
533828.3033146396,8415.375069525675,37440.44993757612,73157.18586950873,106430.44810518429,130124.6620460271,139898.16553320544,134384.25529413304,115062.43205960261,85944.8570816834,53000.94302416744,23118.56338901787,2438.310600206657,-5847.966985343244,-3690.8110135979646
944805.5085785941,-329.45435629619186,60831.393847423155,112550.58274260828,149243.39635851997,168035.62335578303,168603.89740412653,152874.57266520194,124672.52674981879,89307.1779413727,53000.838281353244,22028.204306715463,1468.0303795818572,-6412.451528239727,-3909.416127710121
1053146.258951813,-18928.867761298465,57580.74526071574,111354.4633604368,143015.34357920566,154548.31208246428,149015.52259627773,130311.36244230774,102935.79603929605,71742.76895649977,41605.554473774944,16935.965947004188,1003.1762755785389,-4974.748386697746,-2942.989191592147
538966.0836796636,-14787.78051355641,26776.113654905483,53721.531722179185,68153.02177519882,72278.64475664009,68376.06627526833,58758.54757821019,45732.08350450632,31532.482886556478,18228.593214139088,7575.278189321768,797.3819982006163,-1715.9347120260327,-828.0176378382122
-365572.6456923079,12128.917835491933,-16492.572413843398,-34949.52330098371,-44788.230281066746,-47585.04003041509,-44933.34312405832,-38427.49930487255,-29638.75587575793,-20076.63067200417,-11127.439613477352,-3959.6979867811983,615.9207970457951,2346.433406080005,1812.493319050253
-999711.9598244047,22031.777740591475,-52001.291369766535,-102851.46151155901,-132025.9771723046,-142041.77541704636,-136194.9918005285,-118367.06718317277,-92843.58042838072,-64107.95218660684,-36562.456937587864,-14125.242572474603,343.15138313293124,5813.649596278001,4060.6954007169893
-1004387.1541415105,4864.525852474621,-62057.83224231901,-115946.54956010375,-152473.53623438528,-169878.50969166588,-168710.44952909663,-151496.31277323904,-122391.44146953728,-86782.83695033815,-50753.961082368034,-20294.168839845086,-163.69862068833447,7578.968753963109,5211.380437411805
-618755.7231282302,-8026.184663683748,-43192.92700668743,-82377.10898272188,-116728.40885201286,-139708.92446779963,-147655.92076827734,-139832.10178758024,-118227.24796233985,-87203.14750920188,-52896.19720732731,-22189.13045053335,-1102.8387772265055,7313.818584774057,5116.545266955083
-249079.8556985811,-899.319957712233,-11338.536711049079,-34867.96174539434,-63009.19488757091,-87702.40074452967,-102933.13360275028,-105436.80294766673,-94879.94000124592,-73770.57590844533,-47066.82702078239,-21233.275202695182,-2508.6611450695777,5500.134885137598,4144.340996029042
-65875.5023636594,12348.092142926827,13301.01437430497,318.50101371741766,-20854.411050293074,-43239.6289976347,-60784.47766808845,-69442.32961271513,-67573.99586061192,-56060.76851803189,-38192.15198225434,-19057.94621284706,-4111.5884026156955,3046.2580307627045,2859.931702409319
-21945.699150725108,17942.857735093465,22868.454164818228,16161.90663964707,1277.733250048522,-16476.42460604236,-32152.64736206867,-42223.44290691463,-44876.236403305295,-40069.01533671295,-29554.53487432795,-16668.993053965296,-5489.1386452162,788.6633747533447,1708.5027583727187
-27101.10544952672,15669.740857441044,21632.062108821232,18349.571400654706,8214.162997796308,-4672.964585314861,-16620.967001408426,-25169.096068959363,-29050.279448757123,-27963.09253503372,-22538.921691124317,-14460.678559270407,-6327.546481270306,-808.6328093040656,886.2227790428317
-33714.21558324808,11104.808415747171,16693.927562393797,14722.10326709548,7490.693528334091,-1539.3430424514304,-9726.245850708438,-15735.655295203567,-19109.55821489434,-19676.09106033868,-17353.722958409686,-12519.063818862314,-6545.696808313423,-1665.0772807636852,389.49017837746453
-32207.61513920072,7952.841751060782,12208.649129808577,10061.888965889346,4246.587965956861,-2129.961667255197,-7288.048352455162,-10879.365992149698,-13207.256686495859,-14329.245007936508,-13714.321687824498,-10830.625367609799,-6240.2515854437,-1921.5797793609509,128.7817771297138
-26479.728436160265,6817.4474485569335,9048.858413026486,5963.102199930044,801.0333516919121,-3724.889180097544,-6627.049671468343,-8348.645861164807,-9742.408150086623,-10990.323225699934,-11220.20873827758,-9345.376610000998,-5556.075876500959,-1765.9858932129143,14.21649038872022
-20630.95555897392,6642.193847319151,6517.983383828579,2474.2646844168676,-2088.1094896406344,-5096.652888661922,-6331.539319741384,-6809.86663303721,-7650.1142754464445,-8943.961582416461,-9490.816726465602,-7960.588049308951,-4581.229724173576,-1337.0345603369874,-15.310854194314302
-16216.665034981608,6074.610447430579,3872.268664397119,-510.292809453945,-4108.256615028493,-5710.771670949446,-5772.363762232947,-5631.156001029582,-6355.449602366151,-7698.093199028732,-8151.278454178265,-6483.928841225373,-3321.8501908323024,-729.815549462319,-7.070058606352575
-13099.29461680871,4460.889411638638,1165.1837948839486,-2654.9525129360864,-4951.587160088681,-5373.550252789552,-4831.782431760928,-4679.251720476026,-5597.83347258336,-6822.987685084876,-6738.570772996392,-4659.5633307731705,-1814.1807647665703,-97.87150332254207,-29.24304667003446
-10378.880092691315,2460.072720252502,-686.3223453262794,-3350.1828974752166,-4466.043148849232,-4284.424740556326,-3826.446827840052,-4077.1365899761636,-5067.290969971633,-5663.92399844552,-4703.492993096316,-2441.0264122150306,-424.4242164055406,205.33248019969164,-186.9776203975836
-7001.32759095354,1761.3815261348843,-605.3951597399542,-2364.4577575291823,-3089.7260878200605,-3163.3249914037415,-3215.188512035647,-3537.5124061412553,-3759.2053020237117,-3239.4652997217836,-1938.819086779537,-653.3303268613793,-153.34151330737186,-341.53296972562737,-559.8152710502507
-3001.858340862493,3516.13520147132,1198.997017392382,-870.1749017165052,-2278.2866564980427,-2841.5577050404977,-2390.3342597223173,-1071.197896905218,333.8643441194779,780.6818435772121,-79.5484548677282,-1475.5852997758684,-2252.512154435373,-1931.8821278635808,-1048.187525564299
-1460.391036218406,3928.332264557615,56.171468119669925,-3222.3908211848875,-4600.772405557872,-2747.846699129087,2263.4971183806424,7458.015071800531,8433.755608272342,3730.9424379239013,-3116.6711924814913,-7132.379088088847,-6641.420053707648,-3716.1099970442147,-1298.199767940234
-7617.928024603994,-10702.46070680536,-15676.863878053491,-17571.85545414921,-12688.473034858582,560.1295904485949,16915.178058380374,24923.95350486958,17126.979168086782,-599.2065910524831,-14404.288100347809,-16614.44225476544,-10653.398182518733,-4010.817020174035,-947.5449525588654
-22167.989895352857,-50884.539918960836,-54737.35747515103,-49491.581338261676,-26710.946556108185,11311.522190914917,44267.747607854995,47234.186888148404,18206.86961032542,-16665.426438991533,-31544.506204760917,-24690.047137729478,-10809.270147090889,-1875.4166544038917,-29.623220071701553
-36594.52531973466,-95634.30331115444,-103165.8617972834,-90605.13109600918,-42282.774241994455,29299.93664298322,77637.56597044745,63992.47083787829,5973.305211575455,-40984.368539350726,-46830.06118209822,-26357.161709914493,-6267.629417263118,1857.7542004805787,1029.2758943466488
-39170.60911390402,-109288.30526333967,-130355.83863427094,-119229.0452487908,-50965.2688911868,49361.326094380485,104596.25746650263,66726.2235610429,-17074.678715200902,-64555.0364788386,-53979.64936185951,-21092.751133217975,869.9096172642986,5646.629024175214,1859.4769805611832
-23248.488420583453,-95162.96025683904,-124731.89191535811,-118834.06359498821,-44394.341684148865,66609.26626774456,115624.16452099683,53728.52076489262,-43459.06227188201,-79909.35588023008,-51658.340712118414,-11501.594818039697,8201.07389745831,8636.401347341374,2387.029941369531
9577.542967848865,-84642.39822357081,-102885.62134637192,-92176.75800848322,-21286.472182282403,78220.50824798169,107716.94326007925,28862.145399286546,-65611.49432340902,-83646.40487137312,-41685.79670363732,-458.2571450659877,14332.360096541008,10629.811781381348,2653.613332825673
49469.702461651534,-85197.68913929051,-81419.74875223877,-54547.52127880877,9807.143712158051,81612.85087724408,84078.1451848965,-344.34701577562276,-78013.47175849267,-76110.7102505437,-27355.94325072987,9651.578059858764,18524.19658129827,11572.54278779902,2659.7464946131213
83517.31036716183,-82517.30030531695,-62064.96841487001,-19130.155586495537,36879.85870559044,75173.3787315238,52365.252449640844,-25636.70087910958,-78848.96716048468,-60807.54595007624,-12412.111780477202,17185.101064581686,20520.404427260943,11492.9845193137,2406.7861477586807
103223.63060494776,-69734.97073832982,-41900.99133796985,8297.620378627229,52457.43034782949,60157.482910580045,21114.735695081392,-41689.950717996595,-70240.56216561537,-42571.50530403077,276.1548843540364,21572.12655966309,20553.743162124476,10566.306186875918,1950.1495865437023
107508.47540178953,-51085.13641718269,-21715.18460177921,26609.839137300325,55654.139415135345,40434.714168952865,-3597.001367216028,-47547.82157472919,-56407.471905612925,-25431.09832601644,9403.269999088796,23156.397158578227,19154.459169207184,9063.676645612726,1386.061542341641
100511.5035893666,-32373.63794705704,-4345.814123447941,36564.288225192846,49616.7086761219,20482.60752046926,-19353.167217405597,-45468.3605865464,-41427.45616624013,-11577.67516835919,15005.694829219929,22730.656159162743,16914.152613369915,7277.919686213881,819.9124205490753
87734.78739892786,-16850.24490631162,8426.927566571549,39808.609927934,38439.56775905161,3640.06491189882,-26665.732989755485,-38857.71051305276,-27985.933359206298,-1526.0453232396233,17823.214505949352,21114.368093271518,14326.493962855506,5466.469852389451,339.3685749657924
73597.7889150533,-5550.028091737415,16574.011202995378,38343.64176286025,25456.38035791609,-8418.81075723789,-27596.2705864435,-30759.457805101647,-17241.528823702676,5201.695349745253,18750.135525018293,18944.775062179535,11735.078803604878,3816.4103829972323,-5.649379759559935
60725.63210283638,1805.1372484241726,21220.93752960919,33923.36733101335,12795.737689699958,-15369.101988249462,-24640.105644072173,-23196.46514496317,-9234.240657338123,9461.657728648584,18566.11620754709,16657.02552852487,9355.018932540126,2431.7009019140864,-211.22741362931097
50192.21497620434,6357.205700421765,23799.158970175693,27569.693697843424,1673.521649297667,-17698.47437917087,-20063.328945243677,-17097.962141801123,-3403.537319035417,12111.889324150487,17863.71911295161,14529.416559686719,7296.577388897022,1324.7642347448414,-315.8324490050394
42152.4454974866,9884.329310934645,25206.11394434892,19532.188636928757,-7038.435360879048,-16369.410329353163,-15602.861943315456,-12542.890176785457,991.7000505501144,13863.567946693156,17075.272306317816,12721.153649330212,5554.220054536432,402.0816223372159,-388.85860386684766
36403.563388865674,14184.244013435955,25098.37440945542,9835.814272405258,-12448.191852610365,-12753.799662024745,-12374.398153027169,-9095.430529626949,4664.978998270331,15306.347505803538,16533.008375492875,11268.530724667591,3956.3021410885644,-545.7648436663605,-511.8422250929011
32695.238797264556,19560.164825913864,21757.136604867857,-697.6781067036669,-13759.343116583583,-8717.57136460199,-10923.389202286675,-6050.522365425624,8316.681809908856,17002.461540272216,16474.722070847132,9987.460941493311,2082.3905100062025,-1817.6160147042242,-745.6465472340594
30825.532063531755,22872.378092794042,13649.165136476351,-9214.694500792984,-11167.539183610883,-6885.508628643256,-11245.455562158208,-2424.427697812071,12750.996366462834,19484.666425540658,16865.365878587883,8236.0330126927,-776.95359756879,-3663.2574448074442,-1069.6083845934925
30489.226381201726,19515.446440604068,4256.035887415698,-11226.549755843065,-8181.807411859756,-10415.774354036328,-12293.291088161464,3148.8017225204103,18756.35156927279,22919.249591797223,16928.43752104983,4691.199040695985,-5327.100850928208,-5916.283361434519,-1294.8864809608217
30876.939935221697,15687.945893150103,4563.8155514935725,-7143.532551857466,-12899.531248963347,-20326.815093900514,-11366.890092282247,11870.251488243835,26400.53359287591,26372.598189029104,14721.923228720656,-2161.8463745670465,-11266.725144595013,-7541.458775034631,-1061.4364478367847
30551.83806631915,30386.836700669995,17666.20460754711,-9321.124852440917,-31049.099725426197,-31773.205422992298,-5389.10730300609,23348.225696746576,34146.39287881232,27429.7762013637,7897.684760270646,-12215.248176611143,-16268.234049180346,-6938.491240938218,-108.18463205526609
28349.011079094445,58276.0877094219,23226.81801594846,-29085.276561256633,-55185.35594950527,-36498.32677091976,5756.197823726731,34788.397352699234,39032.738197770406,23334.621274983896,-3981.9904505792324,-22216.17382441825,-16995.238941553413,-3437.689687060708,1350.3295435437212
24630.57004703492,64084.1601193826,6467.369091130626,-55858.25635920486,-70105.79615262258,-31621.055792022136,17898.94137446276,42260.63681781348,38269.91630243277,13184.010850073955,-17806.090115379666,-27221.512475678726,-12018.303459560508,1645.6246878417046,2670.1658821720916
21185.925935178497,45650.18031113423,-15090.961828329013,-70264.2381207166,-70332.07307984485,-21963.269519553065,26091.987719123386,43316.57860992297,31235.581915320137,-559.7049544677909,-28012.24680579411,-24290.474240476724,-3520.466259104543,5775.5113289083765,3219.962258634406
19285.408011532854,30078.653697684196,-24949.610324157573,-69721.07212934471,-61542.930017196,-12506.381676936326,29172.300470133207,39044.596580455174,20727.747390942754,-12744.225914399076,-30480.769956691358,-15482.919462088872,3931.098614054628,7044.085219224372,2804.1867843396417
18096.24822939022,21509.02523852742,-27186.96417190744,-62458.764914726686,-49880.32169786615,-4444.077338986879,29433.531586691442,33032.521185909696,11017.71338628787,-19829.19921064802,-26585.587936818887,-6332.508442974006,7431.447844511906,5856.975922199539,1874.8109580871605
16913.517014866055,15509.757260493026,-26268.891094478226,-54075.1981878547,-39384.024675153516,1476.8865901573683,28370.747122920962,27315.055191823692,3492.7045723284623,-22925.497973290403,-20607.43761613623,319.443353492503,8166.642797357925,4211.329334666658,1128.2994009039583
16700.62229056793,12800.859701114492,-23977.188119825925,-47373.682793443484,-32129.771997192463,4325.809886340534,25624.385932335295,21379.552757421498,-2856.7044296694735,-23676.10211020068,-13847.960099952104,5325.6215658727,7922.463344666341,2981.833776825716,764.9225927245589
16444.96010200773,8740.834081475543,-23414.131704771797,-42380.7695719178,-26693.16104290617,5324.462177312011,21816.609595596547,15516.695651974176,-7518.39076675368,-21541.732700305765,-6459.58496009338,8401.576870027868,6426.18091969905,1646.0957337276973,510.55408511596585
13961.60625503799,2143.8248086122676,-23839.917826598663,-37392.154532916386,-21160.02986588039,6369.44174222845,18609.565816585742,11075.336136519169,-9686.821035049068,-17314.580924041373,-530.19483499385,8643.890812138725,3877.1028819683365,215.3229974593258,225.6909029020665
10795.27687766957,-1595.2676355129786,-22719.90745751127,-32347.617447204724,-16106.347640424625,7367.880828623403,16157.844130224845,7849.786781693355,-10501.505631041477,-13055.656255545044,3083.061257040811,7425.461224512737,1759.2375562175284,-662.9788152827169,30.750281372566974
9021.919498906507,-2097.2761766479016,-20731.227160617218,-28133.460868398925,-12461.389017535366,7453.311476819928,13641.524017209702,5004.62978425936,-10773.776033639168,-8983.79413759923,5622.601188994592,6199.089915278993,498.54501069516607,-932.4273532865247,-13.032214142649906
6605.755225043155,-3764.464506228667,-19510.85587914213,-24406.8852767614,-9493.01181858353,7137.713736941405,11474.273317921417,3002.778320154676,-10051.52218079452,-4655.110316057084,7323.0153439402475,4520.988721323204,-741.9354987356712,-1107.6996405403474,-3.5623637349104342
1601.1107102139517,-6961.147298185937,-18576.769441517114,-20387.76199220132,-6181.344212058549,7600.027798617845,10651.360651494342,2167.6599233162165,-8611.922162250998,-786.1049117622572,7364.402681682914,1947.063625168494,-2267.3294485678593,-1429.0168524372423,-33.16848742779539
-3660.8219762460963,-8309.55502377102,-16691.30048409956,-16147.048759504994,-2613.4834062206055,8953.551894054663,10775.956321843845,1391.177473957846,-7283.33228691774,1982.2797102487887,5962.7016036549,-658.8416009739171,-3467.3232594694823,-1664.6693136478395,-83.61689450609757
-6264.629535368245,-6752.710016594874,-13803.448961063723,-12118.142629732693,559.6385681834641,10247.693844661164,10453.596244566239,-158.6319569505099,-5867.566516493696,3996.1974139916842,4266.944666838614,-2358.9647318989482,-3860.3197051688567,-1532.871978189462,-74.41258204769326
-7076.902608330413,-4468.871965883457,-10585.756978078407,-8221.213229154897,3197.3246215869112,10917.348430920178,9253.47147036569,-1847.663833364529,-3632.08283760931,5789.508775969205,2830.2509063194584,-3326.0194806966792,-3665.6399035485624,-998.6484172421231,50.275149865361755
-8841.647458006795,-3097.9786208257146,-7125.8110929513405,-3810.301720075704,5944.317817688296,11368.49110784708,7575.275241203803,-2978.059890599021,-225.1247194641588,7335.038520552461,1112.9047705359721,-4391.83111424964,-3374.7130211070225,-198.55140984096235,281.90860679569596
-11705.372507429378,-3644.3562508950654,-4482.9948022825065,277.8488430031971,8281.657755464827,10931.097643685707,4835.985311541411,-3041.3135586670196,4468.33073586706,7776.934347167233,-1560.0809131935475,-5852.009168481053,-3086.5605571107358,747.0743011417046,544.200646284371
-12736.4475351086,-6733.321371292178,-5251.052487280327,558.2760497809168,7178.705671138104,7578.748772167711,1279.7005767934015,-545.0066977943476,9268.86388932933,6073.732530595068,-4693.8105307274855,-6947.001394879534,-2404.9129311312886,1699.0812859145433,688.3299211788423
-10239.861305698183,-5047.235941652304,-5270.086500737323,-1519.2153404245505,3373.448454155845,3376.919383494348,239.81982947006082,4290.47468846056,11353.066263152852,2709.574206975492,-6764.232581866428,-6722.55031459208,-1152.1383055490428,2278.2784571957845,552.1549057398526
-6960.14935179964,3655.1605371024143,1526.109965932346,1496.7960840091985,3385.8331421308435,3467.9525221875015,3225.8161711150115,8252.519917455907,9800.2257675219,-735.0876514684735,-7438.646665515374,-5635.371089020419,4.887567391825733,2198.494995444397,206.75322551271836
-5041.6619207458625,5645.1333720197035,10880.02363519702,11799.176423164476,10211.549578015669,9063.977757742266,9259.555965035132,11103.367355225055,6351.166783701365,-4740.437321253975,-8904.527422106434,-5417.541671334624,774.8595389969679,2248.533286701301,77.8449275192886
294.3287808430404,-9814.622130639864,15294.745097160372,27090.32824508796,23484.455243381963,19955.916069743686,18951.41951757661,14601.05995111341,1270.1824871793208,-11154.896483491364,-12806.368651720868,-5969.761782148525,2782.9855900986345,3583.256801858429,370.15947097608205
10808.671894664496,-33142.36201609019,5541.6046897784945,34353.08776084256,34832.55048877451,30390.051329472888,27439.734578315198,15810.235883460102,-5428.423172641047,-18110.414980148154,-16422.88955250284,-4436.210606593031,6763.508188377706,5109.086208150471,528.1205292208491
14188.178690742432,-26789.682406769818,-3497.315434892987,25393.490614506172,31765.445210893493,30090.7679258551,27028.574296043425,12226.637514114565,-10503.393753786944,-20607.75948537556,-15655.381756099849,-395.8764714231153,9168.78377561634,4323.674400318066,15.608102283558878
2714.5197462045107,-4664.02411608595,5227.146963852257,18790.776198419226,22920.03184069483,23041.18455951997,20359.55228473696,6474.373416464341,-11663.364022117676,-17584.517442922912,-11474.624443698804,1850.5044342292504,6856.903414930722,1603.0952848970478,-723.5104878713114
-8135.419836516376,-8572.455356614013,10143.346377151189,21511.97689478013,21638.70631572051,19650.520224528616,14562.954280300097,1467.451487751916,-11012.266525937137,-13486.27506715704,-8517.225503751246,288.45301698239246,2897.8836630343367,-43.96048478755324,-902.2220814434315
-2569.8210515088126,-22400.224611596805,2936.979636638175,22326.447859406137,23628.14441366278,19872.69135501907,12161.788522975145,-1346.5295602088377,-10920.463113666272,-11753.620821179422,-7658.661238952853,-864.0324685213038,1876.1349614042497,326.0124589268711,-532.8393360429425
9458.784851242122,-23116.858606103073,-1609.7149880903592,19351.95736005816,22553.367235403348,19761.515802629856,12383.567271521395,-1599.710993131689,-11024.558234499102,-11095.390455646559,-5563.501447922265,1539.0104844187429,2835.603806916185,750.5220052732641,-233.77849044138708
9919.454084504465,-12873.7633504232,488.7121952323494,15393.001036716005,18494.828011168436,17881.033388345906,12527.83446904554,-1235.0870708356247,-10591.108120360059,-9401.864665473367,-1552.4779933326276,4223.771282690008,2189.8548573567614,25.578116718922047,-269.6349697926388
1245.0548327107372,-1926.5698595430817,6814.100877103514,13516.627317127724,14830.638176421187,15233.447524994548,10249.934210648707,-2971.9601423418367,-10508.815644136987,-7620.2367731080085,686.0593361049531,3346.475957347826,106.69725446804682,-748.0861951944698,-346.95842912052916
162.90347535150136,-4274.264256782423,12091.015732523138,16640.8807929211,15523.197621931697,14156.09673059542,5959.909092760672,-7252.81741110379,-11818.75053282301,-7841.659324626252,-1079.4800687335016,607.477457167454,-345.31271617335545,-265.0147383695586,-151.00999066490726
12032.467334726472,-18594.866809460284,9220.406138463395,20418.916144254898,19192.501751477237,14754.772809881655,1756.0996047639221,-11690.494113305003,-13674.920100559635,-9686.420213623152,-4192.382797077085,175.58143200640734,1757.4937776377594,1173.5339570302062,280.325575447892
24670.821379284906,-25484.6551241882,1250.8033996200793,18858.483341480354,20456.37778561301,14783.055543986224,-613.6973671990331,-13362.651270184557,-13958.15467788321,-10570.433976350952,-4804.8665079909415,2485.399599975982,4041.6854661503753,2257.4469613605625,663.7792342768879
26167.14748658616,-17487.754880968812,-2548.5778501132772,13648.226592897905,17564.230797099437,12973.529625252082,-1069.0438374270182,-11725.847166186786,-11813.88109033585,-8926.179810341344,-2751.364471212636,4126.7123424137035,4246.772230680512,2265.4380538493,779.3693968425763
18734.26670769814,-6359.080587881619,-323.1328359236155,9471.405709552659,13019.522553189621,9838.341933394486,-1166.2097661926243,-8939.879310219056,-8491.11791221144,-5781.238237889312,-1218.0316146897067,2869.7673678562196,2776.1470240967924,1571.4441393778823,619.8266678582825
13427.154288332436,-1440.0682135013678,2776.3425952402163,7669.094772547248,9991.689561090818,7033.467788173447,-2002.5579006711914,-7125.554130360197,-5641.4177377883125,-3619.8114572701134,-2513.4573625776793,359.6119535283109,1610.7465373705145,915.2861654379747,319.30946654403436
17369.745291133957,-4066.4270721010625,3365.633172287356,9450.12031798543,11137.618421256633,6717.783503171689,-2746.5164656175657,-6412.748311486357,-4338.593650124659,-4525.17690715283,-5093.580109275427,-92.04579858845517,2026.2303551828045,740.7429879992072,69.08852572746247
28384.6679843561,-13196.296916543934,5154.141666190477,15421.409523444825,15037.967304631928,8145.154918172234,-3246.9988240861894,-6971.308164318511,-6111.605257422711,-8151.785868764322,-4613.047607464848,2947.0365324904183,3802.292350211985,1222.0174504572708,85.30254891101032
40365.0503718616,-16871.081951062268,8669.6347950361,17634.946670772446,15314.317482907973,6639.070015337062,-6782.8839351572415,-11308.30279869493,-12106.59062393717,-10487.914209951276,1601.118917407299,7896.686049930888,6086.498423666,2453.9526807774955,455.20897248260803
49786.108675341166,-13969.130680572594,2016.436344300933,13535.72705864378,13987.808697393879,2335.3214709321915,-15002.2724184251,-20215.985497172125,-19545.374008913728,-7502.133815573444,10842.38873017755,12204.507511456273,8416.830160041962,4059.337132658863,867.0833232137577
52467.58881729076,-25013.727298703,-6359.396217885317,18181.193853575354,20367.41859002055,1008.0025461933346,-23513.27107766417,-28922.34407934132,-23875.988576339543,-1754.4284652295235,17241.022906680428,14716.364655711313,10240.96086418849,4538.935260652436,700.2250711203939
40335.629988534085,-38601.891096941596,651.7436609685094,31313.58331139809,29285.765521981597,47.7019745667063,-30050.74286143716,-33890.45668531662,-25983.946376798624,-438.37269073026937,17878.78138728188,15454.31989266046,9911.82724504418,2248.078170879031,-230.91579540521548
14387.962520623123,-42077.41224714877,15334.722978736307,43792.279001012874,35025.4918144639,-4479.446093359555,-36808.83707569082,-37566.3466992704,-29928.123563529778,-4869.586787680991,15416.595288326047,14703.50472076434,6354.9428219629735,-2066.3187732757387,-1240.5511557423683
-7547.415287352783,-24100.677919249687,37573.44585742009,55370.515213744395,42339.5724823846,-3399.743266606783,-39541.148015420506,-40342.302357640736,-33697.913596342434,-7516.949997776756,14866.941797867341,13655.86115088703,1673.6991494106062,-5490.8113793168395,-1619.373444077592
-11461.595832377587,7330.345280329171,42178.966034765894,46025.93870433041,40016.92793323105,4680.895293002212,-32314.63491429757,-37749.13920298053,-30954.00235850253,-1989.4013802099496,18179.87245965675,13925.884858331108,-832.0277251292649,-6483.928203509529,-1471.6886514780608
-2027.7615644347202,-265.14414366366947,12935.501909516925,19443.031729709706,22303.54435940953,4975.875104075058,-22574.310908254454,-30488.804261649242,-21364.18140025277,8920.335595536922,22560.35367033282,15394.243253175344,-614.3099708479609,-5894.592645260082,-1218.621596665604
9299.067105835742,-29798.41189020938,-2375.9884774207703,15311.806924067838,12829.48847952897,-3398.3389170398113,-20547.97661213112,-24774.91556676409,-10675.451873940698,17967.69003564414,24295.186548065427,16323.559664329483,528.5937314101052,-4842.627199731307,-965.787807503428
13504.018400439767,-33014.78351062225,16340.670091352942,34343.998345137436,21859.17024989403,-7128.0238866132595,-23352.99695142406,-22194.50284240861,-2959.1942441139136,21360.514307410733,22507.163532368035,15546.546425610446,1045.6169827833035,-3863.848526758445,-707.0714509916488
5137.148820564877,-10377.716722678448,36695.31210575714,45606.20832396488,32153.43109442389,-4205.164969283196,-24231.54059110185,-20330.67337139272,894.9554987116176,19854.877332882916,18761.831212148692,13101.477576881382,251.40114930057058,-3329.814451507178,-556.8619735592697
-10905.896758175166,9434.146215382183,38254.15482821417,40625.00106112843,32241.299696877515,-2102.420364003905,-23020.81098327398,-18758.28108405799,1236.2029765837633,16118.834066374688,14839.27949517395,9371.610342510021,-1764.3499718495432,-3154.9672738568474,-529.5718120464328
-21398.4253660548,15228.875965117488,29704.71352788323,30637.31247424955,26424.975331972386,-3117.3854574740535,-21929.69872218383,-18267.517474793236,-195.5791217963248,12989.499042268444,11888.729111107305,5150.739880564292,-3877.8135481697996,-2804.587316151968,-487.2750006327574
-20140.07025638047,9947.523816688323,18073.854663052403,20626.21951712517,19063.6495587912,-5340.137231552415,-21350.26379494252,-18524.927626225704,-795.235367791462,12411.183624947498,10705.378026494003,1807.8409335158742,-5054.810010332873,-2208.8804093500157,-415.33136529852663
-11719.64858516022,-6643.782452191086,5736.486724517836,12509.746465069049,10290.629151225805,-9490.120076231377,-21672.49411188727,-18808.12512428451,824.5013149208379,14380.998830617998,11327.315192534477,-17.27054092887957,-5456.392218694413,-1745.7134291390907,-414.88826763067703
-3781.682453862181,-25003.807448830543,3332.609746106658,13601.86556111795,3860.9690171226916,-16068.317723071967,-23560.019814591742,-18671.8194315852,4158.270564109475,17145.74781965457,12658.313845285607,-830.2754375758828,-5529.185179926338,-1545.8686001040464,-493.32901379086906
-3752.951407306614,-27907.86894527467,16299.299106636714,25062.04771844554,4991.548003206586,-21188.5121877881,-25788.557130902962,-17458.1708022813,7854.842052042493,18823.837591640837,13522.852374694183,-1097.0277668983435,-5521.806678697897,-1680.3456976252646,-623.3169422788716
-14659.724603883453,-11103.39670404611,32491.47186593656,36163.44044407702,11802.290107573039,-21443.316497567845,-25984.614446496154,-14598.851156222338,10697.493355656487,18780.10800918976,13743.568008771024,-1271.2393379626624,-5991.5000043828695,-2344.1689304092924,-844.1972980576021
-29629.597658168004,9293.560293145569,36929.062784313894,37400.84116118042,16265.823516306682,-18262.5681210069,-22749.964748839655,-10061.055112777873,12305.692708779927,17671.415427739077,13399.978062279986,-2302.4838094585584,-7004.669040685798,-3291.850172701465,-1126.7497945292678
-37912.37301468312,16168.00784789276,28783.48439870612,28967.08085713903,13441.081145444949,-13676.099122809725,-16491.84008396322,-4582.553612254515,13028.561458406264,16207.636096685495,11867.753113168252,-4189.306331823665,-7487.795885527272,-3815.2211451578237,-1297.9357843200187
-36703.33759128758,8661.264053396895,15958.095264635005,16893.927565172355,7637.907834378121,-8355.095268369447,-10162.073336943302,-35.249103846805596,12996.092662501758,14431.711393652688,9031.27096621637,-5593.0016263741545,-6812.2271865109,-3628.325004448813,-1257.0017337987656
-31653.89529294612,-1479.5880485120776,6121.389486852699,8587.407066866823,5237.927025868959,-4515.119088296406,-7058.598117613428,2102.8761093021053,12626.827893573842,12878.529216018256,5836.635774216833,-6352.431704693325,-5831.6105299346245,-3240.127591792351,-1149.4751326832215
-28810.28422292699,-3811.8394241666533,4749.759233787814,8818.886499675918,7054.8039785590745,-4959.844283936177,-8835.170740622625,1667.1904371289486,13036.034926002807,12500.751471592743,2543.449120252173,-7661.964057037387,-5621.420547078069,-3291.379693542918,-1130.5225778148713
-28565.426377780288,3974.8388018316296,16707.41460512689,19670.233454436035,9611.690032054292,-11580.870867187034,-15302.749512302365,159.0448628000154,15589.781690131793,14062.579465240267,-173.9602311669777,-9684.66238058789,-6555.023452222561,-3656.706019848428,-969.313239964732
-23331.755779359377,15630.106941473625,41343.23889804175,39457.00203600377,11686.634967347616,-22319.67714929283,-23669.58364525011,1843.3469017984314,22910.07215055309,19538.92092198787,-221.03964934818438,-11968.917354461855,-8298.370681583847,-3135.0797371273916,-201.3601307302357
-6378.124245554224,17673.672170939586,68764.64840222825,61207.77039980358,8846.05839527685,-37978.14043232848,-33998.538388887915,6441.3242239106585,33972.26467726552,28122.71996803578,1324.6720149614214,-14444.828369719302,-9474.646904606692,-733.9703679805034,1052.321124563413
11799.161324547615,-6769.369820215076,61916.89824857751,55026.71363273294,-9015.330384951778,-51487.16971570686,-41808.95741423,7774.112300443799,39717.37763134079,32295.663795723485,178.5092719295659,-16113.961011724683,-8671.94577316044,2298.5712076314667,1863.3955349435255
13061.808444956843,-14342.198535259504,27019.600044332838,24460.18647834197,-19783.679009225187,-44018.5751155689,-36210.54921137972,6416.850592878667,35205.439176388936,27537.00887844239,-4148.048559942969,-15703.835601119426,-6580.792753544355,3529.536441887851,1654.9927132565585
139.38748201399994,1840.7192838501387,11218.760027395576,10283.218823208173,-8858.50913402657,-23782.997557573377,-21646.457286043817,7063.345455260468,26785.376549489003,18903.42189875674,-8267.047172125207,-13980.021062843622,-5135.464230643288,2757.2255477721683,960.0679822463492
-8975.012311914124,7648.6471232411395,12719.817133152157,14152.87903681768,4644.120355559292,-11019.191633136325,-10355.93259294485,9684.946636877248,20972.876285187653,12358.716510781029,-10397.841066975167,-12575.902324860926,-4693.046720215928,1831.2292598389467,509.61626275776337
-8102.186262950528,8643.49591870371,18913.8657868872,21877.710303831955,9153.077044741305,-9154.3758194163,-5357.406412594393,12597.841363611511,18407.012033937284,8833.754863522141,-10822.796941937066,-11513.075367807149,-4168.668616724275,1601.238270791644,352.43867945487204
-2145.227383752648,12467.140142920873,26407.16357890701,26476.04897113371,5078.013587420808,-13297.14720205335,-4841.8107641770375,14314.922543950459,17195.41273049633,6979.992118877979,-9893.527523649063,-9907.891423719779,-2991.045793422488,1578.9221207936355,239.0944530006674
6716.60758947013,11457.904375907206,29726.132617509666,25158.49262197006,-1927.2261212251492,-16966.96974409831,-5375.425829895053,14487.668701280974,16055.818352661609,6117.417897893844,-7948.68930304358,-7609.358717066561,-1120.0122056893244,1608.3157589726595,160.29876932726143
15632.790336850207,4971.9623309484705,27020.70686573439,20467.861755768023,-6900.036019861619,-17935.54693445492,-4735.090856155549,14377.50335662835,15110.05247086116,5975.33050599557,-5889.1299873801745,-5094.255442971089,1378.581859090184,1808.7233213893555,188.48457051538463
18699.00851814202,-3981.9322469054364,18737.22108047618,12465.74154199983,-11987.217713277645,-18883.532853772034,-4973.256947319852,13520.30486131921,14038.211996383046,5075.749659816366,-5102.894271204492,-3202.4678979286664,3559.0749554136078,1950.3130593711726,297.51203105198556
15794.922528898394,-7865.179712626428,7281.151117104341,2019.1745371406444,-15711.538371542469,-18761.771988902365,-7047.591814736149,10517.746513321628,11595.018504302936,1740.2162785402295,-6343.69549163494,-2901.684113138489,4295.036707301729,2001.566513330913,484.21451076663277
12369.824478413368,-703.1793482757878,3961.55123691082,-1045.7601248773678,-13041.621981661128,-15626.886095453297,-8073.585877373208,6907.467514411034,7901.746251900366,-3376.8289410943,-8793.370808235108,-4155.651180229702,3915.4817889678984,2231.3110146153995,754.9502376497328
10557.112693377361,7029.619841928922,9504.193316071382,4819.761686816279,-7901.771380504606,-12599.530226111006,-6448.739703296992,5319.1862753014175,4692.810708102704,-7813.25015217827,-10875.647539066575,-5540.759514909082,3653.3430684841665,2592.2323113985067,1030.681910046031
8004.094235776638,10054.755329574557,15537.547901224883,11518.542779216592,-5715.832941743247,-11614.439878438687,-3437.896159698632,5825.164101625363,3172.7552050941954,-9938.408775120677,-11630.38401692978,-5581.897105859259,3873.583187979092,2671.3505757714743,1189.7167104382656
5433.6502962805735,10427.591489908786,19453.3006939758,14966.456230878242,-5726.588067063322,-11142.527804435276,-660.859693799723,7259.846216249856,3359.7823149747387,-9900.843476525562,-11090.038068993348,-4358.669832722743,3871.9306358948343,2303.858649730561,1175.2156400082067
8073.423091033459,9361.308320895252,21241.10538916418,14903.643672549442,-6659.985864255222,-10753.053799769752,1494.8770343279032,9131.016644362893,4461.111988367674,-8828.920829527722,-10000.068677037872,-3119.853070654371,3439.865071224839,1871.1103993567476,1048.061093363226
15790.242265080333,6910.652419922857,20495.82296708394,12490.052057451729,-7396.888519758714,-9783.605471969777,3488.3391937016386,10574.504857084115,5498.3349492079815,-7457.227835335198,-8715.56469837663,-1878.424836363714,3184.285664297474,1652.669800918638,921.7983637423988
20747.07338848449,5561.63781780359,17325.03974890336,9421.426545096152,-6648.924374510175,-7815.127514020668,5452.025732287682,11888.119822923833,7204.206249709339,-4843.223183768773,-6051.037625156974,654.493296265031,3055.0721383704754,1437.8664135153426,906.6455581055499
20845.69505310385,3388.0069515780465,13737.480839793467,7321.380191752821,-6467.9173293216645,-6295.363804300954,9526.550390439545,15082.448741982698,11009.719203331731,-176.16238594894003,-1385.2049323472802,4301.811646230466,2748.002829552678,1365.5302819954795,1114.8449375239725
23731.738109957198,3025.274176125363,17445.6194258791,10643.212460775723,-6272.575517789586,-4378.058295296492,16123.582437796504,19589.62724737528,15714.87177831826,3946.8236200394044,2689.687343048979,7497.016442508761,3143.1017296765785,2130.460135133666,1452.8151571940743
29687.825318113297,13154.437131770104,27568.140000583746,18289.325971467635,-4941.812407113517,-2520.607081461062,21236.13648860345,23525.634947997147,18571.42835135964,3792.4881852263516,3112.9531392883337,9350.643011872642,4907.343607138425,3467.4429472137613,1467.8304261880628
27293.734173299308,29289.93025981127,36388.141780294965,26777.20823538661,-1159.866661982751,142.98552160865574,23431.672175251737,25115.959835070575,17790.638751116607,-182.61096462746536,590.9058539586979,9677.736547090313,6631.916433314232,3848.151523292636,938.9699532398424
15079.129788809736,31320.72366297006,31120.407828397245,27910.772873843387,5081.107367588591,4798.563357454833,20593.654445627773,20757.261361611832,12768.54038223836,-3814.216474031166,-1537.9289457386565,8284.396377519111,6273.575617208177,2717.1432221447017,383.74802586020456
5436.396144407557,14938.917921467311,16681.99390007632,16260.540806673162,3831.1701830659927,3710.947543845953,10870.074612906199,11020.936929095295,4732.119038801406,-5172.665040643385,-2174.4992996158817,5170.04813159024,3769.542927572609,1292.9640547419956,331.6731878803697
3346.2256979985873,7637.121882905282,11720.950598114323,6496.45962206983,-3362.1124690613,-2619.0902131873563,2676.722442950352,3740.2651035790923,-2056.747531196036,-5667.313905598293,-2834.0332238644737,1632.8497365162448,1064.9289788477413,562.4764476193948,577.5377813781759
3173.655745825326,4216.190414613213,8666.655276647949,1745.0480925957938,-6832.812540504191,-5375.592633569096,959.9374351636162,1923.3621617275828,-4370.641430515807,-5881.01581116444,-3572.42387922743,-73.96195139330985,-88.26165902181904,320.2012709833198,642.7124424216331
2745.059278404375,989.2741470169152,5753.180141048644,-2404.5460007045594,-8926.225488291102,-6562.001218454809,729.2800203201865,1865.2909075368448,-3909.4904391520295,-5435.887183971074,-3017.9259062381,728.8200820902813,390.59868139589656,192.14725050017847,444.96210916537643
4527.5326317393865,-2218.6020048870614,3354.7869191360974,-5089.1040209587345,-11770.005304853918,-8834.587106808163,974.779894746422,2433.5730677586566,-3335.8221367683227,-4781.569319029553,-1327.9382117076343,2445.9075676156544,1414.9471557484574,152.22892553667572,212.5078047747374
6926.679747363589,-6968.403309432555,1173.1358611163766,-6623.608040737423,-13679.631374667897,-9844.562257508924,2768.9074114184787,3637.247544873969,-3430.3965011070204,-4559.928086735113,-64.26282130232963,3347.5278077890107,1973.3658446575855,158.46500555761924,92.27895643379219
3929.0733818235485,-7838.599880705789,1481.9739084213627,-6831.605578706177,-13858.462007836204,-9295.537589908958,4128.824643813248,3904.5926891568474,-4385.272572392918,-4903.264055577609,-121.42081926961157,3041.7386682954934,1737.8109844553455,57.45287333710519,33.96764874655122
-5684.10394434085,-4946.609515631797,3464.1374164683157,-6024.67714595334,-13164.805243049748,-8412.850985821968,4338.360205294623,2976.6147347306596,-5658.032570224192,-5302.305547357813,-922.4437371995525,2060.733724953395,951.2910171837827,-191.1769044766953,-67.62737713719255
-14025.098745488915,258.1189077840356,6172.406701794923,-3160.4451204044494,-10752.108527464252,-6200.31949272467,4694.077530560541,2259.5454377465253,-5799.955397634047,-4852.58041446545,-1224.7669029694275,1113.4809025438235,215.9599106921903,-350.7827706250996,-201.99884443457483
-14466.869006084846,3511.5078052662157,6532.491065395289,726.7829773225715,-5871.852534086535,-2349.028857855969,5256.82050376335,2545.1319075854917,-4145.435317282875,-3143.966685337165,-314.76190386763756,774.162998678607,242.1558664688191,-185.65922907474248,-284.79602347183084
-9474.994909969351,3677.8110947746377,4933.9849214159285,2511.7923360597533,-1699.7898051407635,437.7104170517219,5083.618816709199,3125.4657459834843,-1893.775490145995,-874.5355569504303,1282.3116433755488,1083.1023727110348,1016.7765290584158,149.6376058330123,-303.4712225031916
-3334.455700066923,5147.853424932355,5110.154816576711,2769.96207351589,-730.365883256716,804.7221351045939,4501.187146123779,3181.343272567604,-686.8779930814399,615.7698448683128,2214.226792473198,1305.301204921821,1614.8366368811653,442.1735946249035,-291.3844758118684
2559.9706865178696,6087.592536909919,5686.285811039881,2343.48901902804,-1574.1917759672779,462.42732705665605,4344.617694583862,2935.0538951828457,-881.0432654874796,494.8462269324349,1739.946023510734,771.3844946302786,1381.568912351719,654.6639762228281,-305.8246922226
5983.905531130071,4803.664579292249,5031.061717611635,268.67022840149207,-2765.561245889838,338.86014406894833,4294.733460552903,2683.126829879227,-1844.9816368298766,-863.7945064625324,564.4661553388121,-199.035991578841,479.0493451584739,620.8079102591788,-451.22159980220346
4690.0580020565085,2675.8962766617396,3903.3305044857784,-2020.912544509431,-3768.970832751119,286.11732006423824,4213.107704126939,2399.848741436261,-2874.1684196149777,-2252.550675631825,-54.62883780026743,-769.5819789935003,-523.3013894115877,201.68268735351305,-724.6359145724621
1384.1560169430752,1087.1690369331538,3630.1856885510188,-1859.8166219285663,-3801.345419540999,1077.284665145276,4707.0671825699355,2255.5334406483835,-3175.5562531306377,-2417.290173367869,338.51182136243665,-488.257989528394,-912.7457872150663,-288.3710724851487,-912.1466134297668
992.776503198466,3205.9248671003934,5606.659725004356,844.7142793239113,-2078.371213873809,2967.2045618363986,5085.1604215839525,2579.306550314169,-1811.159451770568,-851.7372351985617,1310.503021083388,551.2200409446062,-408.6931888396059,-403.74751609465,-854.4028418315393
2785.641528522888,5970.2016214443665,6603.893806954274,4430.970618137578,1683.8443728217896,5077.082349233252,4718.241118681041,3435.5775347291087,386.2961933848669,1084.1389415355127,1992.4751724253474,1542.552874355923,272.78063590648617,-233.3544290120891,-705.6277651245753
2736.726275867064,5093.272940744846,4879.85573709597,5096.153901161953,3344.214921558199,4545.333725471112,2952.2198577970444,2785.922169178108,1221.0603120186279,1304.8664754938127,1360.7024884825705,1395.2535311802392,493.251944876738,-132.774213036863,-688.6806613744106
736.6027507204169,-552.7129127486405,-324.09736964302596,2289.985133240083,2842.0843023467014,1215.5793840291929,-750.6103186919988,833.8980746283682,1583.8725508215412,389.8462963682477,-288.34686597419153,499.32248797898785,641.1822027283753,-126.33411976866044,-785.9218023761902
-1924.8323456339508,-1034.2119776983332,-1277.576014407398,2266.725447992467,3351.7639964628984,-89.01559161807549,-2684.372526913696,259.2748631400558,2140.918675227109,-312.6104582066259,-1452.644940796732,-20.394487662850025,794.0541345883594,-242.12248891540602,-871.3756656750384
-4498.98868659075,294.57383615889415,168.77759617907356,1785.999659486768,2322.098712646629,-633.9076980433263,-2980.8066457427913,-284.97655202566614,1612.8255913754715,-1229.5362974995478,-1885.017770388187,-330.5443961151295,457.04327372233706,-607.4911209697801,-877.8421387571027
-4895.0361258868215,534.5592086993953,1037.337570312828,1099.7179328489624,1234.9361741146683,-776.6494448035929,-2782.2415912741326,-530.2298869212818,1125.7224674004974,-1824.5486854925934,-1976.025205670404,-511.9673220622469,8.098065171902704,-927.1447604969057,-802.9924640777069
-2955.2634806456144,-104.60650865974182,950.359150669276,204.25377211245907,132.97632221668133,-189.64343300133248,-1543.7204244687648,129.38963069769704,1393.2015003232561,-1331.3772679899437,-1667.0015942734956,-15.319073346049834,180.89451687656953,-892.332289166751,-716.2705891100799
-620.4711133317165,-111.11725439947197,623.7135556515801,108.73700166143483,-434.55316250234443,43.801863065403666,-624.607791719535,361.5299039436893,1575.8613074532961,-702.3783724746555,-1357.4548775744704,855.3805673185707,787.2727298515389,-741.9171288127509,-669.0462574172702
1347.3321701240725,855.6883528082526,1371.6152245022627,285.68048778509547,-665.3091628916333,20.882764978048954,-459.93861033600297,-159.80323044819573,1157.965517728872,-859.1610072094734,-1480.8391618811954,1280.48752145253,1134.3594529371067,-781.6489415728709,-614.9118988296352
1794.6785857419263,2107.413612060137,2478.772422288125,-938.8810785851089,-1816.9247659009786,-23.534937664447853,-370.4989969500601,-1184.0311003964077,-53.3825389790629,-1441.9155661157488,-1660.6543860726233,989.9465789948812,894.2469174809606,-941.3090606421183,-499.81616580885765
-720.973934988791,3626.269757522625,3854.632460510789,-3279.4575094250667,-3872.139434483132,810.495383947987,698.9383733859621,-2412.818980314771,-1837.3875500174875,-1374.698231234981,-1159.5961603763203,189.26497635023708,145.21849626270068,-1019.5925486661904,-341.0573249509171
-2849.0489332076572,7696.4100128941745,7607.0424596332705,-5471.660040933981,-6034.322264260922,3763.003175848666,3572.505684490707,-3674.0605436577434,-3561.5199274677484,76.20932130670195,243.19913753694,-863.5567995576727,-850.2498448373153,-868.1065967323773,-152.66474738733393
486.04488074912825,13597.367045445315,12624.018715586546,-8389.0704778349,-8525.834023953965,7368.833263216948,6619.641125963083,-5157.8947971054195,-4608.036345387064,2286.139490745125,1828.4666471472117,-1733.742772750101,-1524.3469084843232,-439.12666259564213,64.58818209349043
6409.655712602252,12457.808548640212,11576.58173371139,-11069.113919161244,-10060.61332903951,8045.244238104408,6835.086784227606,-6015.820079549561,-4391.980891757391,3611.0328156488245,2552.41368672462,-1746.7418108361812,-1323.8923822936424,-49.993400487142935,227.7911637699222
7857.38656707716,7059.58799288556,6863.8265138263,-8962.705998383517,-7754.413986373674,6210.314195224881,4875.5019030877675,-4910.522071334197,-2904.547000548708,3292.0613984569873,2239.8117404394316,-792.9224039408981,-532.2526293423241,-57.75142825776413,284.900388143728
4882.923829743041,4033.58608428699,4035.3452287422483,-4863.798100380805,-4082.8404780029646,4332.005536591302,3071.9926506397246,-2913.064442179141,-1399.361055032654,2003.2557463923654,1501.2632616688672,220.15447664528108,48.6355215468034,-247.54017181932534,340.7281466077392
2811.139280714366,2137.6616291911496,2228.3703749231076,-2577.592047174353,-2056.00488544194,2715.6865467827433,1612.0032831760318,-1731.2314818384834,-1013.9570437698355,569.5203456755896,694.2850975824938,421.0482043515041,93.38170327023477,-253.0871452282057,473.32166709241676
2896.88924199862,1024.870086475144,1344.8279223255322,-1477.698187467536,-962.7046726862677,1582.3479572049762,573.244290220435,-1223.5100548724663,-1347.5045176542567,-535.0763512677046,-91.9210182146252,-7.053427500563885,-200.597656311094,-158.0567842485953,595.9264604223738
1974.6547788244895,232.85709966927294,678.5350574368731,-935.1560671585771,-424.24692212943194,1016.5450899564835,257.85716985141926,-828.9477036460432,-1420.2129490414743,-1040.2850154463258,-574.6385191416091,-300.91372943094245,-552.3909675942324,-227.066741255213,617.951835409133
-537.5055967854914,-215.15685799758683,143.27760680696892,-565.7614754269764,-222.34105427504755,971.693477897702,553.3349219531234,-389.4943619892655,-940.2273114245756,-918.5370759302712,-462.4251929623051,-107.4598187388163,-698.9853628593937,-398.27000352578943,609.6569113603666
-945.0489464174751,3.355157362106681,409.1159617541998,-521.5346702736168,0.43100463460957883,1694.1483032121434,1315.085189479549,-62.61283777257779,-104.68965927906032,-49.248602949478425,323.4786524432987,398.3013484012221,-371.9193051849404,-321.98894310812955,708.5378977342993
2265.620118280658,1432.613124584856,1745.902160249147,-1311.0917016997926,301.62463094614293,3578.490607644021,2652.986210125831,129.4624254733705,1101.7425224377153,1466.6067437910172,1406.092572605258,858.5407868131807,298.61190414856344,104.75087651882069,883.5797747310012
4778.836123934096,4985.408725874309,4470.8865912529845,-1380.3064501771298,1326.3463096912528,5385.050875044171,3720.3215334210668,286.25459764199434,1915.0799436350221,2430.571266458317,1748.9301786780304,765.3422145949295,625.5925507229928,495.2467082776899,932.9426945494235
3980.8006201476956,6629.143551547779,5449.718429116825,-1027.1554609160592,1667.6324789503851,5315.940363145575,3367.871621808742,-12.209670893476073,1652.3048457903465,2311.639052272179,1112.871805985882,127.63888490893109,427.5223503313065,563.7762007555818,819.3298848453134
3856.1953228391208,5426.142401845812,4685.824693308367,108.21093547353857,2104.7074012404278,4461.778135311333,3195.5468141845245,493.7533989242073,1614.9337495656619,2007.613948890666,811.7020702411498,-68.41650232568482,365.5518441648685,587.1593026068249,747.0167123772087
5454.233063545741,880.6382684615652,775.4945021226716,-369.76207095562177,675.2823747356672,1873.7977242750721,2260.3002500729867,1263.3951637832258,1190.0339627433525,1318.818841353548,944.9862271306431,271.02462237274756,486.68549751437,738.7728789776701,768.662419090446
4266.476113567115,-816.8168079945013,-1583.782245033585,-2594.162642671498,-1991.1493972130302,-371.9085422699112,-26.476302477781815,35.29611645206461,-500.4779480677375,-11.753623701093858,141.4249056041691,-113.32744108647725,142.46198550344968,673.842359680204,733.5152161984616
381.6061335473398,-1062.5891896517319,-1569.8553134568392,-2134.742464333249,-2217.1658188248953,-885.76533404787,-987.8707810591459,-1219.5522765825167,-1684.9871285917616,-1103.5041242540437,-1291.1452204226118,-1281.5916972061327,-633.3860532541916,295.6722458353253,626.6684620995537
-2006.556247103663,-455.86883188855546,-1160.3368056533996,-1378.7122193770786,-1542.0723941920091,-923.3930344295097,-423.77584754714354,-859.4202454164649,-1601.0021565106956,-1388.775496549249,-1806.5051163516232,-1956.0392792668174,-1219.0023393834958,25.529934198783224,550.1224184312059
-1958.5971972828543,257.37795899613184,-424.6013928900085,-1077.1572984760278,-896.3348158662229,-508.594729498622,437.03870957085024,90.08029195465866,-690.1059920619621,-744.5344907445735,-1014.0269590012117,-1583.4527476614603,-1300.2013256950063,113.38735901502838,503.690027959145
-821.3564596979988,460.7136800350825,102.01111305732493,-580.6070341178986,-598.6005767816215,-66.70257476204,887.9959801035877,727.4677275521577,598.7612839134822,575.9120199072835,262.9187613690112,-699.4433576483777,-1010.6349783088325,366.08818551318166,419.61644922860336
870.9837818511003,467.7504620163192,224.34549909056682,-473.50533627552744,-654.1124502611899,241.2867048251935,849.2198061223011,940.594774817548,1679.9877441137664,1865.70277646728,1164.4990216061292,3.8388888889270447,-617.4872308917631,517.4531370912287,279.16693439248303
2637.1369145184744,283.8252253041903,-4.1544917554994925,-1039.8054700230734,-639.2734826648052,649.6452134659402,449.836958068076,720.6379142951015,2099.9395727407864,2525.886053003255,1392.1880262023008,277.9434525545287,-264.2484278605318,503.52143485004916,108.46085232700054
2934.561944000253,390.68856852303327,-171.26587947369768,-1824.9175750648844,-516.0360536363189,1055.5970818723654,-393.9854306734445,-77.71855446580064,1874.2624922605803,2450.7624559453016,1074.5329797638067,270.51654579604326,60.63012239823814,392.1331160478708,-71.9339595961397
-148.35517672259903,928.6231896466062,-130.27330684645023,-2654.0114820780536,-479.63050879680054,1270.5517200242327,-1758.6151504278546,-1433.5525142628742,1218.3431911628122,1784.712311151068,404.0997597289633,113.4800984257617,308.4751344208398,184.74504162864713,-264.94304967081507
-6328.904655014681,1703.5473313630575,-1.6450935787045893,-3611.787963091547,-760.8254985711412,1002.6600703041195,-3549.758115377641,-3092.682768831907,247.9126531558569,684.2642063394593,-520.0557376917774,-263.6532761232019,264.3196967989984,-130.48724050938915,-460.2250085618059
-12199.219135569592,2916.568519868424,414.3338491440872,-4573.590627809624,-1103.281983516281,498.305228550408,-5056.451452824908,-4390.023831683348,-559.1686191064682,-399.31430848833617,-1402.8715753395068,-664.3602184896663,12.877465304330599,-368.21086840514374,-614.4048593738519
-14235.62565471441,3363.4516292825174,836.0872376101598,-4452.984577641856,-832.392559985611,391.16859843978796,-5033.4841087594095,-4334.1194659948005,-584.9490348525267,-652.9939229704023,-1549.8023367160754,-418.31723696997943,139.5104261281232,-350.6745720590584,-698.9034026958882
-10608.507946302372,1448.7836130907674,-555.0416289313098,-4228.169428014184,-1090.1412604658315,-106.3154158634687,-3731.317676133936,-3085.1443178953537,-152.69166045902534,166.62090350557827,-638.0934022815683,597.2685613617875,828.2231994383271,-88.09512776597046,-690.5947313686597
-2150.0032105547693,-9.639677021478732,-2245.9892019682993,-4651.76097853022,-1933.3314781006447,-1071.6096431757799,-2607.4077516962066,-2082.133188724946,-47.52414843880865,1044.435945035299,568.7951783213632,1418.6727135844899,1475.6646858023514,351.60748617580384,-592.9518921551673
5414.211689233755,-1198.9470852493591,-2632.8910368289653,-4028.8606919494237,-1867.585386552331,-1293.909261617988,-2251.3110633555857,-2032.640106380212,-284.2779054880226,950.1032689372623,896.6919495387087,1261.6567919145955,1494.9097129731804,671.3472561518919,-546.598210754911
5323.507375929336,-1680.8479872095222,-2037.818960803055,-2821.5982277129892,-930.5137397026059,-554.3927027607524,-2484.9176908574054,-2361.344113793932,-33.398142240433856,-121.55997086418887,-215.6786976580416,550.716796101518,860.6600913797051,412.8574170050577,-693.2755844774582
-1012.7288659993977,2545.314824005081,1223.6896985397016,-1975.1063049009865,1547.6781502853787,1453.792697787818,-3649.5976107546444,-2652.375711991635,1173.062949002559,-1803.1932131891958,-2219.1070583752394,316.23120618265887,79.41259663926917,-400.54260984174084,-897.02464580338
-4411.137284672294,10485.80938605971,3910.4852454976663,-4214.087512631278,3933.5328877589022,3059.201243826505,-6303.439551412906,-3223.2426904429008,2390.945338900185,-3584.139320327941,-3777.9884205255316,890.9682278425308,-257.0223884372435,-1083.226861953915,-881.5423988983945
-1152.5085887081236,8719.537074838021,-1175.5024670044124,-9228.159817894206,1805.6393074369253,1056.4040517254323,-8736.500633113048,-4165.573875229243,2042.493503981144,-4649.785308759887,-4021.1801928975283,1393.4832332532105,-100.27330431678251,-1065.0720188735509,-667.0717112607064
2271.6421879547697,-339.44473434443705,-5752.198126542256,-8923.522116030595,-2157.78775695173,-2204.587063512291,-7856.5806499034015,-4502.176348209109,249.62725163347517,-4384.712973493721,-3321.010883952785,948.2141249619093,112.01187176027389,-618.0275949747532,-540.53473663451
1922.8206038411377,-1485.7481481154723,-2894.547874229281,-3927.5197998583403,-2271.5829374509917,-2308.953565862272,-4668.63528052029,-3652.045750120745,-1096.8451941558876,-3328.006854373224,-2641.5510197217473,9.453327947790513,79.44205693819833,-400.3527338424332,-577.0052659653771
1157.8028139667153,1403.931874029783,125.78924575095357,-1332.0565783661464,184.2222292424629,-382.1261319990882,-2552.410647081489,-2478.8051246579575,-1275.4028981013807,-2715.571891295588,-2529.582826743942,-549.6269978321559,-252.74789513205678,-603.8518418242385,-600.7251699229898
949.3649786047476,3559.520197668277,802.635039320322,-1698.7918572493243,3293.6668798088167,2014.4365894948558,-1747.156978144125,-959.9939422654141,-515.9234883136737,-2559.2745187357664,-2680.457257618108,-751.2659338423323,-802.1149676515712,-961.3466153734237,-550.431349513892
-1322.2626799811194,6027.731150168051,1883.6823581487668,-2055.8848154559264,5624.1874879127745,3832.2068366029066,-1611.4647681849447,1143.421968733826,1140.5773128899898,-2260.667930832099,-2447.0581175710868,-839.6532799278305,-1164.2547512108745,-1165.1649268226167,-501.1079308387774
-5289.2580913916945,8786.076579849128,5002.912747611229,297.6760714032864,6792.643488028706,4858.496067555527,-1202.9586354617927,2900.0376844597554,2679.647093065336,-2060.481892790734,-1836.1301473324006,-686.5413614316639,-1067.933382919071,-1116.226096102603,-451.10939829238004
-8135.947928278517,7851.056724432864,6361.231438101096,2944.083145910402,7002.333336067,5737.029061066354,116.33718373550971,4053.0121947109633,3464.9649143781194,-1949.7665815413995,-1244.8691588142783,-365.6302946931037,-867.7529278251696,-986.0353779169177,-349.0060492001463
-8876.58885857075,5164.300838805934,5197.441865038329,3821.967149838861,6112.8165129879735,6142.245764735277,1677.343194655714,4993.4683118027915,4097.4869560002535,-1507.6115353289485,-615.4910668968231,-31.30504357176917,-866.3512298035239,-938.5710228276992,-217.2022325553981
-7759.450839672456,4292.803102681949,4061.6916710357305,3877.4365881458307,5385.455743614644,6498.381811361102,3191.564700521239,5942.989848420344,5006.847548761037,-642.9898589589286,413.69643440156494,562.325886958757,-811.3673004630994,-859.7363245253509,-96.76361660715371
-4023.628529593612,5689.396872394982,5082.070236296005,4696.623367838517,6043.01190371258,7501.929146947789,4823.646280119784,6985.9194366041,6204.761896122431,677.2474848093059,1993.3397158678831,1682.3583035051943,-385.9024401479286,-566.7564839852573,20.459522795332433
2898.462062231463,8274.15782412743,8735.368054999732,7297.526589144581,8368.322764942883,9424.369473257822,6579.23906588606,8117.096027095902,7553.29389692352,2350.1915665185666,3783.8716917263155,3082.2007836823304,379.2243453208419,-135.08333300283255,143.9970917586813
11255.100426300492,12340.16832229542,13435.14355605271,10639.622703246,11848.066129736739,11696.061676983692,7874.604342670923,9108.708626926302,8583.15238478565,3838.737080284969,5091.224405553501,4195.985649098568,1205.0918212756387,218.57602866903312,275.3658648760479
17245.210522057718,16632.076622653127,14612.164210219586,11038.290960428727,14432.348610755322,12421.361424588678,7770.059533673038,9422.699005239056,8686.900200041127,4516.229026005645,5495.476422224017,4712.2750221713095,1851.2807406534605,409.1058687794763,421.15593320354765
18194.43761763896,15247.749624306747,9277.494970287351,6783.617468633051,13586.463758991234,10038.372352831339,5762.714427920847,8530.28518952565,7584.707145862369,4154.760628931519,5160.43025397291,4653.888977070025,2176.383744299956,408.35185104389313,556.0854141510872
15996.049412332894,7679.2999124895205,1759.6468235595398,1000.3280177554652,8929.117927006206,5121.531072958656,2298.3877327154983,6593.187820058155,5556.267547806176,2988.985120268823,4431.781886354024,4105.917811433501,2028.7306675893424,265.5691046916746,662.9197650598187
15231.926999741225,1473.6054948139945,-1958.5378676416408,-2463.79020783236,3414.123867118559,244.38142043103744,-1192.0420190233783,4319.023173166269,3086.720168986293,1295.6472432123749,3734.4518053037564,3337.1157480074244,1519.0488669851004,250.11378328802778,785.6184539258993
17753.23180198251,304.42066102882234,-2098.125491409449,-3421.003368596963,-259.93778133283456,-3146.3871314856724,-4055.9473943403873,2339.883985842412,507.2834137028286,-675.8045800665875,3543.0248705120243,2680.2692907772494,1009.7825875795479,540.4214652545007,947.6982789069432
20244.130077185688,-1214.8360890365689,-4350.564334757839,-5764.96664363616,-2260.6335614103705,-6063.747155967965,-6785.131240723876,1008.2420126723459,-2150.553617575959,-2820.398956938535,3502.072805028844,1752.0521102481823,378.77240180048534,940.0403606381907,1047.1202089711628
15190.302123163923,-6829.739133439069,-12000.057919865389,-12032.577486540657,-4065.7151308281914,-9989.143936348857,-10069.862646837197,-527.308769146415,-5568.514434922675,-5683.815445475581,2340.5766093566294,-427.2491376487545,-996.6436501005815,968.482294410716,877.7186746454828
-2294.5254106033008,-12987.448925826771,-22445.700532348663,-20839.919441925602,-7267.841211800012,-15743.666176111183,-14581.735593966545,-3317.039235472162,-10008.035103851238,-9386.788761762511,-700.7356589586586,-3849.788026981418,-3151.772873966378,159.07797181027678,383.1407652999789
-23271.249316699716,-11948.921321926417,-28720.208400994907,-26495.840736398957,-9362.907333041387,-20523.50207722866,-18458.951069132043,-6461.185502424465,-13720.269479877925,-12404.297328983599,-4659.946365488088,-6648.476834280811,-4984.085322816831,-1297.3838976086963,-81.67731263840528
-30799.192205247837,-2642.7517884586277,-23506.73798150553,-22539.069286311205,-6837.829783426642,-19824.979853544737,-18263.758366652248,-7785.563126555514,-14359.96624286356,-12913.575457584586,-7294.992502458125,-6931.346365485344,-5325.752382980942,-2355.80096939052,-91.55397378035525
-22851.28041372592,3313.045267804939,-11250.44539177275,-12024.184288582279,-1920.8944222935806,-13978.169588181694,-13739.992910141731,-6379.080500228174,-11770.221470231032,-10852.18940098561,-7245.178271428631,-5159.920275711908,-4328.953037543489,-2261.7447638691847,241.31086061146857
-13065.033509606144,1846.0195393207723,-3497.73440721476,-4511.632231827516,655.619718329704,-7962.192545308848,-8416.068779932471,-3830.9216614046013,-8115.531787566082,-7862.737524411754,-5417.270217402546,-3318.7630700585164,-3117.328023972975,-1459.3706646105188,479.8630274610878
-9750.15939510405,909.371668317534,-2377.9291298592625,-3035.990844224236,481.92301256333366,-5380.911923394728,-5509.068263840407,-2250.6253199778384,-5528.651590406006,-5582.7196799947205,-3592.140479767201,-2429.2410361042994,-2387.0086397453447,-768.8920165480554,484.3976522026472
-10773.29701859565,2837.567696706964,-3423.1492265682828,-4076.0956320186315,-64.01021139657189,-5702.510294608251,-5068.918906030166,-1988.0685160084672,-4491.193760784289,-4404.179673584229,-2450.3366831358817,-2167.656831927443,-1988.8554803296724,-378.2094278538326,394.55059980537897
-12019.128240224441,3981.6276026157893,-5161.902277285626,-5259.998564892177,37.59395153491423,-6794.672426493111,-5429.571793190054,-2160.52993378928,-4427.552615970653,-3801.646212980388,-1607.3075056971825,-1940.0223910710383,-1466.8345230362295,-20.281284402316714,310.42267219080475
-10431.096637427629,2916.2671793445893,-7634.56224110826,-6131.890182043779,477.24753768908994,-7105.178865792634,-5225.600281883567,-1908.5912422510974,-4728.500060444916,-3181.5472982465058,-673.5931819112529,-1451.80801152137,-658.4888619926493,430.92531244801455,255.63989966482376
-4653.468772235362,1605.3241143393266,-9218.935128298686,-6260.892259438543,645.9826750107877,-6609.002264465183,-4371.628912766978,-1003.5984472468874,-4739.188476702314,-1984.7488703342576,480.4766081145064,-745.0276517869722,103.05507852605183,800.0704953809221,222.91590784756005
3077.8353814092593,1354.4551290977479,-8260.273916224467,-5335.540684827737,477.5037199856711,-6186.1552047300875,-3423.104089108314,304.6443799239516,-3976.112580953465,-18.319964290158907,1858.6695631883154,23.232548489840156,521.5779085171395,914.0101998122977,148.03274629052348
8875.45657593686,1131.0578600018246,-6190.447483091569,-4421.906792457098,303.19712923761,-6038.016961571939,-2239.1840220643467,1823.1311295050575,-2636.3857136640477,2150.611537159948,3278.221825903783,821.03855866012,818.1015289859441,885.4832132196493,-18.386191557481595
11716.113759255,-24.99495386165161,-5275.287760263835,-4304.871038842233,524.8448830581776,-5851.714839759426,-561.2440948601495,3408.5923851760863,-1260.1663629677757,3873.2233839508435,4450.863705403153,1635.7897867392142,1267.8349670542111,948.0553170969026,-209.16840962221477
13204.788111975695,-917.177066216017,-5908.841226014668,-4158.0291806846635,1765.4220512211093,-5382.327519746653,1499.5081620059775,4875.8684394452885,-128.8221613545821,4925.826514173644,5098.613431946169,2211.947532723463,1712.040353588477,1120.8601024881548,-329.5156102292009
13326.347064546913,1147.6918722014432,-6170.818073561701,-2411.2457819073916,4221.314122387043,-4521.294112080615,3399.3910938067525,5783.579637933809,533.555499472018,5281.7945155769885,5033.71914303179,2109.563277464322,1861.6990154225973,1157.6781294914526,-409.43653057066956
10036.560649782856,5958.69454669563,-4738.089963661877,421.4772125901133,6531.073023822392,-3923.003203189395,4386.092035375197,5874.391439591582,508.4150933726505,5242.831584484264,4272.987101375691,1096.684888934553,1630.8584691517146,805.2371194382692,-549.7733549106932
2930.6269602680804,11005.903767239355,-2761.6905779862545,2811.362123728606,7846.489342293513,-3290.033589082308,5158.54980932819,6000.5352038914325,117.83524230884242,5350.88182320995,3019.5625183761745,-465.84338821614665,1153.6309909634733,156.6988396919711,-753.9599241640101
-5876.695658946057,12465.421665227886,-629.7020668862397,4682.777889827337,8640.086153246939,-1048.0239669239184,6891.577292469065,6948.670877294444,-18.110342193803675,5784.987736742378,1712.7937339799055,-1796.1909045791235,768.9305067626476,-446.9606548562788,-937.3187223843954
-13795.931927643167,8064.2475121995985,1029.9208944483476,5678.163291914749,9040.424124439522,2221.260817882499,9063.399302142516,8229.11278037783,152.07096349078108,6297.147661638707,585.0361790390559,-2597.080087762816,597.1909851345785,-889.3013632199436,-1056.1934947232955
-18785.31278572953,5398.552896025023,2964.306786811582,7100.4567441685,10121.219214181805,3757.9044009375925,10453.741793042871,8378.82583874242,-493.0049334033226,6115.274030082801,-822.6107108537743,-3215.076445838078,317.27941216244557,-1217.286214824882,-1118.4937037692732
-19381.71974861778,11098.319968084134,3023.0757092367944,8164.705634041753,10711.17639638266,863.7296120240911,9366.993804654563,5833.279910384092,-2466.922544743137,4689.1623009818395,-2386.649772795932,-3618.2426781956065,-90.3564615467569,-1336.7903808989788,-1109.5108963026687
-14827.186258453885,12909.646916109823,-2934.063237151695,4637.568163566824,7372.893106449964,-3959.782326775761,6019.998353285569,2032.2742785748499,-4070.0056604254382,2984.4428756175794,-3005.478324590762,-3260.7117418964904,-131.90841860957354,-1110.0678354769152,-979.9285939630504
-7266.203385639997,6241.610480089456,-7380.272168879677,285.64768586681953,3175.2618599182824,-6062.7975739907815,3261.465080316877,-310.91249277564873,-4203.803700131525,2108.7316979705943,-2465.855433224673,-2158.210251762252,328.22098887294754,-612.699323864926,-758.1397809544169
-1741.6704376969751,800.0357321592984,-6899.655930754228,-1488.716630998339,825.7188501840909,-6307.62174380346,1610.6769475850429,-1687.3944576887716,-4151.349536326034,1672.7062564922107,-1970.3477233370113,-1183.751782887158,827.0899339974516,-198.3030716014726,-572.6274702529788
563.6558126760308,454.57285497092624,-3952.1122628903854,-1286.308484813844,-308.5870524131491,-6376.539458615776,-102.32116443847863,-3486.657203947159,-5012.651009745713,933.4880143397329,-2382.8051947015274,-863.2121526493163,1081.0429400593953,-110.11681343789922,-452.8124833705911
3308.93455989806,4399.804759105114,-1581.8716395402816,1016.3735946281697,518.287997639362,-5647.568083632623,-1180.7912140772873,-4954.142510936195,-6009.333236558194,131.06427521012444,-3145.5218380349793,-697.927025651122,1298.779055863927,-137.74774575198973,-312.2222244498938
7366.311164537614,5972.053971577237,-2931.5646629477,2801.662519687652,2029.6472270957968,-4477.318684857569,-944.1103363767216,-5146.76706903253,-6067.239014786737,-186.73335260428033,-3307.6708697837457,-164.8055182001977,1635.9066540657584,30.379247103708664,-158.71904988756444
9658.972470417453,3500.8225873337074,-5305.5412419792765,2115.054150514361,1961.2546742861728,-3784.834943668395,-244.90369612536307,-4399.836167406006,-5138.764493753634,-70.20155197369269,-2710.0117829556393,436.0007814950743,1856.9755020995017,323.5268997178166,-95.44683794691804
8867.637449012005,687.3983394558887,-5526.47797045682,121.48193599071831,433.5059774221688,-3712.243063430257,108.04363929469471,-3446.912490003902,-3825.616339693283,141.303760643009,-1874.3107860470084,552.4469676399226,1685.1139275364094,420.36272295936953,-138.5092111151597
7207.461912268149,-694.6257233716528,-4409.399737768356,-1499.8291699377385,-1127.8508120102572,-3978.733351686815,215.89390815341886,-2719.309648503708,-2652.397297192754,383.45416205560286,-1310.2344040293472,252.90273370202237,1228.3723965339564,209.58057563503237,-178.6570180799699
7103.132405074863,-1077.9375256622664,-4089.5162052162027,-2266.2498747138184,-2061.421790446304,-4567.1918592578195,699.7149570883652,-2254.1721194096936,-1626.8652312323106,885.2624113780078,-1132.479037396776,87.45748512050432,812.1921887178597,-125.09049871725244,-117.9111865205752
8207.53261816319,-114.72281097190174,-5366.193226403865,-1846.2415743842207,-2220.4213257096512,-5331.938443659215,2017.2675123907547,-1870.574074185056,-407.2212657452137,1837.2158036738215,-1172.957267852881,316.9404103902325,511.11981291138295,-417.2414575092909,18.4276036834394
7577.22584870709,4281.032578561833,-6525.543760233216,682.5673689543448,-960.233149331948,-5134.185513054501,4112.725549727029,-1351.2165431168019,1054.6447598715856,2995.8887779510096,-1326.4810253807188,704.6911750909584,210.85157889335716,-644.1004936496887,126.23149514283394
3115.9531010985,10815.919827938193,-4650.508656416078,4899.578847771933,2029.0483397001651,-2975.4811329376043,6542.868284231308,-666.9134039867922,2378.174874954272,3779.0887925753937,-1601.3221758733187,1007.2571373175181,-16.287173661713837,-765.3597127659298,173.66573011461287
-3166.713401223419,13844.432796448937,301.61582970599227,8734.632942746419,5738.711515507609,419.1820846379784,8664.062539379182,27.341544551730806,3350.059619830412,3975.982757548388,-1913.7005810791168,1279.0865177763426,-65.43595547867187,-722.2171645955964,242.9353660777552
-7022.229499126885,11865.239283664185,4982.890171596005,10796.570759037355,8684.304529102372,3507.8497428327687,10137.748877558657,608.8168568554122,4140.461424843126,3902.3055888104054,-2132.2301926540317,1641.8294624138125,-74.92916675153731,-573.5069229513728,385.45642289604814
-6054.914699680678,10605.951683338022,6662.599476852172,12107.366687877831,10192.401803665394,5049.929681503906,11022.15279919167,638.538979265044,4738.135347164411,3741.4976578079354,-2195.4434644899384,2122.591318815584,-141.5794210647581,-393.5277820072373,556.6686737311961
-298.1765599333814,13489.131995311142,3502.7089697411116,13106.17818234054,9291.479478006962,4046.783756479928,10860.595520430123,-526.8993234369735,4794.953245157907,3358.2027313405183,-2101.8807584688475,2794.4050196421554,-98.21197021701107,-101.71617328362754,730.3899166107856
8269.6257684747,13309.81441029212,-4342.503198325047,10822.753939039958,4674.986327835532,184.51930768603222,8732.423379768326,-3199.5094183862643,4064.6638996724223,2546.9022616298416,-1980.8572457008245,3621.1548675184567,124.23508769036727,354.861230581267,920.3506530398807
15625.205969311268,3719.100606133415,-12228.836948326823,2645.067587800984,-3428.1720404944913,-5898.782933624533,4421.749577925066,-7053.338885555911,2444.0795735229754,878.7384448880764,-2329.6242139092865,4057.649931191487,77.5629347764762,741.177670028132,1073.160831556353
17968.59873889993,-8427.370205030567,-15374.024871683087,-7619.575549913124,-11552.029489701634,-12092.036220548442,-1254.3569911697343,-11384.992890261832,-391.4313646793886,-2298.4534776835944,-3953.3817720872307,3543.5961892131645,-865.4681745619654,809.5796943525597,1077.7256409739362
13570.877419238028,-15120.283696118307,-17895.71232977824,-13987.801386113488,-17398.56544719703,-17196.82830624513,-6049.25219599736,-15841.816184208847,-3435.6657070155857,-6378.403425390127,-6517.5990813399785,2349.5189629757488,-2575.508436332397,597.6702604943823,870.0279994843986
2784.9502484590203,-13042.600337330667,-25107.499469807368,-10938.992585204833,-18947.369928776592,-18505.502567150634,-5980.087274365834,-18315.440255574533,-4170.4268181232765,-9187.36122838378,-8254.137049532419,964.134268336014,-4153.783084838912,143.7311142674307,487.4503720349258
-9628.952529805925,2599.4003866997105,-23001.063531396067,1614.1903980856414,-12973.728896448098,-13059.36328546448,-1364.3516650494853,-16661.27292776133,-2385.9153260426137,-9491.466234601501,-8150.439996280589,-317.30835568032023,-4829.714411900313,-484.55752543638096,110.80546447459574
-15886.748708835594,15457.394074232458,-8170.871616995308,12040.948393841434,-2919.9075221015864,-4028.046572226306,3763.030412245653,-11596.26672770346,589.3824792987156,-7413.286099593298,-6244.099732865618,-759.6369827775225,-4384.9660034642375,-866.9000367801317,-34.62137415541088
-14350.226633306756,12107.250625379012,2380.7233849147283,11929.189383851357,3732.9547265171464,2605.124594871141,6415.141951442344,-5370.111354058473,3498.674485599009,-3855.624134317814,-3108.6417863553356,79.89560835058109,-3203.722451553184,-670.0217337695331,50.043726532952405
-10501.37418894265,5944.422170060413,1371.839714207028,6315.235704323245,3282.77801575555,3299.75909354245,5651.965811240577,-1050.7362865764815,4921.539487163749,-560.2484332781232,-54.89727268530612,1461.7101346239551,-1969.257197901974,-141.21936189848958,163.12671350605
-7565.292551968118,6940.256246093874,-969.5615371905185,4170.85404392272,244.40319498295952,1046.0391812721043,3553.770719693423,123.12982914034735,4712.534559952573,1283.6606856119938,1855.4601805184702,2424.327134710466,-1021.1454720437251,289.95776702290334,206.6259871210517
-4613.349445863559,7280.174291356498,-821.6078090173471,4881.616627584652,-976.3207501749636,112.02394433489286,2582.05660254774,-312.5470694650226,4027.689413815025,1846.2058880764926,2593.8793066574185,2776.840934239761,-302.53662252815417,510.30893962235905,223.77835501960158
-1466.9682588868288,4101.7758570911255,-2007.2877382612166,4799.390826901157,-913.3698598361148,911.4258898161465,3064.923189752183,-593.9062504804615,3810.9173363808027,1766.7725055129367,2626.8408553659883,2736.2721060555486,163.60143803906055,610.0314340577187,226.72349981256426
546.4169580231248,1059.742307140156,-4839.306887213523,3870.442310155215,-1139.7342582658014,1883.9337939489956,3923.529180322462,-402.95367030159565,4112.138834408601,1317.0458694099184,2258.630105093045,2300.558654721829,154.55965902884162,597.0092946972511,174.6749508684575
793.475251239428,-276.3001269836231,-7040.702729940626,3125.4092098991528,-1745.9974146851878,2299.94600978692,4337.905699275559,-319.7432312937621,4480.885336544602,420.5284053341619,1590.8002699982972,1351.7033481026936,-389.4322178573769,414.13022718211494,70.25125228080427
-368.3307819546947,-149.25511723124575,-7167.463897598295,3302.1747991857696,-1966.0669741912661,2627.415645361733,4293.641828188447,-742.7488636571009,4542.309657598053,-919.4923463888586,818.18470395545,135.38664478802593,-1112.2779318407477,142.88688661068647,-31.032527220919235
-2416.0723659013747,2360.833976947064,-4768.679113156268,5409.316552763972,-1277.6432628399036,3448.1557747545817,4011.6359630077122,-1596.8530622970525,4230.1303165272,-2426.534621738554,319.5104913201628,-758.0581132460743,-1491.7865993299272,19.21982861155874,-103.85951015888425
-4520.521578716633,7718.409794488804,-895.2680577807986,9161.610246391478,-50.63360559801828,4482.905847551994,3415.521934323271,-2680.9441971705273,3712.6029427327658,-3764.0107673771095,385.31853811025286,-983.2198210741442,-1302.8876126107239,182.96471692401857,-180.42620068511673
-5231.169100301781,13169.66123505562,1921.45526109595,12141.040374509425,454.7632218379578,4685.410452069476,2147.460231979892,-3933.9487854970453,3186.5814468015474,-4727.463608067765,986.5062907833351,-744.2969933418108,-746.2409165269742,512.6697887901624,-288.39216816351615
-3082.3033164410035,14213.772965233875,1194.9368894003107,11564.854280642736,-1275.3698717459458,3182.340000812066,27.329470002336052,-5177.564847947552,2823.132067227092,-5200.091151227273,1866.7513364253507,-437.99822797245395,-156.00352295560452,791.1350237058446,-405.45645384579035
1756.6545517087093,7892.229386784916,-3923.801885385533,6712.576767759704,-5431.025295356663,416.1015226854619,-2326.904345456852,-5878.331929668139,2792.149895996555,-5154.829830015734,2719.103888316737,-284.848270136828,251.23232484536663,914.2689092544795,-497.26573142716825
5487.201509657646,-2567.2671904342074,-11250.347769680717,578.4281702670496,-9915.11214273688,-1921.7203121578282,-3857.2644621514187,-5606.391010638174,3043.89100262096,-4804.820129178233,3298.403523416646,-504.6051058715324,289.5361131086506,791.3169426580646,-608.8939893837728
2905.844055601572,-8723.80833827856,-16075.910224167523,-2880.3018924321786,-11891.016190072642,-2525.6980788888764,-3977.7331817342265,-4493.535929030886,3440.1817796336227,-4744.407905579075,3538.4327940366115,-1473.7680787422066,-155.57488518923589,292.420373095419,-828.5497441328112
-5055.911991806633,-6563.401915218589,-14513.210968221683,-1064.1622925840309,-9764.50966140941,-171.41700116051226,-2510.919591172388,-2922.0103380255205,3969.1435274167484,-5258.207363986575,3522.693063845743,-2905.8172645794393,-711.8885704242721,-356.1355040257466,-1076.9947730890215
-10752.804365852391,4878.418471199753,-5113.629896910304,7051.226801820465,-4386.293395670765,4877.573717213079,-46.74946224241614,-875.7941753714106,4575.629228689193,-5169.55546035505,3610.8416222016135,-3557.0743829796593,-686.0071195324796,-614.0521242730412,-1150.1176073751938
-9425.88399777345,15433.519453605504,4583.228412525544,13891.494576661975,861.2139562884456,8909.73477747934,2466.4015950649987,1717.351513256369,5460.381509659698,-3577.6545686818104,4213.291702982585,-2960.1565971527098,58.93769736229331,-359.5234559444498,-1008.6899307543033
-3304.128378591844,15713.442414902533,5332.946165106249,14581.214188969885,2152.3143627230747,9773.498670725432,3557.6443890961273,3585.499483454078,6190.179458761491,-1680.1067439413944,5042.873096097122,-1951.8010852556413,1041.5462922547717,87.4852350680078,-766.1324999906185
2307.3195277112823,7507.759903879992,-2786.7991085515173,10032.179245534207,-1888.3021497932818,7224.888209363395,1728.060078534786,3202.2245410398937,5544.71219316536,-1023.708975834799,5271.898937474735,-1456.6498847258897,1688.0377047485947,395.1371401567945,-546.0755860320637
3713.233900101801,-3448.7887823207234,-9652.410461325453,1483.994002475793,-6682.190080805507,1690.0375930276077,-1970.7667287149163,558.3124615406175,2879.6343975513587,-1949.2984300611117,4141.051220709403,-1832.181694513465,1592.11928111781,357.84106605140244,-450.24404492274147
2458.678644272842,-4172.189262087039,-7120.300815227678,-3071.1167963278094,-6404.904075521392,-2595.1065352726587,-3750.605901596046,-2008.1665209033783,-184.19904305845773,-3280.690311908754,2082.596759000081,-2609.9260235034053,967.8991171350278,79.78208617786487,-456.23095217585427
2534.9043652353976,78.13135059820799,-3247.0550101686895,-1445.5738455142127,-3848.868669208336,-2961.586193168593,-2927.1471817010283,-2794.27936328804,-1737.8127583629418,-3836.308877077483,429.156046156241,-3055.0742627564737,488.8884213594473,-132.07395703094863,-439.1683023317697
4399.375987565973,436.0617257266376,-2876.9559963732954,590.3480425537223,-2754.376056279476,-1530.406279010101,-1662.3291322308623,-2399.0933533875072,-1834.4890334719444,-3457.0602414058058,-175.6086729880281,-2835.8084591442944,482.1270867670378,-121.28316354408747,-352.1219681770938
5443.357635675908,-757.7590549054507,-3251.9313124551613,1011.7873453814876,-2538.7432996148964,-236.53473606121852,-902.8625053401192,-1735.1190832443374,-1246.1606901771256,-2465.5515964285514,88.35552156862144,-2025.4051577656423,781.2879447192104,49.007279326593334,-253.6406099227193
4321.859974030721,-1133.7728517246555,-2929.0258445737786,844.7541732243438,-2125.035086900462,470.89627473723806,-522.6822872956947,-1245.694104946949,-539.2580956178962,-1320.92814595628,772.7580079355532,-972.6285821821058,1111.4429328516594,230.28064174362814,-194.6332663462906
2168.3780329822284,-1000.0690381275964,-2374.290387205357,760.1315665412138,-1632.0018876718218,684.1523735594096,-350.0293320948485,-1034.8789695398457,-1.1109328709476927,-458.59090487588577,1380.2876665258243,-171.23929646980562,1279.56896924255,284.3054088563206,-164.1043526976882
676.6145052055687,-785.6167489879845,-1999.6439745256137,612.4249495448378,-1618.2813847357786,418.2038267041261,-516.1065316047789,-1070.9575589674275,264.6181376385797,-126.41073741182043,1499.914598530765,-34.626292610557186,1163.2994887836846,125.07261450684751,-119.49063151639507
339.2671300471869,-751.5189581745485,-1952.9396008337806,223.01602230473728,-2252.2715750819925,-273.65623271227275,-1139.2115497685859,-1308.7277752915554,206.76968235676136,-356.5231697209116,968.3876401569403,-643.4423889219001,756.4487239587809,-231.91207263575097,-27.157546039678437
404.36436248704183,-981.3463989973407,-2265.106697902353,-324.4375058408277,-3245.8419223443852,-1082.0493446979374,-1937.808278408687,-1630.5530449278197,-118.74112139920692,-983.0639930710327,11.165046046492932,-1570.6431194372435,286.65360798778767,-612.4238563349868,117.30731659579499
304.70852405852645,-1198.0813427538048,-2826.39942221752,-953.0924303020653,-4016.6158752380466,-1576.0113397656444,-2330.023113809781,-1870.908490933149,-455.6499170138121,-1677.6995427629572,-760.6319533722367,-2021.5504193603479,168.6923591113635,-736.0555154943744,285.2561961321337
937.6032198518346,-1843.948999788939,-3454.9894418074778,-1603.8367893950888,-3958.6378693391084,-1454.3540563875915,-1971.5206304138442,-2032.8149278794606,-467.3317487452147,-2094.407825453727,-727.5404306126321,-1489.1513435085105,616.6763650170637,-480.641989104994,431.9996187781578
3372.962124786013,-3031.4540785126846,-3457.021191772985,-1579.4090206992244,-2997.6521114930397,-1014.522392342781,-1187.1019352837152,-2328.168036582212,-12.721316019840174,-2141.919151582886,50.07567388768081,-496.09045920690426,1193.2906396633462,-159.45067373851742,517.0770560098128
5606.531632257784,-2422.5284048742674,-2144.295536888716,-949.3767436698477,-2005.1968043570257,-1222.49755083673,-636.2192158572248,-2751.498306081789,651.5404247634783,-2244.4982090870844,595.5643903393513,-369.07598790631573,995.6580206185233,-341.1019300790846,493.1505119974041
2976.768914935399,-566.0868977108877,-904.8956577690163,-1385.783503046549,-1947.1768650800038,-1990.7813875327142,-507.94689651866423,-3137.376133198212,978.6572681313261,-3095.784681048279,116.2920991748698,-1687.1330707597967,-224.794863160692,-1125.8626377773799,329.17901602539484
-5085.999273860784,-798.9875735295188,-1614.8015114215646,-2437.0840367034893,-2542.6689297290754,-2590.0378820824258,-462.9885815716943,-3754.4552857560548,1057.9762926464932,-4273.53155715951,-345.4520857575567,-3068.8421239049176,-1231.8088771991092,-1773.1843068135818,135.12301152091635
-11440.540837664046,-4237.593208845468,-4096.29055781271,-3883.2096932096815,-2510.7232262959437,-2919.623413117669,749.4068536503853,-3474.8497233675207,2590.071150837485,-3782.6389724954984,1156.9405538794829,-2772.4923420394016,-667.6950106848936,-1608.918479371422,138.51054074827857
-9843.47346086555,-5579.925716131498,-2693.7813594896843,-1947.3112652605494,1633.5823042595723,-198.08707361463954,4929.6710515530995,-816.0306520580762,5964.592506284509,-1622.8104383843245,3823.564955733154,-1434.2142454585337,849.5649358688279,-1007.8712260566994,383.0133551193036
-3140.877164388696,5202.904880192131,7522.009614976882,4811.178961795916,8673.837607366437,3437.5421416147506,8649.314587406792,1315.2778179299353,7567.284286876888,-290.7906206479852,4858.245886400003,-666.2242707336785,1792.851400091723,-631.2618283706257,664.0114481665927
2258.4038318254234,10385.024485039701,11702.530069897202,6009.851891640027,9553.387041614791,3448.804509364617,7461.020308527731,1508.7974327146999,5920.326717835544,-10.698417696256115,4054.985028305162,-489.722659903213,1912.8114793297777,-539.1789240165675,817.0399085390795
3508.0283440973285,1037.6675954743357,2802.3476161580484,774.9743699274438,3010.262313798826,1187.2828271673272,2509.708686792795,1034.210478437989,2516.8069478223792,-12.200188369318084,2414.7661123118323,-591.145097888522,1538.7078029921731,-644.9505254408934,815.9377155875644
1099.8711578468185,-3896.637658679965,-4555.8367808258245,-2316.176519407704,-3534.3375688799206,-212.17398517616658,-2909.078923848896,877.6929227335511,-1573.5480684393976,64.48067479753192,112.68131551397735,-827.1046333686294,725.2801836199164,-892.757117376032,691.031612333875
-2741.1556178577825,864.0212467420167,-1352.781934007133,379.24641696458787,-2664.9188006163477,1072.460205920156,-4040.344568510968,1843.3130081318695,-3967.4173547197724,733.2767871368887,-1980.2036303302677,-812.152637543833,-255.18216303311647,-1111.150330255597,508.86317704112685
-5424.719185459395,837.257604404372,46.077057996675705,1349.719863084841,111.28899955785815,1870.5290419829553,-1783.854917615481,2670.9493575861575,-3729.1438996579914,1628.5469459124943,-2942.4312420085776,-453.5931660884085,-971.2065180704676,-1171.5298981843275,348.23487760889464
-5833.960653659405,-616.8773009075661,-1877.0227044867463,124.23463777585638,-232.50778182140616,963.496406872393,-152.055806485883,2334.4851714141973,-2358.942178110149,2109.2433860167457,-2825.1088775692706,70.04777463482353,-1230.337622609943,-1046.4660826590568,250.97176055021305
-4782.301994900595,190.4805029949393,-1906.0018399751648,6.746267937653187,-1410.33331544988,145.46190024340865,-69.66267419504251,1393.0759193857618,-1263.6154492443407,2035.2814032782148,-2215.002843888514,562.7259193242137,-1144.4922651126267,-786.6502932863673,200.94667211416152
-3611.404103817252,669.8544645215562,-828.2970981563683,601.3297373298518,-1540.7186179045307,187.6052678386302,-447.6638527480707,680.2087024976097,-746.7777965012405,1663.3151417535305,-1596.7176529547273,911.6932749777642,-939.050155364144,-486.2737541033727,156.2230412889581
-2913.5357320321605,376.66851583372824,-304.09667985020155,814.9944587721363,-1064.6298037512988,561.0412114652324,-597.975708781797,398.1117321325079,-565.4391258107827,1260.1649280515423,-1147.4851752773047,1100.084896539448,-756.4263435785695,-217.6321050827453,93.71027901945587
-2554.205896305349,99.3240654561048,-281.666300453292,639.9079468172241,-633.7278501785817,797.6964935690576,-488.5745957476114,363.572089413534,-475.8486130471323,938.0505210052374,-855.5290069604022,1153.3227357396863,-625.294235243668,-6.553483148265315,17.01723870532038
-2229.135489761964,41.58448182689083,-344.3275658498269,381.3366283957365,-406.19394265260144,808.4321737681405,-269.825410536009,387.0000591094332,-354.58901300551986,705.5912919884952,-656.375430490474,1099.9887598605146,-527.0887556406872,149.56431217881968,-60.91896687633309
-1759.9371882369046,73.63875169530336,-342.87300204641633,178.5321934539954,-312.954626727095,659.565966567135,-53.27748586399491,378.1977432110816,-160.83603485180134,534.6673747661735,-487.93716271620656,961.3312478911586,-445.62530170269724,261.09933122581066,-130.77594967751708
-1113.2983914564988,102.70989800621851,-287.71870777211916,27.265306600452078,-286.7297105006786,416.8551077275431,110.44664568389015,319.813806250118,108.74823693361395,390.52736332095816,-300.10182467169415,752.4894476013401,-377.23254551718094,336.1283567927443,-189.15914454824707
-346.188737887669,122.20103364505181,-214.73528930556748,-125.48495952298944,-314.50328276168455,120.65712904933218,211.7289948495491,226.05710330791612,444.7226208453042,242.59702240435897,-47.61531108847538,491.8362500185342,-314.6553021758001,380.9337886860286,-235.89747027895834
517.2559714426585,136.57110214396548,-179.4568288250054,-338.0354258507224,-399.5447534935661,-173.17884169053434,274.6131847223283,113.64098744527121,821.9723346715643,62.380441991689,321.43509383071404,219.45032660573116,-210.71342546695462,415.7844530962832,-268.2340390632264
1864.4401796523618,15.544086956613555,-279.505967404436,-597.3246142993305,-482.6250779179653,-357.90364218800306,314.17632428799783,-61.934926939733145,1156.6476833240513,-203.36948486915577,853.7851991938837,15.362302926640893,53.379025644294074,500.40321726429,-270.075752308127
4910.302702761797,-396.26970881641944,-461.5180381798293,-672.6244649569439,-502.4331314960168,-473.1311591908735,137.83776502074141,-578.913244530346,1206.8069150569759,-685.6119264975875,1478.3590140110525,-45.938600906775605,599.9179731764308,712.7870393620202,-206.1813051662997
10273.583669659944,-560.8429392876735,-500.6089370300797,-615.9928101417111,-978.6426975029148,-1299.9003097237319,-929.6755171058578,-2042.0723240970044,461.78272452470895,-1624.6251752178916,1754.4370155934091,-82.53480207301726,1272.9211932834696,1010.0403184728334,-69.02630534866569
13419.480074793864,-664.7813196378479,-1601.5491028944425,-2240.823431889274,-3436.4774499967016,-4217.366463937811,-3705.1311593215214,-4809.878805088279,-1657.3038816255591,-3186.455985505228,832.2767431042848,-500.96714501399083,1351.6021801108789,1092.7295041637924,-0.009554682127372871
5599.263021241005,-4499.79376875952,-6302.375804658564,-7254.171280437259,-8164.27972051874,-8621.83170541434,-7593.684541594002,-7742.905154788632,-4874.947316231394,-4900.249800415752,-1665.0912596758608,-1508.7885764512112,87.95817333695379,650.9336427736008,-251.86803098621886
-9531.074307461517,-10717.148800800289,-11453.611732630363,-11275.814344603306,-11309.704246395531,-10436.552223261388,-9699.430018830373,-8319.536192071197,-7043.107832164234,-5360.303197083383,-4080.7819513324466,-2283.45078951506,-1728.8587663421526,13.631498806215177,-744.040747301832
-10656.190453655345,-8336.688749324745,-8296.663635800658,-7278.883016211626,-7372.8797816223705,-5975.206821606563,-6169.513188938984,-4475.2780354932665,-4753.855137266291,-2855.334288905561,-3243.919752709497,-1249.457753177384,-1850.2865360818037,101.42485970929056,-923.8037806304812
6417.678013175042,5204.861706089872,4604.171110540314,4425.259920143742,3666.936011961294,3653.766191649869,2711.5691197674723,2896.707222172297,1749.7767797571762,2168.6791766692604,810.9781519054802,1506.5937828782924,-36.79998452949076,994.231988288653,-654.5168793566642
14977.130404768344,12724.633923180312,12326.818004090483,12141.485718672982,11071.70815143584,10700.983060462024,8962.539052472386,8560.738173999018,6262.805877891439,6003.0692628659035,3386.3034401099903,3454.6117669856144,896.4536593908317,1494.6901803169053,-572.2978445621764
3209.833794804766,8095.7377765471165,9080.299507436172,10373.856947014787,9940.049180462314,10953.111654335564,8603.174261413917,9520.68818435822,5533.609324232336,6554.194620704962,2017.8759923896805,3238.6844388757654,-412.0401806939618,1014.4857217334338,-940.8255857369093
-9608.924075439776,2080.064773631449,3040.835435082286,4611.43709717198,4961.872830067414,6828.149163236845,4816.7953442617945,7093.065056537008,2269.392811113822,5043.7757375370475,-815.8024631474335,2076.220916598658,-2093.905587947499,314.4614000051584,-1251.9927765080508
-10351.148101234758,848.7633010045067,521.1590632411527,1427.0048788993918,1271.2016081938402,2862.5392555927974,1252.5704185243155,3876.9436316181122,-521.3914273617129,3190.9296768442805,-2459.8481777231204,1290.7971193798426,-2486.834246604264,81.76378490991459,-1175.9836617618867
-4959.028738499192,866.0519909379327,288.58795924291906,1073.3432771052885,145.0968283230303,1244.9600017986268,-501.46839475922076,1769.5925397399985,-1830.2040351929427,1887.4745213493811,-2570.912567803655,1042.6998698595705,-1865.3655983057479,208.78763618703408,-891.241079984743
-819.4119712796061,383.78275436846957,106.86502086125188,1087.2822692117788,44.48923867858875,959.1039820976235,-931.874569599783,888.4061108977418,-2027.2205727676624,1161.2025371748516,-1969.8799343025717,914.2613230929937,-1109.431698322786,330.2924452090489,-619.6182851984241
1060.7565644191723,102.55442200653599,-94.87057862631602,825.577096462287,-27.04787562652251,807.7191040696375,-916.9912707347803,584.678453638923,-1731.8421386414852,749.0159153143223,-1310.6449153369854,650.1212315227617,-609.0905038249718,299.5978353225237,-406.77877828121945
2026.7617448936423,73.17372938312128,-123.86679419694853,551.1433444934744,-140.90472892195032,514.3647814181664,-840.9387604919227,419.21731968558976,-1305.2861480336765,465.0754272259926,-794.360268601793,270.67843872752206,-317.4088964451527,169.1725389718738,-222.49486139551195
2813.707257664065,83.00263506317289,-66.0846338541497,357.6499867134082,-202.25002122524037,178.2370969890134,-739.0423770051348,272.16396799433033,-889.559027450254,226.44274025789906,-405.7151064650858,-132.72663590237983,-97.05701419730153,18.754423046710713,-46.25764915098324
3509.2005498856684,94.38010359900942,-6.673945818598497,195.0886340693528,-198.43615504870115,-120.43996148377153,-576.6035919251752,148.07300850690393,-529.1737276081176,-2.151069710727711,-93.22910100606308,-502.92886012349004,126.1990476703364,-113.22361407013351,123.9905768932669
4045.620274900618,118.3131369964858,11.554792507782025,1.0480768570824068,-132.9545170268449,-341.2097207343431,-346.9541026166693,66.29702694525986,-239.4855349748962,-249.2872961260665,187.84897366620615,-813.6169410842713,368.7363629275784,-213.72272975425471,283.54557004259726
4409.733405128499,99.71085658877885,-43.77392785545061,-258.4369943696305,39.2411545435678,-430.3109570533742,-81.94612025835221,26.648800058631565,-25.84814285341048,-548.3953030214626,482.82090223339856,-1047.9704119709731,629.7044185488362,-272.40861658831784,428.87856311932285
4712.304761376122,-105.50221356874782,-114.72114370484422,-514.4122529026016,407.3512295350889,-310.39925777991516,131.52429352424068,-26.509981256174996,130.28779190537415,-931.9063910284247,848.1416225675849,-1185.4361407147187,916.5413461147529,-275.3899327561633,561.6618944142733
5218.172768364621,-506.04958539006236,126.08030651313436,-502.3470161928092,955.4330284983168,22.67032392526815,140.5310354626806,-245.5977064031287,310.3849764532584,-1410.8993974765376,1351.0903964462175,-1197.0857032835659,1247.448389737096,-210.99985031405566,689.3751808398982
6196.279624942242,-480.2964623428284,1080.5348644533747,25.91500824564895,1238.9867073614346,265.100659703941,-160.71405822411714,-850.3805132700579,710.3303428364276,-1923.5239468190114,2039.3656780048252,-1049.875687693121,1619.95209948878,-86.17298285804077,817.518366985696
7429.643684542202,504.2643386355892,1908.7036375157784,444.84078176170505,477.0586451596687,-228.96260200745058,-422.4769341975905,-1861.1353942475153,1622.8515867630115,-2258.858857588078,2839.571110393524,-731.6758277534052,1942.9969710326618,50.57826004385146,931.8214561782331
7820.420566267387,282.43300407317133,562.1825296182703,-520.4450130077869,-687.2243264094354,-1433.3802515939553,460.673495257871,-2668.8813306334105,3089.7469653898806,-2103.513055565339,3400.2954733542347,-307.0222349056053,2008.2210030436786,110.2773540561011,991.1254590614651
6108.333591212,-1463.6451335855797,-294.45537415533744,-1107.1766310680944,737.1173989074293,-1605.0383669949156,2870.1289562235534,-2360.8108784092988,4198.245258989797,-1372.537423818479,3117.5055313291537,57.17583721787196,1621.209880738723,18.346692218660678,958.9245809850822
2497.256895843595,2118.8947921987715,3584.783188214149,1589.244033895499,3593.4183202923014,-70.49152762294167,3847.1669871777667,-1192.913018528876,3195.16715753023,-528.2780525892499,1606.6740764417546,153.07655578336482,827.6194988128416,-231.68277201500973,849.0939008399183
-865.5513393308829,3172.4505993932084,1573.911531405914,1689.674173246292,210.2232184113707,-25.03274537469855,69.73839178317182,-744.8815598664878,-295.48473817994187,-222.79715781973906,-621.5030944654491,-87.163226510328,-14.591297457022733,-556.7148361722759,728.3919725628117
-1379.3198280263027,-6914.229538891887,-9073.45640948304,-3728.873494974246,-7538.813299191323,-2237.7448270024033,-5523.224025698927,-1171.7926892806852,-4055.530629085122,-287.0342667908389,-2474.298570095175,-355.2586767322085,-512.8525958612096,-781.618740705017,673.3447953878031
2332.2957962137953,-9054.886694282586,-11158.976963221934,-5962.28410989618,-10237.202567590342,-3487.955943563966,-8520.476626202686,-1390.005870449628,-6507.640062463438,-227.44196091684893,-3612.0328064232217,-375.5157092715747,-576.5897948885356,-795.7801895729688,729.9768720332728
9118.30703552523,2247.462462596688,-1279.0790418203194,-673.6905419209286,-4924.221906624512,-1373.3393185093817,-6703.167078649132,-315.0391312714881,-6383.062476306793,422.195070437271,-3467.6291446653217,3.582429799231136,-8.984850065581895,-551.8407572489803,904.6783253611176
13719.72662644927,6304.605848406944,4477.09127776561,4204.040595500877,1424.856761305399,2458.5646956662513,-1883.261319044939,2480.112419156615,-3232.1623920815696,2354.957339435002,-1216.987538228981,1150.8815219262992,1394.0623616088694,32.69800461441389,1101.2350022404225
10528.409581522785,2184.801474148155,2427.1278981507244,3376.222800847485,2751.0361484976297,3095.269929753306,595.9507170412619,3742.284401138002,-650.1716400721061,3696.6528127157253,1128.496201520551,2072.0213172487934,2541.6899967788127,541.4454287144657,1099.8612360896632
2073.7036033469058,592.2851786364181,769.9457530003765,2189.1714149269746,2194.4335708937106,2469.5222784958883,914.379964797312,3145.4750334671085,-177.98961186527055,2903.7150166776173,1364.3887534733335,1272.670239797963,2090.409525363926,300.38997584302217,816.8321470550098
-3332.4571163054648,1719.2642590486548,1326.9765056714998,1264.419203883923,1907.5139686412094,1742.0867684306793,970.9156787684404,2620.5472560047738,-38.0626879229917,1658.3791703607103,636.964245832474,-349.62896537297036,677.2960748089129,-439.1502703342376,441.8537510075477
-2672.0093625492536,3288.7666881198093,2927.2879989551802,1528.523358889379,2599.2622675269,1108.73792663612,1353.8435223074964,2156.7953659419068,568.2531224147601,1237.3633471490134,744.7471133258025,-874.9581684798794,-102.4621827922025,-793.3805075073197,163.80494766752165
169.24420301977656,2623.4836041592393,3485.6091214016906,1966.8539019158914,3752.6865826373587,1312.48940267493,2137.783054289816,1713.2827504024294,1191.9013134558484,1206.8941115549642,1552.1912926127934,-61.08692349331386,143.126181079312,-479.0398670618605,0.9136001107117977
1560.2835424254015,1635.06276911835,2984.34033150782,1516.4489831856927,4253.1858254689905,1613.3852578458238,2785.809304272095,1455.5748939040009,1403.122216404698,932.4491510067564,1944.0732106759149,853.5371657174915,626.029982909079,35.32595694106311,-92.31912152084035
1587.127002986329,1335.389291055878,2362.8919806925014,848.5652448209887,3783.423739290849,1328.02408888357,2734.4892022439153,1208.154764365623,1183.4107384261124,301.8737421452897,1426.6376201058351,881.2596004193373,626.7002906231352,261.0065860425524,-151.90153051486516
1574.3481657331952,1048.4538721653175,1954.4791340805455,244.29964595585366,2812.56565772463,566.8586327064701,2061.7039285101223,853.9372968953156,817.828175024383,-411.3019361764673,408.73526963252215,142.85480317036058,115.66066810900054,146.7947759929361,-216.6114125932368
1533.3986160909633,908.9436910328467,1864.0333518928473,-277.0745536270917,1985.1927614317858,-263.32299726284873,1326.9951189729566,513.3378087264541,624.3650698292665,-845.351382251742,-421.25189461989805,-586.9588871612655,-512.2719963833985,-56.452314375418425,-320.2300902303067
570.1645181231246,1063.6304010462545,2114.3782107719453,-561.986832711443,1736.745841331771,-770.6589702115913,987.0174878493094,338.43883600549844,741.3292833735082,-755.9613770991624,-652.4178822184091,-676.703929771156,-920.9951068888079,-113.87099446545645,-468.29920228054243
-1459.686235722664,1264.0931785838716,2601.993597022781,-652.0796432712709,2115.587135590567,-796.8561561918764,1065.3013898166887,391.73521430670195,1145.9293418467123,-87.51039038838826,-291.0535130216993,0.9626549711871348,-1024.8802239839804,50.330769449697925,-633.5833036507648
-3255.5751406395034,1217.0130015184309,3100.062695334566,-791.2281549784632,2678.3061609771607,-359.3607563635774,1361.8773447699282,710.3875745713715,1767.1910332898608,1010.5596919977485,342.60778988082865,1146.1071893607882,-906.8149259471161,382.34725774819583,-769.1986689014517
-3150.3574906655886,347.4482717935898,3045.5966828996443,-772.4671393563668,2948.546138709352,624.4804992716325,1905.3311947942902,1281.5730228283996,2426.9217973164705,2177.5520376529776,772.4435772787506,2267.848454368322,-724.8100930945408,758.3168636552425,-840.7058477698022
-1310.945478576485,-485.1691268563436,2736.9975026412662,501.0948071235367,3458.833399986525,2075.158939238428,2943.7864065260005,1847.563695311214,2697.5304968679156,2947.828968242081,514.8648127696156,2931.4961770363225,-721.4194770403572,1023.1951186914512,-868.9694589099566
-242.97437489974948,2263.6081828921256,4947.704298371441,2927.195821002532,5487.942715876368,2818.319206061125,4191.771524009391,1717.7917291102272,1871.5413521951182,2927.5938729683285,-778.3782692614313,2930.0934885946103,-1153.1684450302237,1056.3469807331674,-919.9753596434269
-1297.0988596497532,5508.388739128433,9431.820921868026,1678.0069897165465,7499.522861122219,301.5015066703255,3810.0834215510126,-71.21687572671516,-633.8195704370125,1984.4249189928107,-2896.3326481994363,2395.2102863551963,-1938.6556505713233,904.674059267991,-999.9893041324248
-1528.9533903425856,-1857.543272559067,6862.997590015614,-6208.930777066084,4772.660220621242,-5358.234790618715,618.1258195771325,-2969.1718715023235,-3770.213960792379,836.4452988693732,-4671.3135816779495,1918.5116900812689,-2471.118380349867,840.183383900925,-997.5079804596415
2453.7005025510507,-12839.818751573266,-2272.0717379528105,-13176.082375091797,-393.91425569793535,-9527.69251662429,-2337.166157291455,-4429.954396776656,-5349.13091460059,888.1425716557447,-5096.5585672120005,2188.9845464742343,-2248.581349247823,1093.8851311110575,-826.5886483181673
9021.026620750783,-16702.271287077878,-5991.692498248473,-14961.877439096495,-1537.1456837582978,-10191.071312139544,-2422.918978392817,-3379.5815498787038,-5108.716008229786,2502.1361831270674,-4536.409733321419,3203.7697281815445,-1457.7023804809855,1573.091222843069,-548.5632868194643
12982.778694449704,-10273.207784539669,496.87004484907425,-10704.938462661605,2350.0257599854153,-7450.986013708663,-329.51112222166495,-865.3579601235298,-4233.015696504068,4534.394714702333,-3886.702058178559,4229.400714717021,-636.9125000653016,1983.6134735992443,-284.6821247051635
10184.16953871269,2964.1670436375875,11398.212730885665,-1746.7977614313227,8101.105972227759,-2285.539676607651,2272.899732075643,1494.0339296022416,-3574.1352589548214,5362.862646804401,-3720.9796744760365,4258.079557119429,-349.0690387212138,1967.9438636464727,-161.9376194589791
2194.3882685958292,9318.895650257458,16455.588597936916,3144.8744493954123,11902.058064253926,1551.8284818989375,4301.024233730101,3264.85431944902,-3066.6997848053575,4970.928034739136,-3876.359261485822,3091.4716465722995,-785.8451371376912,1401.2477846447446,-231.18565373993778
-3370.0224471730407,6496.327660288388,13967.454627295518,1476.971211425027,11632.256675811765,2003.0840218979083,4879.820780630091,4655.526195977981,-2665.715828428539,4818.176580051882,-3880.622559292161,1880.1920623196265,-1400.9604091257133,720.4370381781893,-336.136407478998
-1911.101941239055,-3040.7207328511013,7259.0076812798625,-4011.5425117410755,7996.064543060513,217.3276039819865,3899.6093675806032,5386.278298285168,-2429.8588154790796,5217.004246580559,-3560.1503613393047,1429.9113135898365,-1594.591980378521,358.45629718496434,-314.94546577027126
3135.1140494664496,-12131.138535619722,773.1543356329967,-10082.476521261196,3387.38785962375,-2639.1724676095396,1761.6212428153751,5141.423218325192,-2414.8498783273208,5533.708236793119,-2910.7832594871907,1507.860258608825,-1316.7920065890034,286.569700259313,-210.20149612384068
6646.394516131572,-14260.475704686063,-1929.5493926599402,-12666.637821559034,495.23497443836635,-4860.100125367929,-613.7182355210518,4115.744669490008,-2751.749766507059,5383.111150373045,-2105.977610864213,1796.2409125894364,-758.4127577175839,376.36990335462167,-109.60037215214058
7033.673230622647,-10111.61246066888,-452.7707910071096,-10896.961359843399,152.34191938139895,-5326.384535709044,-2284.0357112470474,2878.1248782225493,-3328.018991205107,4708.39276661857,-1438.9396971480703,2121.8658741174963,-102.61477648363126,558.7698673464374,-8.197999795593248
5326.01365325447,-4070.475841528268,3278.230008997577,-7008.473303203091,1230.429592624986,-4473.298839431353,-3129.0022266711135,1767.7142454702812,-3958.13652024623,3595.0001512692443,-1201.264367468767,2146.835627607831,357.09675747830806,658.1929243482214,126.42980357761273
3112.8462902265032,-155.02939366641994,6508.080649441782,-3948.32240914791,2238.9297428253512,-3435.3322486302723,-3517.275965622134,843.6991799224132,-4466.432547503301,2198.211320553314,-1543.609506855065,1518.141978044962,314.53162477851413,480.39225590033783,281.95084951809565
1499.5290886224454,773.7562193177627,7429.646825187024,-3055.246769375975,2392.2813730059493,-2908.0629686354546,-3684.2551786478803,253.40431173558912,-4654.284207000279,804.0404789190006,-2303.3956235039286,337.3776685341992,-204.92099013602478,56.680125045073495,413.77766223922606
1072.6175941365148,-8.211297859716794,6003.397011476643,-3596.294670944477,1869.4322983864206,-2613.77041543993,-3514.4775672818723,181.80070801160736,-4470.673702461208,-246.9052716147129,-3095.5654679374043,-832.1762398838086,-761.6261760137152,-378.61470095143426,513.9483987500075
2321.3163698655776,-2378.6486041633534,3248.483908994481,-4633.809304621137,1450.500360364487,-1866.8861343924173,-2832.3277243898783,449.88912258546276,-4169.375167623456,-826.94991774336,-3629.829013954817,-1545.68089516814,-873.2544712224503,-655.694778349144,630.3909680762936
5139.865302813694,-5999.472796620489,1218.7455519238983,-5295.408263767981,1545.422334789465,-804.7338518517777,-2096.635231016051,457.36970291250356,-4223.818493069628,-1025.9380323932578,-3796.3210989066556,-1808.3619347370138,-425.85652369753416,-789.617359025939,791.217149663416
8289.394391695654,-7534.86373584828,1242.459627236848,-4720.107012995865,1130.4583924184678,-847.3769937997824,-2441.383553322382,-3.56273851291634,-4873.702234736709,-760.0590180657166,-3401.4569997572244,-1725.2981730556053,371.2700223677496,-818.0667315069088,960.2518259792453
11066.803022341057,-5790.196282050519,241.80471410412414,-5140.321005017006,-1365.320943957582,-2871.958220228045,-4346.706515418342,276.80045112737116,-5540.713345561684,506.4133730718867,-1999.4780361586145,-1130.8414028578622,1382.4375276845992,-661.303532979292,1113.8809227244833
14574.054354676686,-8718.295080630427,-2770.0977723007645,-9936.926679861508,-3741.0753482396863,-4071.0596508591325,-6130.3096059677055,3295.309051491487,-4967.429321950371,3293.5212961484935,698.9178594202585,58.20487235933672,2679.7665010990977,-300.6463749602952,1296.190464936726
17850.142368204873,-15752.037756393656,2332.3411440203713,-13693.073485862313,-143.9946139668597,157.62839548051784,-5028.017256539699,9158.507387953074,-2576.1259576629463,7018.721588502198,4064.1271154169767,1173.95732039786,4135.078877466936,-52.3127199544827,1485.547298458438
15342.471103065523,-9585.190380477694,17758.570938654968,-7299.175588060932,9476.650548055295,9007.77418732455,-638.966847172962,15153.404841240736,567.2529137368638,9951.659637040191,6709.237599903924,1193.6680987285617,5145.950373519248,-324.8684830353393,1492.604985459384
4772.878984081551,7947.869338934408,26518.21689620213,6103.903122353253,17998.170018364654,16671.866015177315,4702.283243181328,18498.458988360897,3019.988612274303,10749.631197907336,7705.868286771787,46.62222249671271,5122.846078468084,-1024.354708601818,1197.2407953451263
-7631.4893838583075,16145.528196498093,20968.8641241435,14051.98579980779,19479.60812148491,18173.71646881122,7122.7447957238855,17708.136409886596,3491.5368182550014,8971.40813631729,6805.165082201334,-1479.483104022843,4019.3144003970338,-1671.6440037992693,754.5100326285541
-15013.106085626227,12230.344871801795,15854.376772327987,10998.428572433406,14954.58553075546,14116.865385287345,3962.9235295536937,13746.917074011593,1141.8922249930572,5145.510461006035,4456.755594190715,-2936.5915379752646,2381.554182532911,-2051.8538579039214,393.851639553761
-15474.81902595279,2361.273011552038,14440.91822964754,1910.599410666734,7852.774879196255,8389.055075155436,-1861.3141799300533,9353.661805645499,-2133.0010714714695,1331.2671602654746,2351.5424019302864,-3971.819704006294,1152.683301583193,-2160.9924152140056,212.830367341736
-9935.355319770422,-9823.323026117961,8447.480641064838,-7995.950714065872,-714.292201261223,2085.2925166475693,-7003.028158585613,5348.212895286457,-4308.287347867897,-987.1062155677943,1627.0888130905728,-4076.493876607049,878.929107770427,-1916.2945964513183,188.54444858448153
-1334.647377493341,-14227.601840575857,-211.96415524651144,-12991.33941208966,-7144.626404487382,-2893.403079333624,-10243.187485218357,2161.315000365643,-5433.89543147833,-2152.425597791958,1747.4035906264319,-3480.4705009792683,1161.8989329181404,-1438.8713994680534,222.31566816450095
6012.981665396845,-11627.13629927753,-5807.426246931115,-13119.686536643516,-9666.816425527037,-5165.227905973415,-11260.472922241295,402.1054722989019,-5720.647771431679,-2763.247127604025,1996.6401604711398,-2862.056291044758,1372.8513627137627,-1031.2503916151118,227.77311946776155
9154.607450538899,-10859.30649616267,-5938.592134547933,-11823.790318537023,-9072.109301922284,-4634.442942128795,-10776.465893580837,2.902480881913391,-5304.413574118785,-3071.531502569637,2121.0222328249133,-2451.0992862895187,1379.0880499640343,-757.690009291217,204.49518775000314
7253.983197082578,-13318.104655751857,-2119.6178433817786,-10188.395690924452,-6621.348725222379,-2022.3978410634147,-9545.855537491692,445.20181747603016,-4545.481341647477,-3255.8640275436055,2079.216641259972,-2166.3108529280926,1372.0696579631283,-506.55201396346604,157.755182288462
1539.470078636946,-12657.320049362781,3268.6717826159893,-6980.401002522079,-3035.229726658299,1466.6089118497339,-7667.104399472067,1135.598006127563,-3642.341330792739,-3296.134975227826,1905.3708583087994,-1974.7373792861038,1377.087173808977,-292.37238763432913,40.22766732415633
-4192.977287841994,-7005.824035495209,6619.528163507453,-2648.1404905458994,451.9300579821627,4355.047633289414,-5275.553980047849,1865.0567308297202,-2437.077691805629,-2857.2406417047814,1703.6106841505712,-1800.0861908573977,1218.3667443358086,-210.97009203450818,-139.40617206452603
-6430.189484222389,-1260.874824610937,6292.678872476257,710.5525200529062,2418.238765062747,5347.660005518617,-2984.7321358424906,2491.2495599645185,-948.706330662661,-1875.6562845832545,1599.5623223399723,-1516.4711698117144,898.5132655488846,-248.96855558392923,-286.25043597811907
-5658.593855684836,909.6766019724837,4607.455864831411,1896.0663236121682,2712.8661989688117,4812.961508314804,-1352.0222709969255,2930.2803876180215,431.0892183294561,-863.7130087712997,1606.995073623824,-1237.9320502646688,556.5417187243008,-343.6832290103151,-369.31930632010807
-5003.660524646744,1032.7811227023733,4257.943285649666,1577.0513865243802,2060.657868129236,4123.702320704328,-610.8503796355918,3347.2924010887496,1527.7641081031165,-272.38176195691454,1760.8187258484281,-1274.3258365150373,134.045886783205,-487.7112633635678,-474.4884262841068
-6166.924989492909,337.9767977975777,5377.456310590795,415.63529047851495,783.6964858529639,3825.341381022331,-508.6769980107999,3955.2752038128688,2632.8115764212985,-58.214313141435284,2238.627533591057,-1608.4583998401426,-422.89512055651505,-589.6715386552025,-671.5759987189176
-7714.928463620207,-1795.2973130260145,6103.950991049802,-1495.1146218840827,-910.7272685567649,3813.4163773090618,-412.3320949258469,4831.470840341004,3958.768775222065,49.51841816669126,3087.9280857703166,-1730.4560191163007,-855.760842136562,-436.5584167561488,-905.6478500426117
-6840.1263431143625,-4904.930319577624,4526.575484846148,-3026.0018664049003,-1827.1649911389195,4259.766955842458,98.29749358165134,5728.534743728872,5183.6468878283595,145.4323518130197,3955.3871762316635,-1281.4201162927425,-903.8352927082855,7.202315652986741,-1048.2537708256884
-3144.500091930265,-5573.15213032971,2049.8662944068255,-2416.9968790210696,-950.3602972815531,5293.583244967188,633.1162129708619,6023.904959199733,5672.011297033512,-28.885142800431886,4247.879717636147,-608.032967641702,-702.5725534431176,460.05355391398643,-1048.8602064934412
394.3884722424486,-1996.697158528149,2716.1476768351245,11.099282664190042,463.0392381299254,6351.547701041553,164.81539124599612,5094.321436367641,5101.31691318468,-742.2704679133857,3752.0429088212395,-250.85691929834104,-573.0594111919895,686.0720194283808,-989.769906227661
2434.7342953705806,171.6146225804722,5994.172684646621,1340.480155108856,210.84497346098343,6647.0436763571915,-1387.0716549878703,3305.5128922422005,4135.126610395569,-1679.7307146022063,3141.666148022552,-25.7688913896518,-530.3799678864623,857.7716152596942,-936.2601450850977
6295.909289344966,-3134.308330464156,8072.889823178412,607.9325861332293,-1507.2420146641632,6626.6332077668285,-2994.094892094276,1805.8761143359932,3925.9287968007256,-2318.3894752959986,3329.27611613715,744.6932525779412,-305.31469827402327,1300.9830011566878,-819.6328704321417
13545.360869269178,-10306.454197905587,6157.569075317661,-2593.2375224351053,-4935.27468972311,5730.798995731964,-5200.249435605893,49.036690960203316,4186.800421499444,-3016.8701181630295,4061.039703759767,2003.901775613389,62.62115478812011,1960.1454569163493,-598.2192092530645
19922.065892761817,-13191.709586887502,-470.2974093207991,-7421.710080615197,-9436.04850094186,1713.1497061207347,-8722.38825319316,-3427.887879907299,3297.7733777008034,-4545.964264034676,4024.715329490052,2847.656368862278,88.91773596451154,2458.322229324004,-382.7506053074767
21548.76955724641,-7061.965573930302,-3345.6405731211944,-8241.625969059629,-10486.027155023805,-2764.146815331027,-11107.967208007052,-6998.405592146484,1263.6793626231565,-6381.914104381491,2718.857863326295,2818.762225392552,-398.2349402022485,2580.445185130145,-259.8888286866758
18298.407631033828,-5933.375376045093,-1456.0593008388057,-6403.415705924411,-9095.846598038921,-2956.1628742312732,-10551.295743565974,-7960.684735041508,27.461258162948617,-7175.021759320021,1111.3327982755336,2356.4385514804694,-942.9024773548172,2398.5038313556634,-198.40329293534433
11429.821599631814,-11148.073548431086,193.38928284777782,-5420.017913017752,-8509.797300701179,104.41729457634105,-8441.58818218252,-6903.985452365784,102.9041331120026,-6865.205903310044,-109.8042612728841,1800.5944899592291,-1276.9698719891012,2055.1269276637645,-164.37493192435784
2712.2323815518453,-12322.549137481312,2288.319750191002,-3810.1065469689747,-7855.2464129331365,3110.1433658930346,-6290.065143001532,-5661.546268298983,244.8059750530873,-6344.596502963665,-1361.5364405929793,843.7570925772106,-1697.2756857503555,1547.4684717793634,-167.22436212352693
-5462.1658738153565,-8049.408735995601,4311.905591489866,-1650.8083110203106,-6825.008786118707,4289.618795933978,-5125.658792988105,-5204.269970802768,-34.7938287191686,-6089.921676788054,-2749.3556525237323,-577.1182527634853,-2310.059066964346,875.7114968818986,-196.28972910961897
-10534.952296156549,-2861.9628713359143,6026.247583993913,966.4722739991091,-5059.532099051368,4637.56583026714,-4457.193335155844,-5300.742523411929,-240.35646811535682,-6128.935022612947,-3818.9442983235654,-1777.0736551874877,-2794.1325700483753,326.0921159256946,-176.58206593841987
-11651.518968558961,523.6120943399031,6511.409023791148,3309.7443752277554,-2587.7164748638183,5419.795291435112,-2971.7466677126677,-4850.888746937586,177.36377144850022,-6026.104980811888,-4270.7792359695595,-2137.892253422911,-2909.6231683797905,152.82602860029675,-63.211139543375424
-10567.607549123426,607.0246237365413,5789.005238309597,4038.2774886641173,-815.3990384641041,6111.680368961799,-904.7736156118436,-3638.8301493160598,1205.0262296155615,-5305.404707709722,-4006.0975289044145,-1667.8792616118064,-2647.722456846377,222.15960282873533,65.41132137770512
-8502.757374672774,-671.1352973725682,6041.489266388595,4092.3964491223655,-229.19436990936154,6489.254850261113,987.6896075136931,-2151.2351140016704,2571.7068474936777,-3881.7757817592815,-3129.8004288618326,-775.1173007308347,-2222.2053390498795,240.93108055668978,123.25379877571378
-4095.9537545871804,-1255.9820027708533,7901.096558919258,4786.456464636097,-268.2309642145934,6748.759150846636,2428.6661843292086,-663.9175995253388,4070.7747186178813,-1865.631063514154,-1895.1234751249833,170.92012798905364,-1910.5489180073832,101.34588180932832,156.43647047610827
3187.7947590812823,-1406.752477534592,9702.857050358223,5912.590684360818,-546.702989080358,7115.861484411882,3468.510064976223,663.0293630578756,5227.148011255696,282.6080233204982,-590.9729587041053,1072.4748095239347,-1612.8218402005186,-23.188111095202828,261.12439660175266
10285.907336823628,-2489.542188383033,9090.477067989523,6200.799128027332,-692.3257459056244,7696.076076335615,4414.591566392914,1671.1177296025458,5590.824470072359,1841.0299461137981,536.4877998019878,1938.5195063400984,-988.3668051743396,79.20579228428164,429.46160836776573
13699.63003756916,-4143.08843744113,6526.53887151508,5427.493469225965,-471.93086720461804,7784.392880641096,4951.37740934201,2102.977112684954,5372.483492727525,2662.107801006777,1419.7492866949174,2650.7861158894957,-114.57294956325268,350.3314167971645,582.1993464420007
13354.97398164805,-4054.036735523859,4293.867277129083,4272.391979271735,-234.4447692931169,6843.590948671503,4700.520710651175,1918.2411102421179,5232.321583873159,3233.7371303962013,2137.080024938756,3078.0195995165864,595.7135751539773,568.499458315004,684.1585675928665
11798.310289400137,-1916.8700200439657,2965.6154552960784,3030.156821423248,-550.0449610231383,5868.352346288061,4557.30645595816,1754.9472131055809,5788.2200815937895,4134.861149154618,2952.9142014283157,3355.7678307119977,1072.7017536097312,719.3817004208661,742.6388479350114
12691.431452688794,-1247.5166681468118,2747.5080775034617,2981.122251686743,-1150.0230653274807,6943.1318185411,6266.485808505183,2615.095585053791,7705.623392038599,5989.644411877937,4362.353466315413,3973.7309529917006,1705.069690173876,1069.6242674101154,811.861809908007
19927.63048646538,-3496.2939726024747,7265.32727866779,7766.685853865213,-11.995133665299534,11732.28837561778,10870.048495682777,4886.777381102613,11129.739569678664,8919.69778339352,6270.8105679181535,5492.756911781873,2854.185022094376,1707.1328585162594,1037.3831334057472
30463.296670751042,-1258.1034988534307,18914.728744825334,18248.300386838564,4414.910578203345,18488.680906108486,16440.325991482092,7115.161925263382,14564.039394351596,11746.445828990674,7225.326190716575,7569.408723220071,4214.2424927411785,2031.8185301876333,1439.142168261798
30693.38457674048,8531.398861818048,28806.0506222102,26339.38815271465,8811.667800756233,21973.349355776132,18904.27997785082,7078.062941918872,15510.172702399437,12578.155201369675,5643.364833713476,8403.35110733999,4697.5714624192315,1271.2231150339585,1657.2268511021807
13843.832523019722,14314.326704564337,27025.253081393592,24411.020307238345,8714.562222054485,19166.778591562674,16488.105521274098,4510.456551680217,12908.087740445393,10573.853687462086,1905.2232722560384,6568.745598742901,3571.9014604167646,-325.8354472848209,1357.0525311325364
-7180.708941298715,10209.475731797724,16980.955698159443,15759.594678972599,5366.464829217996,13085.356653911977,11744.106453064658,1308.7873195809684,8413.545143571182,6961.312232991288,-1833.4680685735334,3094.5535068661493,1529.2284191635122,-1648.2509247164855,774.8983754181966
-17615.34634947974,3391.1157661538005,7380.350405808809,7832.124609583611,2827.821338768352,8169.119932831079,7836.733044769082,-800.090431096769,4420.946197231331,3708.6724526190023,-3881.306463831986,221.48806652644868,-94.1461298654176,-2077.48776656725,380.69740195063173
-17354.42914598496,-30.787825911551685,2727.6542320525905,3786.693577009874,1073.6189904589476,4935.554633289578,4970.859368995922,-2112.154248794444,1505.3248110309771,1411.9519357863144,-4325.4524933993425,-1198.535620148325,-816.8468538175673,-1881.8717823429802,288.93528046217926
-14140.231335246523,-490.62973432964884,2390.108995981485,2771.511168290756,-1723.0114351060981,1972.5984266042835,2311.842069898145,-3839.544228202201,-1084.7899747795502,-513.481499469271,-4416.605519328669,-1940.5218481445615,-1156.6725038665127,-1589.7775163672873,316.03415288370064
-13424.208391031678,-4255.6702307056785,725.4662409466544,741.0825583362819,-6480.114152442696,-2154.3209470282604,-756.4456528564524,-6078.3286555058885,-3634.7577277112773,-2243.722124046959,-5002.897751327866,-2766.424858843674,-1538.5837277748742,-1540.5910527846204,303.3850165110091
-15519.297276352665,-12058.446686022624,-5401.688967992783,-4178.546109663624,-11935.97560748128,-7297.860474747624,-4277.809346394518,-8282.142567273031,-5922.05767094623,-3536.6913787117264,-5847.425355506848,-3564.138859345784,-1724.0905886473322,-1707.976807995573,231.9962039621063
-16441.46282868178,-16717.19539801883,-12398.047819691636,-9491.255150911486,-14663.94979936535,-10984.463361864364,-6947.937815321737,-9770.414266967095,-7539.441337782012,-4167.056926502913,-6443.894189306343,-3966.3202752920547,-1436.710637788265,-1803.6424511668579,156.788769566156
-12528.223110372175,-14349.268133199274,-14096.805416523013,-11183.835601253193,-13468.794111113111,-11599.174197242544,-7822.9535179183285,-10040.50626589805,-8047.806271330059,-3838.151049272301,-6438.279894174074,-3838.300685240322,-766.3891183447087,-1677.7406158949534,92.2837402415187
-4694.514201700175,-9757.273364419347,-10346.565162952169,-8706.719541837869,-10173.970633626861,-9864.805234369669,-7039.959813781568,-9362.402519421472,-7466.484142692859,-2549.1644294277085,-5528.345888646737,-3109.9265502729027,134.80570203123102,-1350.8284981011138,10.431064274788241
3217.6443820542777,-6643.048799228787,-5906.712937788413,-5521.969501859289,-7283.576229195188,-7745.153153204391,-5382.090263465353,-8315.25963821334,-6290.966386314814,-795.1106017039301,-3865.017235551551,-1913.1856103092075,1082.466674507538,-863.6131747039949,-88.03876088940439
8362.527008530205,-4671.599099328058,-3759.8897336957975,-4023.0121112727506,-5962.311111175448,-6418.300740732359,-3642.5365646472997,-7255.202805589677,-5089.348334616964,784.8963936913634,-2107.2042684857724,-756.9191352500713,1781.0775393989807,-391.97431466131377,-191.72518868327296
10462.07200501653,-4606.947455095464,-4253.24772153447,-3832.3011325928715,-6241.978213617881,-5866.974689285548,-2022.5971278722134,-6263.9988317178295,-4124.252953594784,1903.6470485097273,-800.042520493685,-89.17550756519637,2059.3306978627907,-115.08371913112092,-293.4593964955458
10509.684628231993,-6885.75467017067,-5833.8650666174,-3490.3073059720755,-7306.204316541911,-5588.655551765003,-389.49226240540236,-5301.561784315022,-3448.0937341766485,2591.1304704691065,12.278996081867433,168.3756484058768,2099.365028195882,56.41272141227586,-372.367818303369
8591.991519304771,-9143.602597095216,-5736.907417025195,-1481.6013504923958,-7598.45253287963,-4865.344599496757,1220.6237363716443,-4236.7428972773705,-2872.272244825971,2863.8951912605294,650.2897996270294,359.24446837408874,2263.3308687615004,313.2524425772203,-443.3860671644656
4807.831224026975,-7558.0277368681645,-2762.3581051996066,1570.503452200454,-6721.941798053622,-3893.4903843329944,2097.9893330787186,-2730.115687974686,-1719.8941552289903,3025.649159116427,1368.7698114040677,487.70322040545494,2497.5174222603805,600.4344732858873,-547.3386233239279
1498.4739942048768,-4409.160290244138,-496.0226815466997,2391.9739703119144,-4915.308716518871,-2540.504182005261,2184.1458895766696,-616.3754452164916,15.801146558894857,3380.730103568514,1911.5145632010854,365.8898850578835,2346.943220758476,696.3616296779715,-654.7318987062625
652.6884339376026,-2521.421456022773,-239.803952833799,1437.317922385681,-1961.7124378403023,-278.9342416441237,2603.240632259361,1270.418559327094,1189.1936677103945,3628.1689413559766,1980.6155800594534,98.90781511510198,1803.0970950937763,569.0672631782004,-720.2665256762575
364.6887175683283,78.47521084580508,1550.6983438745476,2462.1821090640083,929.0639795292898,1945.2227464839968,4046.488220768618,2573.8835752662258,1389.7042252260094,4015.109316050045,2016.2772124666358,-371.78277424215673,1314.491212198152,454.0698563151187,-800.434303747144
-662.4002375655948,1858.1861896614014,5452.172781521791,7025.443918772662,2376.445716744788,3080.6624740108196,7112.4391466662655,3744.513978227163,516.9678937680375,5048.9386403516655,2591.7260504936407,-1321.0076348675295,1094.271426135228,675.0065717853864,-915.7018681992616
1040.13973073714,-4486.513579961386,4614.587273129502,10490.623089823184,-190.09533680078508,944.5424110916877,9536.574393088373,4001.5842763937458,-1414.1576197980928,5833.064501102628,3512.6934970573343,-2212.438577686844,1132.213093291527,1283.0950342175709,-902.0456098610763
5370.493043112645,-11694.724153473357,-2196.2362057117252,6878.435340028809,-4058.4733754634835,-2393.882983502352,8330.785723913672,3153.032346315329,-2710.16984436526,5302.457511684335,3893.1884545776506,-2180.184158615669,1261.7287222414081,1752.5372033581118,-688.6541440956142
5129.960653171955,-6408.714326474215,-2803.0574350357538,2628.907789643007,-3341.220419060983,-2239.1736079912357,5349.305685119686,2338.3369733596296,-2178.5335227962173,3669.796642814574,2969.5419688313987,-1571.4718835896056,1043.0900037220763,1520.7650287925223,-522.1263837573603
-1093.1474753060297,553.9300643058626,1274.6144006653321,2520.011222480415,-302.33168867265334,19.756757269893363,3495.5036153356405,1968.8580149991287,-900.6603486236658,1793.5194795985942,1088.6374514070026,-1488.1126895530551,255.21256727620465,820.7506210415324,-585.672583495955
-4715.955236870675,1631.9637611411802,2939.20988663737,3788.7543797436974,1301.60270870592,1321.9888620394352,2966.790916175443,1687.6742838617947,-314.3921600553651,346.45051675138325,-437.47968406872815,-2152.754894436988,-683.8013597688889,414.2044879731028,-689.968541485482
74.86317364901225,364.6062077746444,2922.7441466962478,4866.041872868025,1756.5752910141246,1466.2310555904269,3098.269594438369,1546.774625042863,-524.2095606681144,-260.58547973538674,-609.7497988230022,-2685.0794989799124,-1144.9261379514624,648.0024065108488,-591.3641818217344
9107.139571565587,-925.9806645996172,1664.6272665731397,4744.376102318021,1110.954617472784,600.6141882858777,3950.3869218435416,2225.884084338136,-679.8058495850029,225.27902590545568,463.0116645260915,-2251.4581476834983,-894.6048263725054,1189.5749668657486,-334.6965332442616
15176.583953673893,-3125.223889070011,-371.60599290642614,4528.220814652849,318.89384980487137,-362.0837183777298,5385.280330697078,3659.623866650262,-351.90933037420047,1208.1254986286665,1767.5894841455101,-1144.7941881573804,-298.7551980680238,1615.613394701647,-101.93551032978337
15459.11317443658,-3831.574028240253,-587.9825061355258,5031.068708606511,577.4280221208252,-547.9124669318161,6155.617749797604,4465.850195374919,-96.3150068188234,1426.838517448979,2214.498261738988,-461.7231323585038,-64.82369078453814,1790.9881152815447,47.24025297156368
10903.42021349302,-2294.91569537344,229.55433455518437,4493.527096112837,604.1870001276726,-871.5182376644717,5200.175524604894,3737.6730800327978,-605.1774469152133,552.688596786023,1660.1994563795529,-604.8003627395076,-393.8057412156202,1674.4204454874312,132.53921794792117
4343.213741097913,-1106.7519439990524,548.4921460677311,3390.5397609499337,252.89018554552928,-1316.767255782466,3336.3343302679177,2149.9803177546232,-1599.7480065620887,-694.2352829744666,777.232240859717,-980.4515019146963,-737.6785534410462,1353.5172993360598,170.13963171283729
-332.73799803599707,-426.9074309029049,613.1320183234371,2439.2613402243423,147.29753491831804,-1316.3310928455717,1677.7413009776105,620.9051315355573,-2424.8950542524926,-1658.6890219537383,57.0267592204479,-1140.346027539784,-745.5176820602985,1057.1978934673652,197.27194740445913
-1323.061520706258,-242.10805419893484,442.6351983132672,1627.4835343629334,185.70653950902948,-1064.5709906286788,531.5765737579262,-437.4975010838809,-2879.160593878711,-2104.934934853849,-370.594716368933,-1121.5135775847712,-580.5324261476887,850.6769070308083,236.51563066088084
55.4011336814097,-399.78089784616515,165.93035358735938,1014.0007015713487,255.90973841896138,-728.607513111306,-82.89507184353164,-869.252082055792,-2791.2876876232704,-1880.9378828538336,-355.96165442356767,-894.9174294040766,-378.5897303534747,701.6058331215352,279.016926050955
1888.1018400584153,-566.7775108688478,67.32130487554032,900.6308271369262,235.3141620659532,-434.4506188757393,-280.6811703843772,-776.2698703181275,-1984.240312860566,-929.258364257186,300.98501760941764,-264.04747087574174,-117.05857225446147,668.8228844836491,329.24460661040524
3280.4394686279284,-544.9791358273447,383.1507355981504,1387.2615544737432,419.6830673332427,-58.52721121456922,-29.518282482993754,-254.66813504791202,-715.3656884982456,359.7986562600695,1529.718729799043,731.69575944193,142.74236760857502,771.2962838296771,411.4533902830567
3932.774615222265,-194.02912156430062,1040.2136320905345,1790.5541648931894,1051.216920315384,502.44741457735074,736.0451382405842,696.2859214793284,423.2915952439486,1243.255995724801,2692.9200789624565,1559.820832630138,169.16034357315345,820.8827999546356,527.9956687499905
2718.151408702039,799.0250624641819,1743.6857196490275,2235.8144043828834,1822.5799782289664,710.9052897749568,1578.9843775873053,1575.6427004225743,935.3197874653913,1241.9197098372745,2820.389909884264,1499.8605677509804,-267.9968513923457,541.3622227260523,620.6834907048983
-945.3479201127416,986.3589458300967,2020.9333243535227,3189.5904048245848,2267.813681739529,452.62326930145457,1421.8617621393932,1145.3428963068473,356.5720947653173,356.90069633036256,1650.9628293019578,550.6611563572079,-1072.835567258878,-24.893507983603655,639.3103953072765
-3753.092777784506,360.9701251535097,1042.9300672014738,2071.018556852251,592.2245955870642,-995.547747729599,-547.8297117863184,-349.23489597365256,-1289.2872604922272,-1081.7689717398991,415.0028262820926,-127.56294382767324,-1679.4698175779283,-438.37720007374435,654.1499717431433
-2872.8408470863233,-3769.373033679346,-3139.922747494922,251.95668131654892,-1937.549710042393,-3961.293055341647,-2296.2062572104387,-255.27537143667777,-2264.462288375212,-2181.446989726594,265.97136971990517,196.2441273556907,-1686.9323240117467,-520.6625944812458,728.2195146647905
-1882.2054709320803,-6771.158740336348,-5246.152496165379,1340.6002212221645,-1793.4686879621968,-5447.022682658072,-2478.0560069130215,774.2223568522753,-2136.9172570593832,-2612.5190947684637,265.7492281673423,485.23085237278593,-1573.8594246604237,-617.9387216220615,735.9428203284128
-3003.4051882668987,-6217.425280250041,-5069.9072650177595,1655.9567157879972,-1667.8881006670365,-5884.201106770265,-3023.9970509523587,584.3927051715351,-2403.3612341579997,-2960.7448165305964,-446.7013419913094,39.9732336736715,-1744.9399521945543,-811.5140271725794,607.6794821197507
-2065.801831055429,-3087.0285246976628,-2897.13737946696,1724.4916680224405,-965.7554556697997,-4954.210496358677,-2759.356122727648,452.4769348943427,-2115.3572993405483,-2600.6389254395417,-695.6331574715341,-247.14059976154755,-1626.9661882621422,-745.6783253763227,531.1116146482826
1531.8808310754937,-634.8420630187013,-822.3142949561565,1001.6171800666172,-394.11927173827905,-2866.106449985472,-1469.2663014598288,604.6904712602169,-926.520886297465,-1228.1943393373274,105.62491746989679,137.20718470081684,-937.6615196311107,-449.6216905067672,602.9929220316544
2877.363002226385,20.88380705226099,-98.18018097888283,776.5065457119659,-139.58697190439324,-1741.1136131819421,-575.585408567344,822.6277668308649,77.7902613013838,-89.32142864230661,1007.0027683480905,771.1433278726195,-309.7999531780986,-367.34339212400056,649.6740314607528
751.6113724244573,-105.496510779077,-255.12571353462724,1168.140067609668,174.58861532758146,-1510.9031001059213,-120.18547734184983,1279.8817056753837,774.0389019789724,255.16511635243705,1309.2787772120398,1223.3203701690231,-168.11323372929337,-624.0966025061373,543.3944486781636
-1120.825084090606,-799.0436372431341,-986.2089635845721,1605.3135152289378,540.6121117719166,-1865.6159570991442,-157.36058688261255,1749.5942335655088,1045.3181466063106,-26.673226304425953,953.443243655303,1217.5478362161448,-344.6403296944492,-902.3376074863415,376.5319365491207
-1084.5845187942755,-1772.7688136114714,-1725.456911570265,2404.1918841733036,1438.5089717036622,-2701.565213345736,-872.9927431874682,2242.849915606466,850.9590885768342,-918.7185496748684,148.2393365980252,833.9671362230741,-559.3430087076297,-968.1946360916172,278.57019024715845
-1994.7325930064376,-3273.579759402298,-3096.519096415416,4118.752738836114,3025.700669875961,-4093.1649690904055,-2168.5560613265116,3135.4964765086197,937.8811187060371,-2272.497305433577,-778.4397181674472,741.8273476120772,-550.1794756437309,-983.0728609095902,225.2911537703037
-5165.0235859051845,-5443.9946645443215,-5181.076687955271,7741.153255824266,6261.087448938677,-5755.469871790889,-3751.114747997616,4979.675092179073,2149.6797171517687,-3711.524500854565,-1679.047997549967,1502.4669697003842,-45.15898387431885,-1178.9254508053416,103.139313249956
-6171.130495100773,-9736.544064021613,-9066.869910780713,11701.793995034888,9945.335000126151,-7734.801002278636,-5828.305638088202,6813.004032989777,3964.368958860621,-4584.200416861331,-2383.0582253799016,2653.7116610814987,904.9937510405571,-1357.3894087035792,-78.75935009788796
-1567.8137044451857,-14011.881768976762,-12777.94287269596,10867.209797663061,10010.554212713494,-8519.061782562949,-6972.339730950007,6760.915729644641,4893.490265091487,-3995.7749443383063,-2292.1933186186534,3117.3871757132947,1617.9726222083289,-1132.8210753744338,-189.42430923127165
3768.6591773806476,-10484.224731462486,-9896.418558957577,7347.966384230705,7435.509563997249,-5940.868196433349,-5037.620324613986,5298.750594944922,4383.812930760429,-1988.1072976679063,-1120.6773286324537,2527.235156284475,1456.4324272720253,-642.0451609406538,-205.16971311892596
3685.9715582954354,-4993.427429803572,-5022.773139657854,4818.339135001515,5028.09975482064,-2346.5857520584605,-1810.0141461106641,3857.7748915240063,2910.894476511784,-47.284356391844824,360.2751086132163,1443.1502309698017,676.2022622754292,-313.7101307888199,-217.90827962794168
583.7319497571399,-2840.790178977558,-2985.1306451559544,2316.404583132451,2760.7586500768975,-694.8242897512141,-48.71408320862669,2528.8584029882413,1089.196919567064,596.430259864908,1153.2440286097067,449.12281341100305,-65.59687634679477,-236.8706394990948,-254.22780678553295
-258.10775704494904,-1596.461162522623,-1891.340090527581,437.0343415396954,1115.3435481209408,-538.1394477020034,255.87692263919888,1287.0566279574298,-408.4565364662641,182.4696713097448,1080.9015674714371,-158.7047886612021,-394.6262615499675,-284.5075605851217,-306.76888604584065
1298.6404651122427,-450.3683290479656,-896.1137379748819,133.36284591103347,611.835539783512,-634.0943296076443,222.31513145710494,453.4571387287861,-1124.6788417694472,-215.51175871519058,753.2398413702921,-123.74176505888408,-149.40342322297863,-280.4190671014152,-399.7986444995765
3506.012335520122,117.06617555008354,-766.1466028281686,363.9732470247186,330.97195715184455,-586.050949990049,711.828675904005,293.931099001294,-1105.3866480400102,189.9644439878544,809.0068932944447,552.8178177216313,550.9587930426247,-54.257130106327565,-506.6129063201651
5809.395067080159,-522.775307457828,-1283.2066751266966,-464.46781813449445,-725.4341391323755,-104.97291236300194,1963.3059984244126,911.2500491290157,-676.4259902064662,1015.6505876863018,1130.6380417045712,1216.8743297777878,1105.581443311531,241.68104220771363,-556.9664542419998
6608.5187013914465,-671.5334391095348,-635.3969671286457,-1263.2512937871788,-1749.436755246638,285.02724749908134,2680.191427623404,1216.4643484789356,-650.0692977064459,1019.4062551743622,1146.6395703334993,1178.7475486103501,975.6844317914602,242.56436234697708,-556.9124677955251
4719.8956720535425,85.98747864861983,540.2877112817658,-1882.7460203404275,-2838.204675468418,-146.0444683471448,2485.9316031648914,641.0651778209593,-1239.8159408081674,197.6327654479461,800.475910288606,738.520872203794,561.1777237045588,22.85322954952227,-582.9834966363251
1907.7802721480275,1475.2225369314015,1492.4899165275685,-1468.181378521962,-2624.1199579635336,-655.0147553313047,1514.52212309726,313.6818356771237,-977.6911766081989,-434.71751584107244,-59.71678040797411,234.22448770754008,589.4320192372521,-11.020000802253264,-664.7273539864211
-452.6373682220991,-3060.716829520211,-2948.685084451039,-3204.7067082148537,-2415.2177454067496,-3420.321583042319,-1960.301502757371,-1216.5339734689542,-322.789127358184,-1215.2537290478178,-1718.9090552212879,-734.0177818008206,822.564815904886,159.13689448647852,-761.9058957050381
-1563.7599371367405,-6440.1766553329435,-6415.168343653377,-4860.393003029989,-2373.3842564081624,-5665.645953578995,-4832.673558668467,-2916.043942492349,36.819239439113005,-1660.7673896141337,-3003.6700197401406,-1529.497888264805,940.8943150735593,401.96139159067786,-767.7395268594646
-236.413728915896,-4614.113890895481,-6278.246590409605,-1818.7952020792154,1091.693654960124,-4200.124516102262,-5565.324726339496,-2496.7155040677003,1760.5870813531963,-259.9850516577785,-2830.0412953897335,-1113.6153093886703,1409.4370247309357,761.1841888877626,-586.3125857949495
800.2566046576076,-1613.485845490228,-4339.401075616727,1465.733205716816,3853.783722052605,-1995.6925057338383,-5487.104159300363,-1915.033009604859,3723.7949437857014,1813.415599958184,-1862.1452911714948,-105.06464545349917,2067.8282316868963,997.2150914359952,-350.4590941952223
-1654.151994062803,-1992.9222573617362,-3754.0757874108317,2840.0299413272014,4487.115640973398,-679.435677909359,-4898.332857324846,-1982.6447193779707,4044.103298584807,2492.588939126337,-1127.2578025953276,401.1030553835614,2018.3720737549256,807.3630670729306,-300.4719876768806
-4479.3366558068055,-4262.853009188223,-4876.564448791506,1292.106835391093,3806.5702785465337,-525.0286554637551,-4831.217398098805,-2322.8853317121398,3200.0911982917683,1586.0624575663544,-1272.7814470407436,40.91723958259493,1108.5339614843679,449.53817327885326,-410.0007694411151
-3038.1850247136404,-5888.052644590042,-5760.545561212327,-1247.4802382774187,2586.799676940278,-691.3903787144177,-5042.946042418504,-2703.4524971521737,2129.377767551568,148.24962540093895,-2294.677365944849,-974.3009095342916,-24.545157491645625,382.95745356877023,-443.2783650068855
2174.267562536614,-5872.37766804812,-5618.073272109061,-2374.6963330031604,1447.2582659755449,-966.1363847433206,-5150.901049715678,-3066.648959263967,1517.3957588006806,-507.2874776869935,-3170.1400406164403,-1905.5272849849596,-718.8498460951338,638.2065210762694,-302.7694476943334
8328.518167233295,-4076.2766179885703,-4837.404614024598,-2383.4498885336125,1319.2658534477528,-1157.9041598327608,-5644.657263931217,-3297.1781256013332,2096.40410079477,443.6595629157358,-2766.0558695715163,-2080.320089502221,-583.683504492881,997.6451761253826,-78.34454362651194
14123.850562978543,-3748.851358340605,-5975.950656003045,-1557.3090423567496,4166.644210610533,578.8085814411941,-6124.210803446369,-2958.571246693045,4064.506369776128,2659.28958199179,-1202.0551950431231,-1781.866664325556,100.48572744318798,1397.001813886709,142.23495103264014
16674.899195536556,-2322.508314766115,-6968.481598737608,1715.3355416890674,9348.434212992262,4494.979893261938,-5738.455056935539,-2418.276155038635,6224.501782894861,4866.750067205842,241.01999931110566,-1873.369537447737,368.8314767343543,1717.2154290621413,315.8768532626385
11472.258421221168,2865.312025013322,-4743.11649913967,5542.320021092559,13022.417704084926,7733.604375391803,-5070.063893801051,-2694.7257992987934,6891.163020466167,5962.245448867808,543.0174419316984,-2673.5703654584295,-265.5261538310724,1708.24099890949,419.90188805825574
1154.5456131877527,7117.376300121721,-2060.5264897619927,7147.305759320135,14208.51306518685,9063.762594679882,-4835.12544859066,-3716.6585755774704,5899.526952879643,5891.280503592445,-86.96692528353626,-3773.743576444711,-1286.9499048483174,1447.5827390216507,512.1927650559069
-5167.022734854348,8020.532579801204,-953.3832540396481,7280.917682431819,14449.20628876821,9811.736587425477,-4031.55261644171,-4111.258191291569,4606.047477218969,5470.3874420788825,-505.0679413819621,-4494.085638628416,-1981.1306812179755,1237.1367170162034,650.0611751784431
-4404.09748337222,4337.385248154028,-2329.553781153359,6219.746064196271,13363.302371610134,9653.691847150729,-2162.1573619998194,-3205.5519355902197,4055.1658115070322,5463.194436279307,305.1700284687401,-4163.258117473771,-1933.059917253582,1153.7703638784874,761.0374525394138
-1772.2583261473972,-190.32254855523956,-5205.093705338785,3953.4195933424494,10758.556671974437,7649.647998323146,-1234.0049887245664,-2354.876774851151,4262.989848082962,6017.88002688039,2109.042568738952,-2662.6018358043275,-1186.032283570557,1062.8307586583485,741.7417240051329
-1489.6819413254932,-2829.9271559973354,-7630.948797474582,346.42745003701566,8282.902785577966,5896.623497453112,-1579.8018008553004,-2353.6115808396903,4863.568822393758,6690.569752797437,3415.6682134973794,-1189.970196030454,-474.9497238461064,858.4450676333131,644.5696152312983
-1977.3238900114397,-6831.497536581231,-11143.553384741244,-4203.708348693153,5996.806186272831,4518.660519899371,-2112.326138311052,-3107.040440784609,4054.1031997794266,6806.769539549299,3241.4238199279944,-1700.4295231062624,-983.0465234558731,556.2692466059104,697.0037707399192
-2493.4664704675274,-10611.030720507637,-13952.922777633301,-11092.000703011676,-81.12346301178513,-791.9472206311717,-7271.239774634335,-7870.872410105168,-968.2872627133991,6450.699174685295,2543.8078122945935,-4632.898640782169,-3278.790704368241,-49.110541671648036,996.4037307021584
-8591.86965006469,-25069.75603458216,-24999.701954885106,-23797.939745294054,-5236.3998229431645,-5155.94448409462,-17606.513975676822,-17555.563071905617,-9117.48365670387,5724.660950849208,2222.484173261925,-8107.431600592966,-6270.137946111502,-1379.6854563411507,1191.5171430387318
-21263.53566082599,-33311.107440174135,-36768.192030772945,-28713.68984223961,-949.8490617891553,-1832.212683306599,-23567.874245486033,-24806.012667754592,-15785.418381771304,3144.804414065943,967.504519068736,-10196.530299872265,-7801.432703598096,-3005.160421084759,850.9210047664661
-28913.11054285166,-19948.635643731686,-32187.894405792922,-21670.027648222258,4502.193348948778,2066.566372461702,-22864.942180046914,-25262.856121232835,-18409.840737521088,-1197.1862427735366,-1654.8763587218536,-10475.242698474822,-6881.032063933462,-3524.635466674769,208.09302995746202
-25205.92665763304,-5927.81682958401,-21381.98956968451,-13275.976870849026,6383.589664683397,3781.989289264667,-18951.12269009882,-21977.671942225286,-17046.48957443704,-3414.4530986851146,-2756.9043419301534,-9159.738013930219,-4918.448521016397,-2602.552541868015,-73.28055751657291
-20052.419317580378,-2163.5158863219103,-14143.270586541988,-7616.657017919104,7091.551831856835,5873.431867453142,-12545.01498400582,-17589.87219719822,-12934.406669474687,-884.5056735989689,27.354852327833953,-6390.444507869618,-3949.933073282089,-1648.3927815416866,112.19220892709427
-19746.88282143096,-4703.27668266556,-15408.229588855129,-7817.449362636839,7073.610009451064,7514.145263726991,-7061.43172229538,-13664.69761684375,-8557.282003346492,4003.5156823403813,4976.481619665136,-2648.101436519335,-4142.129152982319,-1622.7927123356915,304.854682087018
-17425.66797342527,-5934.944879258651,-19575.539275355062,-10993.516948817967,7874.172762542403,9468.74960627355,-4541.87814798909,-11802.974074805992,-6146.172879929507,7500.696172001765,8673.904190546991,634.0656222934066,-4379.642208789982,-2032.7795794314952,240.59168846167466
-9920.247814820861,-8447.624538836251,-21510.607774544016,-13980.260566630768,7774.7586657510865,11038.700135865814,-2633.7481023658297,-10692.199694499635,-5159.511244206115,9140.345209444273,10417.66240805203,2425.1691900402757,-4505.4600344353,-2396.2055906399446,-13.043351609100569
-4461.98001288639,-10358.23596631285,-20941.402854255688,-15475.382005773323,6550.594407168066,11471.508584606894,-572.8167347781896,-8908.975367902895,-4122.360086339328,10274.619257658853,11612.69236860961,3666.9238172470637,-4897.600906069682,-2900.854096058957,-335.85323350214304
-5391.333998026056,-10612.562533650284,-17909.947355158667,-13649.765366766685,6009.5304120527735,11891.959636608257,1896.1009441580604,-7214.678723191756,-3470.235531543788,10841.111593239682,12555.743435880137,5169.350002059162,-5083.482329780288,-3508.6057743803176,-612.0944682842799
-8453.95280350158,-8947.614329617367,-12841.192254298188,-8221.166631606844,6943.736971774769,12443.663388446945,4992.811510151268,-6158.216133306686,-4252.558096535261,9681.040573200042,12465.346971040904,5936.764043054599,-4792.408830338161,-3768.6811274410484,-741.1946727198042
-10303.93305753448,-3329.4314674327866,-6295.280729772394,-1019.2580362820654,11102.943635087684,14540.157611397246,7527.20228707283,-6630.921301727427,-6838.19534431822,6083.853948976689,10936.780961607488,5159.1679793032745,-4715.490325418862,-3585.2877683687357,-723.9115704783761
-12929.06122508793,5630.454061937096,-4771.692061057356,610.2557708107448,15862.34392492997,18211.83177365104,7782.434541844186,-9508.331570230317,-10595.569836449376,877.5358306161819,8491.779218951517,3767.4417397217385,-5071.1321278694,-3347.061871988247,-661.5257327700346
-16726.575073851724,7117.1006899444665,-13825.98711101901,-7715.69623916491,14810.442782944025,19820.61920824582,5880.643234244662,-13097.757185636017,-13795.463602723437,-3561.770150123315,6557.379719383566,3433.838237492497,-4827.370557733519,-3304.5819286879505,-658.6422650906937
-16749.679670362915,-1059.4623139203036,-24445.375501478156,-17547.45224675639,9637.423896527409,19010.75984883815,4767.932080300409,-14831.436864933807,-15420.442343336064,-5515.950200549286,6463.759237918394,4855.324849637176,-3057.930602666505,-3260.2479423557106,-736.2507971247278
-9795.763131147987,-9049.717972184942,-29491.71641887436,-23443.54103586758,4927.135637794843,18345.66737032438,5424.993498646777,-15077.636317479824,-16383.043456269175,-5852.526558631858,8111.668928546995,7345.981201805027,-374.39033199929986,-3055.9866794739755,-873.9259497264507
-254.91174504844565,-13145.933668851678,-28981.571431665667,-26738.339063767107,-1532.047810706079,15962.595352628628,5365.9564068413965,-15188.055855146824,-17553.885434864053,-6447.2315800440565,10210.860245331009,9920.77119854969,1971.598032230729,-2923.3242605703203,-1098.236540691344
7014.881775598852,-10418.569399252203,-22482.88274576404,-24703.17248208027,-7939.679877955564,11202.219529230597,4896.344829602763,-14239.929029674735,-18707.67198260892,-7960.367147236316,11585.074174995993,11953.040060861393,3607.5770482717767,-2895.745686240987,-1378.303103432604
10658.914668391762,-7777.290119683931,-15279.043824030789,-17737.564180112604,-7604.684733873055,9643.971605277811,7629.264575100138,-11617.361853053846,-20434.018457239155,-10688.467996381298,11708.52749730891,13249.749060987951,4570.895523817182,-2892.0434412662253,-1641.1135250960283
6125.596305610141,-6068.940062925757,-11144.016464139706,-10989.484565970428,2447.098624465627,17348.80767642231,16169.706377648554,-8577.847753343647,-24651.034331744017,-15882.997980117649,10312.889337922496,14476.206860557106,5086.908447414645,-3406.376424072646,-2052.416059980864
-7124.57219540962,7583.7041808031145,-17216.788248976907,-15443.09675620678,17207.185164151128,36052.131885727904,30508.01087262045,-6722.970148375865,-32360.006375623885,-24136.36193237281,6933.7615449347,16252.01230166199,6181.851640223532,-4349.7779771501355,-2784.3304875537187
-13892.729669323297,15192.280387029256,-47192.346951850275,-42349.35417803795,16920.329956321708,52059.61112322217,41775.2586462989,-7442.5822653074865,-39681.58611868619,-31619.863515951707,2184.769196212504,17483.35035956372,8350.700530507898,-4002.0758804188567,-3367.9299284664235
-1555.6324485350428,-8725.910698243913,-72261.35027325347,-63902.28661261066,-2061.718310856725,46299.81986767766,39041.74159277108,-7847.3205835052195,-38576.913050186915,-31500.089710948523,-753.2099458816408,16656.438919980374,10089.090650180911,-1357.294014948658,-3016.4335845274213
18320.210169787348,-19243.327948424136,-55013.654916192616,-50398.80288725571,-11688.796699127195,29244.047783607904,28469.797283464024,-4059.9894537187265,-28574.25421453019,-23863.139980730724,-69.00599856328574,14311.986976243958,9824.350343143129,1788.9703409705587,-1813.3790785620815
28515.88102954554,-8860.75295859319,-26283.28948136137,-27524.836595929242,-10306.176761280083,16513.909936443542,19313.715592235138,-530.6036329131313,-18981.040984892865,-16600.80929978472,869.3964957898453,11871.047864031132,8227.622753113383,3284.336556578435,-715.7435881058659
29616.97511937124,1377.9364852802269,-8398.309235354911,-12488.722800688285,-8176.754673787189,7671.697902551042,11674.075724083898,-1160.2842132264411,-14670.505721271964,-13679.1489448106,-1039.1253318960585,9646.54946621016,6956.4125021613345,3306.144053394706,-258.2100033942358
30890.666279699348,3733.880287791142,-4414.941676053738,-7664.0243823163,-5554.005617772446,4541.535700479601,7649.595721134586,-2380.556983054411,-13516.36883694519,-13405.960575023773,-4424.572918834321,7882.070401115078,6769.899193474777,3230.467563477607,-124.62813047512304
35479.85976493104,-4059.4941852335555,-11346.580735201238,-12852.591984141032,-6010.843035198487,6909.648400542938,8863.994816183284,-1291.3032912341232,-13624.503966496908,-14562.807382293451,-7754.177902432696,6917.400037414587,7580.532424322029,3675.6507439676243,84.76979960763697
39228.26291597025,-14331.33611089577,-23712.068828805317,-24188.470105090873,-10902.385434509888,11983.098088610457,14195.088998194582,2410.3793226472185,-13846.539271427597,-16391.992093085504,-10958.036257517138,5803.423114966745,8595.59531460611,4232.709938574519,345.5415650333604
35324.01551377957,-14410.578851618997,-34904.951531778235,-35147.52574001397,-15949.151796996943,17080.625303118024,21041.48264650974,7849.243475133221,-13381.328765566925,-18013.14570935974,-13231.004207494778,3861.2251396739152,8659.964157854864,4215.872729648912,452.0770559124419
22166.546342804308,1689.8260184863896,-36490.9712615547,-38514.586712728305,-14477.2645589516,21005.71927707713,25816.80507936232,13035.617315500267,-12131.179333335767,-19333.447567620344,-14096.392487150762,2232.7437780973255,7727.300314950181,3538.7439097833353,395.2014964080022
8114.34046004663,22816.591223095624,-24102.721083276898,-30985.19955212507,-7558.507767020444,22577.239497387087,27008.88411078918,16698.36030084875,-9773.124111187319,-19971.299152002688,-14191.694505461268,1677.469659066876,6941.7101592949075,2837.9509592399545,348.65315495692846
3236.1023362185933,29197.967711813028,-7483.51944065934,-17984.900709264224,-3220.2432728588033,19349.97904064999,25353.856349051624,18612.02535426267,-6274.301187804224,-19058.34917718118,-13736.677334566028,1416.1166147569156,6786.1741911244535,2627.0362328686033,407.94226323181925
8558.41623747558,15541.26314352493,-2945.2994005434025,-11736.398363666824,-6827.55510183265,12646.25054258543,23006.914114209052,19149.577322138884,-2555.44780994187,-16587.13407757736,-12611.002682804597,737.8186850023059,6740.3479151968395,2823.8583023390916,534.3838234324611
17694.04956636861,-3984.464525143911,-12669.12346163552,-16886.147427975375,-15499.061168288037,7146.29636029339,22021.37080249851,19045.17452170759,7.0364433857663755,-13998.90458562125,-11595.643725259994,-703.7439762486744,6440.252468278509,3267.87128671347,719.3864309554967
22914.244972848366,-14458.513793819126,-25481.38340427843,-26819.01880532439,-23689.086367868516,4304.03470438177,22383.034019962233,18800.9683088041,401.4683149640673,-13323.04809577709,-12011.002865269422,-3525.430814319716,5576.508861536755,3917.5122927946672,987.2371504848848
17483.03703777395,-13508.284424384768,-35516.00886538022,-36933.25110977919,-30342.105209279696,2671.2164175642397,23319.814506669067,18967.93625936433,-865.4791201693299,-15450.892550356419,-14338.929240616642,-7672.891434278448,3701.4845833538475,4454.205172667627,1258.0031836798105
2257.3564563383043,283.1685440149675,-39752.23661815049,-45347.49742382011,-33608.911488897524,3348.607155965658,24692.479703360426,20188.922950608314,-1497.7128106880825,-19191.928160649622,-18013.640423819517,-11902.809510783403,1342.9748966842922,4664.420030715707,1464.879068233482
-10825.052000657364,25026.48481688852,-26986.51191605774,-41762.65106024891,-27351.467821940936,6772.125784441378,24987.4677574216,22047.98684725417,806.0958928738073,-21962.22890572999,-22058.491366594935,-15096.415740160966,-189.77420306933897,4980.445428378012,1717.726904351718
-11830.564143852558,35860.91948720379,-2825.7916751851935,-22738.373457408623,-15191.671776167112,6549.885207432033,22445.129756064543,24058.22233413304,6921.369402114464,-20891.79598748833,-24975.401936299615,-16770.321978289852,-340.21581732458264,5763.1760443033945,2087.9000951540324
-2631.90473050923,14087.182623006494,-1745.3868260654897,-13700.184244023903,-15873.18080124501,-1348.600753727941,21319.143814323423,28223.5108819998,16641.49501749952,-14079.554401943145,-24870.055283504338,-16646.11711056221,506.81152630690974,6771.189651409288,2465.7491096349904
8875.357039616876,-9976.46681725787,-31974.98080658518,-34783.17631303337,-33584.85725098545,-6275.845617738139,28297.88275878765,35556.068138934555,27544.667320796125,-3095.8569369233646,-21306.0107479881,-15299.013913675977,1211.7806610991095,7566.314578859481,2799.1968850102767
12063.350935884357,8958.15980554435,-44718.41290634611,-55762.22383261927,-44084.60030206355,103.97925874833048,38314.18186889325,40896.97187251641,33852.56817994447,5683.5715478553075,-16994.039407753306,-14457.81885776353,-149.33006126456078,7314.3031336729355,3082.3920752734657
-2716.5290799703344,38319.12547162314,-24695.874555879767,-50236.60892515649,-38568.59982782695,5519.221230632957,39835.71583523434,40018.94365664314,32392.144749260344,6400.702161950828,-15756.601869701413,-15156.305307200975,-4357.410938899158,4788.905522116102,3003.886445953456
-29600.63093181019,41566.620800791796,-6331.219205798774,-36978.17755018725,-32066.43720179662,2052.6097546599863,33757.717391361824,36355.21519137099,27871.639690681095,1697.4464493280436,-17871.688305137166,-16314.091023395038,-8998.07148513232,347.1431495152568,2208.165773465702
-48993.975050041314,31936.845477350074,5010.888417717591,-23874.215307656665,-24766.85293423329,-775.4008069714611,27154.875251050522,32336.738559719328,25304.542095093333,162.0818776077923,-19082.748845990103,-16330.358196711568,-10906.827179613874,-3267.222760299228,1078.8310785589729
-51828.198039768,16836.553010664706,2955.2853216897756,-14022.060641224878,-15881.178226675145,-1098.9018444686935,19569.863673410662,25184.5421871846,22460.214008383657,4843.795973962588,-15074.54565475081,-14634.437750178618,-9917.887578920383,-4050.915477006813,469.6064639947726
-44522.129194007015,15402.368279524282,-7432.720537201226,-16288.925337699977,-14614.464487170368,-4708.94375749393,10476.341955316753,15599.524953352793,16035.575823572914,9862.7751212131,-6309.363159978381,-11080.065104465848,-7822.846688631031,-2877.297025187559,593.1666674317395
-33392.65796669979,16680.6157787429,-7132.878625794612,-17920.935292964572,-16275.519426691179,-8102.811244172184,4682.037587138385,9054.019336077561,8868.083822789822,9667.844582141013,1924.134600449862,-6151.575303891949,-5619.883470279816,-1576.2243930498976,908.9996709123453
-21331.02626026871,7808.721682324361,-3813.290061104737,-12241.140315762777,-13278.718066973137,-7432.2530924759185,3346.9532047593725,7252.42695313287,5321.9897891496885,6027.623812174858,4901.562928942662,-1959.3383548008192,-3648.5469740979015,-971.2863317331145,921.4762355460896
-13662.076802798258,1611.3142404078285,-3541.267744955245,-8276.087267769093,-10305.74846823719,-6600.902338784771,2854.9356573831237,7576.848378258105,5602.7744675286185,3782.3706021151224,3162.892779286022,-869.3439625596251,-2652.481558510276,-1075.4002475866055,576.3291369602744
-15324.382183486123,3258.521098746337,-1432.4346498093548,-8730.783940140072,-11713.564877532075,-8537.957615368467,1857.849056192542,8839.31495342576,7974.031279341745,4886.741244820082,977.813467899842,-2819.424198015025,-3283.7450394944435,-1746.271631513773,69.25134225383624
-23255.04158232244,12269.876913695505,2039.7188644600287,-11861.698402478696,-15993.133623844977,-11820.82101031006,1424.3763017882281,11339.309858987728,11302.475562394266,8032.149869704217,1477.3803842605573,-4955.078297991554,-4931.278687043782,-2685.388683173722,-386.86353383043746
-26725.78498129842,23604.678329898532,1274.7654445672526,-17100.772808135986,-20085.852116931255,-14405.12876137724,1297.6643655152925,13787.335571492,14218.793491433178,10676.145975652542,3862.077167734696,-4452.8660796802715,-5691.518233441132,-3237.8089297685565,-623.4536376570273
-18193.164146761086,23810.99740755869,-5898.250724639105,-20989.27286288271,-20841.97585490654,-15228.821332615104,-209.95328442577068,13629.947794651956,15044.815034263711,10937.330770713499,4768.524476665766,-1878.4473792194613,-4189.681832888737,-2752.378890771627,-567.1077323426601
-4024.8364685634638,10200.822299356401,-12231.61113798858,-19222.845487538467,-17652.090455876547,-14648.716193976636,-3834.480213316982,10063.397464923273,13640.138553161294,9261.761507575711,2531.5951330671796,-772.163020879772,-1627.0041873091009,-1440.9711349268844,-343.1708039151376
1046.780728088761,787.1747407874367,-10020.91847324252,-14784.773026535911,-15032.842502908297,-14807.025509873694,-8408.302418672638,5267.956478103368,11874.59783939791,8184.333648109229,-229.09692789494778,-2800.8101934099477,-830.8600741215903,-522.1514503545967,-237.27882095513635
-6277.7013549998255,7363.669964621247,-2994.194708120787,-14381.458405370233,-17060.26562538392,-17011.853380660545,-11785.521201846603,2255.4457148633273,11402.563046302399,9341.451055601488,384.2222097785201,-4877.061703925409,-2517.5265435426695,-919.4907626244594,-422.76328400722
-11486.202210652764,19747.721225639856,1439.93641941004,-17948.663365806147,-21578.1517057492,-19559.1027223031,-12600.785909619128,1917.3938512737104,11857.126096297201,11419.940929890774,4280.318449655827,-3409.2726116132126,-4021.6644570796125,-1937.2470264244776,-716.5823955275558
-3103.4475485637317,24866.175615756365,-40.18718815567499,-21765.05429623708,-24321.482715916918,-20518.543662574168,-12113.916228597793,2219.7808733944703,11964.353951692265,12473.861174542144,7574.341246945413,-94.370004606415,-3363.191615641779,-2047.181959850107,-737.6973186180915
7770.624756136359,15594.139656741341,-7873.253607242818,-23086.480546244256,-23355.6745334881,-20138.22694527566,-13242.269921572617,504.7965072182326,11787.202109531818,13442.641545912333,8673.246387453062,434.09457074838105,-2978.773989510703,-1371.5115094639923,-467.6108445701474
3394.059545837627,2818.304397593621,-9569.729363180762,-19970.67256855624,-21977.255327382332,-21405.99803048881,-17648.366035590887,-3751.7695215036374,12288.797861592528,16692.748919083475,10578.358996393215,-1500.8408104367577,-5862.1645385645525,-2011.5556582406607,-465.36090200580935
-10672.10104721645,15790.35052087376,1105.0849232400567,-21413.09793159979,-28061.566732500833,-27623.31099100412,-24607.58981454051,-9456.234001001269,12296.455653443572,20882.57779647808,14834.021646761821,-924.2962041462805,-9440.300950794584,-4566.529214683138,-1111.4346321853577
-14132.313868366038,35561.80872554408,352.34938359547266,-32114.92066218996,-36004.399106395824,-32399.578804148376,-28736.7303141952,-14504.895453219066,8872.094734142283,21072.368809685227,17658.71314186386,3092.8204234699615,-8870.266441243444,-6401.435642429654,-1879.5136678385625
-4734.061646133919,21439.329111289324,-12882.648288206266,-32835.30712082943,-30343.921934024827,-25961.71153288015,-23733.42166385648,-15521.338501546994,2290.6411728686608,15492.432213262235,15698.07133096047,6134.967836735223,-4804.1059651366795,-5547.968805287366,-2012.545757505749
3443.638290041924,-1296.487865705867,-14296.87666390299,-18745.40082643215,-16019.72309903047,-13909.92821207193,-13519.732288039584,-12565.254904657611,-3792.372007337756,8259.744794404965,11392.117826565272,6244.823841781171,-1631.055397312375,-3700.2406704831947,-1662.3289675983467
5968.735961109468,-6178.800888207063,-5860.860534722695,-5493.106718798715,-6052.990266395939,-5847.624889171647,-5869.661826113426,-9501.461841167831,-7958.254692915953,3257.9471330415877,8885.440426781923,6018.59777727354,-430.04913030861985,-3011.999575243918,-1540.2656764061762
8519.460321956607,1570.8586518125023,2991.734102511677,829.3394944747522,-3112.1658345784454,-3310.851457915264,-1534.8404656098983,-6310.15969073492,-10620.651341984687,-267.88760476897573,8235.974491046949,7031.260639559079,656.574839005809,-3044.3719505716076,-1770.3599969899008
11853.994069992237,7325.006032408471,5809.133065190409,167.7003625950064,-6069.110102788101,-6166.816021872001,-773.2201380389521,-1494.1013419822061,-10266.978514293201,-3873.9932348320363,6887.071590699737,7899.9861830346035,2151.096702233076,-2580.9505042765836,-1917.370195647235
12374.011278374694,5053.677581858527,4311.301680287579,-1339.9588624787293,-8938.825362971951,-10550.32032106256,-3776.027372558623,2237.8488687877702,-6335.397969084121,-6527.674456102155,4026.4795883488923,7395.909600895861,3272.6430157720174,-1540.5880007808046,-1740.1705077155616
9866.153407632863,3181.438996171688,5664.843302008623,1531.5147965858514,-7693.53277835119,-12105.97822933448,-7164.453241436473,3005.790274296533,-1363.225143320839,-6980.116499793428,994.9231062258964,6031.211797159927,3831.7728963767213,-369.18953005030824,-1341.715571947442
7389.620481287345,3924.6785266740662,9106.303980496476,6145.983936248023,-4847.364896635262,-11800.122565925036,-9216.892190343917,2133.826352856688,2546.6136342795367,-5809.578585165299,-1111.9175363763404,4832.755361514986,4249.156507471956,704.4087011362851,-897.3623202755562
6413.067446081473,5881.954099914525,12408.247803768725,10198.190672644878,-2237.3083276531197,-11279.08281888285,-10668.38810534607,568.7873832366547,5175.111672415904,-4131.549943919764,-2585.412526225886,3970.6554577270854,4674.621892998995,1571.7159064611485,-518.4883431515348
4891.723235172449,8119.939577504403,15515.976065993622,14112.219651029789,667.6356253995841,-10261.264452303942,-11433.728995781274,-1233.3700057408812,6783.441841307488,-2326.454073686841,-4200.212721862055,2708.9272247110252,4721.112270192846,2083.2583637916205,-247.16801149073507
587.9074626661443,8227.185858937724,17953.23513006214,18313.328224556015,4142.131300206625,-8806.850871952614,-11376.801180596545,-2398.0946169999174,7967.645339278277,-44.37088214322745,-5913.634620558561,454.19692836513775,3960.742801540126,2171.5530979744094,-58.39365408454293
-5010.444552309669,5434.76346933273,19223.45667926479,22501.24247706005,7645.482041475364,-7891.338320672129,-11668.87538321138,-3089.4871136123033,9328.871221597612,3273.7118026940875,-6670.0224994743885,-2284.4965082335975,2573.0801969266704,2020.6318333670129,121.42167978203489
-8562.679000357335,2728.4066927836393,20130.541927126596,26294.248909771086,10696.332782904949,-7985.684849867119,-13354.473693535094,-4594.137189291472,10379.92396772863,7434.6750755728435,-5686.098168157331,-4392.050333336358,1247.8485100527905,1938.8376403320985,343.62004253113946
-10207.181430577668,2185.09397316952,21877.688696110472,30171.31527352671,13883.965446810933,-8228.334721217261,-15884.445497962344,-7241.670874946308,10394.458933153146,11524.263409763378,-3511.5676537832055,-5728.649198824771,153.63417051156438,1915.4945471898886,556.0480762353019
-12802.600711776546,385.09442871374085,23686.387517278905,34930.27941970786,18350.658836579823,-7578.979663048824,-18329.5674559938,-10321.93059931295,9717.805049812756,15507.632182752885,-614.4588870649397,-7059.211521070849,-1508.3637794843617,1465.7496338647934,635.1720226595339
-15978.638646396344,-5585.981371737927,23800.871122257064,40083.25409694475,23861.377417905904,-6427.823909330047,-21132.741914412654,-14157.43385252405,8245.031611867034,19815.632014223247,4128.869913533647,-7779.154040658237,-4035.9240735459925,304.1476853470848,558.363572773763
-17087.560890726792,-11291.355219286936,23539.647173336536,44898.00520312496,29237.53617304499,-5551.882079358741,-24855.838423849727,-19562.754971698803,4598.357563024643,22991.18032521182,11052.548111375285,-6017.5606725973585,-6143.831443959716,-1069.2254315578023,453.25047714727293
-16987.770452146033,-13795.426806082174,25374.206170539423,50682.740657224356,35375.975033995994,-3775.6714925240267,-28262.426243076014,-25661.918150470032,-1275.9337065372274,23286.806871269702,18100.433794828597,-1771.390402646278,-6883.030745169731,-2231.3226304519712,315.7267867482345
-17835.11254217484,-18115.192225567374,27359.63494960359,58623.03183667901,44549.38812668639,856.7728739096879,-29994.733162226144,-31407.89459440501,-8283.39877583363,21115.37745941318,24240.291628297553,3931.015511122307,-6716.355413970317,-3668.7325346387624,-137.30859873775648
-19047.656108619776,-25697.236938096878,26639.20376916322,66867.5331723845,56157.210605698296,8175.642698533805,-30327.131818447586,-37373.85967262604,-17066.354401759265,15943.645022537337,29322.91413122471,11918.769783670827,-4796.795816456899,-5301.229517341384,-975.6312699426527
-20422.37355546628,-37399.25466621212,21002.935392769865,71247.0068952753,66729.27315604252,17032.95947466556,-28815.175753438914,-42889.321368150406,-27753.63711228451,5687.4748403271915,29959.94140811846,21401.954024239476,951.6650724381504,-5332.863175769412,-1652.1940245209341
-23194.96381365473,-56974.24478678041,4084.1999123462433,64134.948934681146,71291.3388069793,26913.11729954084,-23016.187452578415,-44545.75745232967,-36897.17220535134,-8164.32218380093,22721.98185958661,27293.81020570497,9451.276552388032,-2382.930338102712,-1517.6037190044553
-26993.91543716727,-64607.75053847685,-17895.78206258911,41174.98708007001,63023.08170492734,34673.01619899519,-12144.85321320542,-39766.44003969364,-40547.1006641328,-20473.983463417757,9611.85195739511,25451.260310962105,16280.323349430635,2517.491945692199,-488.30858911232406
-29943.35044393433,-42625.97034607507,-22275.660678649216,15861.767872153716,41359.54892157339,34377.61607243344,155.07094227675384,-29579.85976868788,-37874.70186269344,-27324.842864771632,-3814.984253784477,16866.102388763153,17886.57282293226,6851.4258666533715,947.9145945294534
-30934.193273748515,-18839.26434455477,-9181.223383570676,6381.25753423584,18897.859782407235,25016.130129532434,8706.704999555335,-17614.035529672696,-30968.103712768472,-28267.300595825403,-13080.396615357997,6102.066580034274,14193.765741840522,8594.581315645435,2094.4796951461185
-30581.12108213847,-16672.20872723146,-2327.5516548290293,9801.281433374399,8454.858192879192,13503.896888555226,11599.601074650986,-7450.181349610801,-22968.110187251485,-25524.47456414362,-17147.16384330593,-2482.3671326195604,8077.080512314865,7586.935234089509,2513.8811525240135
-30373.90360555949,-22159.597960291234,-9026.523921030175,11167.458444716029,9265.181631672624,7049.195514746939,11023.189426245723,-552.3060653263149,-16157.33094348717,-21901.712445124205,-17854.42134923147,-7467.492848438183,2593.9250287221253,5243.441471259069,2296.0201207363807
-31429.477663918326,-21428.691916718042,-18669.402256117482,4967.493278809943,12797.455011135717,6933.392026142052,10180.986818659865,3774.185759411543,-11092.513833652914,-18997.96868226729,-17522.025582546925,-9939.479596351259,-1126.87318881733,2964.646843771454,1811.4867361681163
-34219.35264786242,-16309.644949623176,-24052.497914700947,-5214.219623221491,13359.433221726063,10424.127293081447,10839.300219825342,6960.721543196689,-7178.390547013693,-17024.058666610446,-17413.499925759497,-11437.050852910383,-3512.09898962484,1258.776438129651,1338.8073873384005
-38956.69943591853,-11398.000087597842,-25293.255894325997,-15485.537338080096,9668.132563416952,14527.289273897368,13363.979964202686,10169.006896434154,-3571.2014137178408,-15536.658154230505,-17811.21159207874,-12883.3766106513,-5335.00865357895,1.1820350518639557,965.1558474182216
-45875.18231635357,-7706.202746230902,-24404.018717723848,-24273.519714910813,2280.2914243395776,17076.939413447053,17430.020515948116,14212.266348612753,465.5585028376449,-13972.335221348869,-18557.18776140882,-14621.374335998999,-7138.689737140094,-1106.5990922169053,660.2129981820416
-55229.02492942658,-3836.062907039449,-22376.87016798627,-31356.795033056973,-7898.6595174723,16503.81216853747,22177.41253096036,19662.730096160525,5628.760399182571,-11763.964598951014,-19354.346985449894,-16689.859141678447,-9186.445072494205,-2312.2680693517204,352.037254708194
-67079.95340055434,2126.0269884808,-18783.643195902245,-36685.54723021663,-20003.944140157135,11671.427582340797,26132.005413565006,26703.802360457696,12659.918478165688,-8263.153060159731,-19821.65655619399,-18979.989811539355,-11545.342519670814,-3752.714621289285,-30.254440532407877
-80841.47602426789,11634.102957893496,-12321.921622405403,-39602.82773394553,-33035.374117288964,1865.6893729121862,27233.45129063275,34812.252783684875,22238.1311824879,-2669.2115587187072,-19444.236093114083,-21271.40702497028,-14153.477130752914,-5455.735581897572,-533.7609777488649
-94629.8680019152,25370.631502179374,-1626.5212080370777,-38630.770102091585,-45322.54641183578,-12998.692164535569,23028.7943322773,42451.40968693292,34643.792145982305,5907.015759480659,-17523.41787965731,-23207.2858569095,-16847.473139569476,-7355.997134630321,-1168.636973757854
-104787.81436539351,42954.497792160706,13875.300037167686,-31800.93980263361,-54052.80758542423,-31892.378849449673,11159.6976557362,46977.01212385395,49263.901350420994,18168.9850204755,-13197.813370477535,-24246.88830998548,-19350.40723847365,-9305.302010060157,-1901.3961653442993
-106096.920449184,62223.983419651195,33190.0970543598,-17248.0078492605,-55338.9880447416,-52192.199410881236,-9719.895930267357,45006.35544879057,64102.54889702399,34119.2124896557,-5612.812448847904,-23642.611028073337,-21239.039955296423,-11078.409308291684,-2657.2618134378645
-93389.03063522132,78365.46485634288,53693.03744945442,6232.38963354234,-45310.42831549646,-69763.80663648555,-38619.730567533166,33543.73684109182,75607.96803501369,52358.12613300022,5649.676503481379,-20552.920228139712,-21953.183536676657,-12393.712194204338,-3334.133666146438
-65012.780309854556,85459.45956956857,73211.78838601368,38538.79674494939,-22678.737932273107,-80204.8350979401,-71039.50310076275,11922.196783567762,79391.75573416182,69600.57681629629,19923.280789948058,-14380.855407308383,-20907.759761769797,-12959.5907163397,-3825.364562419969
-26255.312365695092,84530.65867210472,93368.61034065808,76394.04567941878,8045.854290452616,-80971.74741723381,-99202.57792906281,-16409.498079642908,72133.30794368114,81137.79517520964,34985.21965199431,-5251.768063585795,-17703.192282667213,-12542.377944084994,-4049.441956641001
11130.60235311556,89178.44413882025,116205.45102278066,109847.78321307564,36079.07209763199,-72595.38882490112,-114560.7436026286,-44079.442738336074,53824.304161100816,82592.43618053476,47320.426285589536,5645.195091932615,-12363.862548356139,-11042.172689424515,-3978.3082587042472
35035.53014632423,105093.59789951172,131643.9648553619,122986.13583958421,50200.04327127531,-57477.23805201835,-111619.53714200742,-62778.044814902,28539.49990336678,72115.5454132794,53293.16248637217,16202.357823908364,-5418.36300755906,-8483.725811117543,-3617.2345867986865
40066.79748124355,106722.24815397155,119145.51997426171,105779.93888512642,47277.263946258194,-38119.90789302075,-90583.5815284296,-66850.6816158791,3144.478658683503,51451.06523429619,50338.2780916769,23749.534653515464,2082.457656401337,-4962.074211839693,-2935.3815333275884
29494.745604236556,72178.72516466667,76276.95168718873,67122.64321626989,33569.53399667138,-18342.79367027323,-58297.22045206834,-55378.84189550683,-14449.726556172393,26339.52041759193,38131.77705929161,25342.567142965065,8157.3451253259345,-979.0189125810891,-1925.332520579431
13550.302421152748,25303.3076677956,29851.645141097357,29266.588384491824,18215.370594891596,-3905.0494946907156,-26882.547047115164,-34049.9487824436,-18847.89421070858,5834.376867916185,20834.1382938249,19738.96023095633,10246.452223011398,2121.3178775885694,-829.3773949669263
3336.2727499617354,-365.7509225189617,4261.1420176020465,7548.2331714092,7464.196564714182,2322.458258009021,-6563.599372232509,-13486.724876255286,-12341.517939639663,-3344.40091149665,6397.277685961218,10205.856086410105,7684.948089943338,2977.3548174437897,-110.60588234510533
2160.0269337700015,-4345.399712541762,-1485.849063917878,1135.2647020293834,2910.4730337700066,3215.915349711971,1628.1826785104722,-1166.6112115091923,-3162.9022938769212,-2604.980479449196,86.47570270891373,2616.8564533209656,3139.442118584767,1762.8844958603213,-11.791773039176746
5721.411186728993,-2235.572654502436,-29.879835192587336,1708.2248789592077,2688.5834054495617,3168.9287507968147,3404.5493961126576,3344.3727067442496,2747.3932750291624,1638.8983057576634,538.4251251942375,12.85888345721878,42.251961670692936,62.826256406951416,-306.20868001152064
9540.664479499124,-1876.5096044901056,957.965194789674,3164.3703967318556,4039.579274715361,3980.119869203124,3875.1983423187417,4337.575111033386,5049.29466287278,4947.319643502084,3408.8151745810715,1153.7408372444288,-433.20667172481285,-795.2905101908634,-589.1024312811262
12469.167741396639,-3498.5116211474974,-136.1639164233629,3228.284567771683,5013.722926694471,5189.076826252834,4739.57922276643,4832.49610767901,5800.715013855064,6654.409393929886,5964.04152767531,3522.3496304009295,793.5272415802633,-623.0593180802052,-648.98711497874
15315.978696174381,-5397.6116110046505,-2581.362675366671,1666.342715266114,4765.069476560734,5909.567004943,5770.385043814886,5670.364506790004,6469.308186228014,7673.227427010105,7739.234425320597,5706.285084008565,2494.1091091084577,106.26865401009252,-513.0101872765537
19134.147454425376,-6382.1412314417485,-5288.810319791636,-996.2006803386621,3235.705953153642,5709.693278690342,6509.42144571608,6775.827379954893,7570.384805769692,8818.708520645563,9204.385784894952,7474.550847527969,4048.2905187677184,938.8524852188066,-293.98707107237306
24473.135657683153,-6566.120876990738,-7792.068895257756,-4253.250392303369,704.0700562261211,4630.625108199678,6876.164003791755,8125.992136372609,9320.208934890778,10574.453310797942,10873.588210966778,9048.627812563565,5325.957815715969,1648.9102037629132,-81.54024092617578
30653.944573631947,-7101.851509587597,-10548.211214243682,-8043.298424315219,-2532.8896204519806,3045.1232362556325,7262.340190055909,10115.984739608037,12127.316689073665,13371.206114034963,13139.98953815097,10656.290486944456,6333.170845428589,2134.2432029049974,68.74878399798544
34676.94021369149,-9310.834591737803,-14419.924163744465,-12508.03123340132,-6006.272600668519,1809.2097437003529,8693.507004079533,13749.438457098668,16829.648677236393,17812.1530478325,16362.414408508677,12424.737087956368,7016.028892489117,2281.2651555321527,102.43305778558948
31714.79768185437,-13504.087020452653,-19431.51564438694,-16926.390722585387,-8235.254523815609,2887.424390581413,13243.195030110319,20865.16252533985,24803.309052984467,24742.877620251482,20924.473355673188,14403.854775581032,7231.025288452612,1911.7052256179168,-61.898304231577754
22969.241834795386,-17415.763090046716,-22993.20945060616,-18040.345039701897,-5399.885023154352,10229.82736120461,24470.30143688692,34228.964148673076,37860.35395797451,35116.618987128066,27175.66172321924,16601.620425769277,6821.282606547253,831.9641018401825,-527.3038812828019
36618.46124549686,-15738.019556447045,-18932.552630938597,-9057.017553821921,9279.025193089392,29848.42638854166,47021.65173187167,56873.356957518576,57569.413836553795,49485.81895550859,35182.00084179295,18976.407837638202,5754.904020881305,-1016.5979481020117,-1358.040071499859
148028.73409608167,-4856.504526484124,-659.7973404345757,17683.917818680296,42807.35152233163,66938.09422638157,83831.47901306361,89687.42643753685,83460.98059288927,66881.92482399418,44189.4504734353,21316.852278869686,4247.350210891249,-3359.7101290310366,-2466.7325725200762
441580.3357202464,7361.439250908049,30090.57417248717,62014.12072076862,93923.29463551025,118191.01829878482,129826.74009809682,126812.54528577624,110062.19708674052,83165.76825855202,51853.95996134428,22965.63540895628,2736.0924439930113,-5490.916462119016,-3515.1503442286485
860891.3834107352,3494.2343010327854,57369.7627286023,105944.09890782512,142378.8244166016,162587.16965850248,165233.83576218705,151499.2214538855,124746.98821892243,90106.37913224133,53873.3208291016,22582.69426112266,1640.3536512713472,-6448.093330353061,-3953.460171450747
1077853.944022724,-15564.20919183739,61057.13835297099,116615.88589956835,150469.05796186673,163741.61858145674,159000.55171657045,139959.86181500205,111205.2251381998,77892.25356324777,45348.68283779876,18502.97528037046,1075.8771225618343,-5485.767074692014,-3276.637070837942
710333.8557995034,-18716.952926055732,35615.2750015618,71246.56519701073,90601.93763609671,96367.53702194591,91416.39048119524,78742.22595320687,61387.232802532686,42345.81313602867,24422.79525217763,10021.614716496606,836.170778855084,-2579.784445110418,-1388.7710959836536
-157956.8166556011,5980.741433202712,-6532.623368989126,-14578.345920504806,-18858.696493399555,-20077.51409724843,-18937.507604054394,-16135.320423354062,-12352.537149593474,-8240.12497827394,-4393.006375268067,-1310.5559117802163,662.1915594123137,1418.9348962764943,1209.602130366455
-907769.5140420176,22765.184413566047,-45610.02475854696,-91572.39802748809,-117295.32557147546,-125606.36548398016,-119824.45847429437,-103623.25971508509,-80898.78979120901,-55611.44260790572,-31566.21995007496,-12091.850581623401,419.2978343199403,5140.856284639272,3625.3364523604505
-1053388.8212938642,9699.075553845207,-62525.139875634944,-117991.54517950705,-153876.2828795721,-169659.4356497767,-166804.3223207575,-148421.44599078764,-118937.89381167157,-83731.68344886132,-48646.70098681861,-19287.562846835972,-16.10383561000333,7356.777883603189,5062.517914522224
-717879.5250828903,-6900.883078967397,-49459.24025031944,-92554.9591731854,-127937.14190639216,-149930.49681945264,-155749.86205880152,-145417.52857761917,-121497.84652891372,-88705.86663871715,-53297.92989242112,-22071.788107305798,-843.2412114261604,7539.010753998306,5234.799391316247
-318635.06897499773,-3790.861926357763,-18592.019875934056,-45298.098569098955,-75002.29688873571,-99689.86000145717,-113653.58966947006,-114057.96055047195,-101034.50674042602,-77525.58569318146,-48829.82828038306,-21610.949884244958,-2155.5536190870453,6006.463757840602,4414.574387264345
-91996.02774197585,9721.51575261629,8960.96614173757,-5991.458905681922,-28737.195075640248,-51934.93867039617,-69392.1479350519,-77098.15573831166,-73603.687946841,-60107.29527777037,-40286.128105159616,-19599.033928750905,-3749.5705859250015,3615.7174772139256,3154.3312528223596
-24890.949466735263,17522.4144887598,21898.98541978702,14045.277413790867,-2166.2000665787273,-21068.15443188244,-37421.42939408499,-47506.88206353001,-49470.16487352136,-43414.690613132916,-31412.772539981168,-17206.760013811614,-5213.74946191603,1256.756529237642,1946.0170096495735
-24867.63187792265,16593.741717993656,22469.996880074603,18611.908387269115,7553.220086437724,-6384.684924585027,-19237.220987063673,-28282.168919626747,-32089.785451134736,-30372.35608060002,-23978.181114062892,-14942.939191583444,-6191.204130509314,-510.6147479576641,1043.3000883766204
-32938.759320950536,12101.793133485511,17871.528815765007,15755.250379117866,8012.504096567131,-1787.001218486646,-10781.971478477732,-17388.917049063824,-20960.35747093195,-21276.553749847128,-18389.717697372456,-12939.75978994301,-6547.1985869362015,-1528.9759327577003,478.64170083091085
-33116.945781782495,8479.501165876674,13111.0075534457,11098.802050628761,5055.224291026616,-1838.74862955244,-7616.241719520914,-11719.654081890394,-14292.826543665447,-15344.300521114352,-14431.356313376786,-11196.578019086674,-6348.4161566259145,-1905.610745686149,172.7147885155275
-27907.174819789616,6941.550802936319,9681.60993313895,6838.780396252252,1554.544164809699,-3350.8964152388703,-6710.569147035191,-8804.857158598043,-10384.2011744274,-11618.42511255013,-11710.148786051608,-9671.385576250053,-5739.944868709791,-1829.6345740279949,31.150029404809214
-21862.770582154633,6672.816960137663,7089.302394759806,3229.6759070162357,-1493.4237126656972,-4836.6855657335755,-6408.850340984531,-7116.505493476349,-8044.283318014909,-9326.371219531433,-9837.877249081961,-8276.893524946654,-4828.6650853415995,-1454.2468139839991,-13.667717557608782
-17090.258504561934,6291.85450736151,4501.038257991957,118.26194558063837,-3738.7431174461335,-5652.19489364516,-5936.965214700618,-5882.437772009512,-6597.582353740152,-7933.57282023929,-8445.174759823516,-6843.324682917082,-3635.7038261205275,-878.7453615745536,-9.371613301538446
-13737.856862507337,4910.251440649869,1751.8016431170424,-2270.6164142382922,-4876.419163663146,-5532.268132055987,-5070.36369606562,-4871.104444206021,-5734.164969358004,-7018.276084849649,-7097.38057479342,-5118.087960087931,-2170.7339408296825,-230.29648529331615,-16.41672551182006
-11025.57258864577,2871.7676334438515,-401.2428458651257,-3344.351980547366,-4685.156840892467,-4570.285005073609,-4034.0134267308695,-4182.319856111726,-5203.412124238323,-6003.118736381048,-5246.275694631144,-2961.58411524113,-690.5555162601411,192.01164245951009,-133.18631393015755
-7865.7474136607,1713.0213826445429,-824.1513800388544,-2712.687056754138,-3426.5811956329517,-3371.48333712812,-3317.08301195592,-3719.589290831702,-4221.05281243766,-3951.9223887540575,-2591.5548597853085,-929.8961325066409,-44.79625682855183,-118.905612208214,-456.4075103372165
-3871.8108704519595,2953.5560650161833,765.7745355998254,-1099.607976670755,-2294.4812818005007,-2833.2575782478198,-2725.2162177793116,-1999.9982193005183,-957.8660971106581,-209.86717637779896,-243.8652596713406,-915.044096842523,-1528.1711613394116,-1499.9839148435383,-941.5628705487469
-1313.2003998885382,4520.624091043936,1095.5453470871657,-1957.1834154630446,-3637.608082072244,-2883.2282975891494,544.4624018184375,4745.639887949382,6302.514304763964,3444.1190335721976,-1754.302604120003,-5385.22267333317,-5536.188792397621,-3376.5353139116414,-1284.8268225840109
-5347.139296660527,-5142.20302557632,-10095.603047009992,-12790.577603228568,-10256.296175284668,-735.4303633602332,12410.045568983485,20211.215852219822,15484.287978132901,1367.6077853203,-11099.878347462396,-14338.20050718537,-9971.424520863884,-4151.644821753359,-1087.4943327584645
-18417.23889278415,-39919.890363602666,-44007.612982125414,-40784.931891240216,-23129.03688204047,8100.73482746826,37083.30410869198,42209.235671467555,19049.462284688605,-11996.320152562223,-27478.24748303774,-23286.00779293636,-11218.642944630066,-2559.694944875303,-270.17756664363327
-33956.08217933057,-87166.9675312406,-92894.68067536231,-81436.12439553671,-38981.057116314805,24779.759249437215,70113.237564946,61192.08653618977,9941.449098669922,-35143.88277562234,-43903.33599054417,-26644.14650105162,-7636.254008805213,948.3205894397205,798.6784265956775
-40094.260656903716,-109582.70147378209,-127179.49661554726,-114917.24131131828,-50083.88563554458,44887.217721416506,99590.3944089384,67532.136992802,-11212.985336431731,-59683.2301685224,-53200.84095250062,-22790.56761053044,-851.0342851398856,4834.51685001046,1697.4038134811644
-28583.692306433917,-99098.81188641937,-128284.76352696263,-121652.19656288197,-47479.66618488441,63072.44539170498,114768.4477636082,57960.10714576986,-37544.3939354315,-77360.74325563859,-52960.01668756123,-13920.228171918445,6593.45202548444,8037.797685000861,2290.4939942715387
982.9580010728987,-85758.72934324908,-108200.689613182,-99849.65707310848,-27710.67145620195,76194.84240560967,111119.98864468194,35245.394908209324,-61252.71446697142,-83856.2870282075,-44486.836205914595,-2979.8809604553335,13081.267686844887,10264.984656816123,2614.983606054703
40417.55398993341,-84808.86958517128,-86026.45010182585,-63315.43765594763,2645.3478364758594,81682.95525267985,90518.39595300076,6265.581935754006,-76200.80686020633,-78684.99481197841,-30818.57808121085,7522.753896901361,17758.11986260483,11450.421721159886,2682.0016713906743
76804.4604707114,-84016.60231034354,-66501.37068474221,-26633.75626471944,31543.211996501843,77500.82537974839,59866.536529684534,-20543.168100741164,-79618.67486102077,-64741.71841859946,-15711.905893210765,15736.063213074145,20251.89778192287,11594.372379147255,2485.511381684652
100147.96896055133,-73414.37582888661,-46606.934534339045,2828.5128268259787,50043.65905020424,64173.837906972345,27848.712033827742,-38947.99702355118,-72834.93977010346,-46765.63237793828,-2334.23798433409,20838.931553480583,20694.147881585202,10839.727832237484,2067.92984885747
107720.43775445111,-55532.13402527691,-26184.265096238094,23203.30943322447,55884.63548207881,45119.07679643784,1297.3006140330508,-47022.184354705736,-59802.89739304074,-29110.61007408361,7643.640152470576,23002.791066746246,19569.375163835222,9442.775974144917,1518.990071507395
102814.05370033019,-36447.35674391924,-7948.412638641199,34948.1288214196,51594.18922083669,24866.6803003077,-16546.465493638327,-46468.74990571671,-44789.552595547444,-14409.055833906164,14001.89084199705,22960.463511893766,17472.769093200295,7697.050968301835,944.5537581097637
90909.62005313567,-20040.314232298766,5936.25108888448,39554.609620995,41257.13223885271,7106.240010865751,-25643.702806840145,-40597.2241766469,-30843.312753359456,-3505.4024075010866,17376.982086491,21552.479819047563,14928.905799534787,5872.1138796858595,438.4291152418783
76786.5847340288,-7761.558433364437,15070.661349881451,38993.60697068977,28456.671566947494,-6115.637320165481,-27816.063759723816,-32619.575510760023,-19446.294107728772,3913.1413570844993,18661.352513250637,19464.399514691704,12315.29565577315,4172.858913702624,60.38554499788518
63483.32560540616,423.0520949652284,20389.38944565587,35128.070954592986,15590.773353005956,-14213.267222857943,-25534.008070615124,-24815.09902261328,-10848.520873762343,8658.13096584893,18672.385701334406,17174.231115793686,9873.474154411486,2722.849184615495,-175.09133124908132
52378.668318797994,5477.704713067077,23329.38672933768,29171.431435867315,4035.9579853382493,-17529.4949493092,-21153.10292204491,-18349.213299232393,-4583.767338303439,11608.012061124144,18045.6092917628,14992.002733683665,7737.236283970898,1556.5294583415443,-297.5537736319901
43780.09389509653,9064.417264162454,24981.255205154335,21522.414854156956,-5303.420256706197,-16931.594328416835,-16544.97822050046,-13466.071561542947,74.70844397357712,13510.29181101363,17244.756662669417,13102.365223538196,5930.553207927291,605.9903848556407,-370.66123200895396
37530.431425990384,13073.871277835278,25329.188366126917,12181.427787752278,-11549.07450282411,-13695.096040705583,-12967.837309593115,-9819.745412631539,3852.761186411798,14974.491450890046,16620.751919015205,11573.898804632861,4326.242873926291,-311.92023977767343,-475.38187422293066
33374.540758712676,18332.96857301397,22920.637089016374,1679.152251340626,-13842.096714127425,-9556.316275667641,-11088.007055489881,-6756.736347560906,7443.517653717831,16562.440113258177,16439.615485231752,10288.724996598929,2568.4164759015557,-1481.9393270382295,-681.4013415315918
31102.206130617193,22588.76226794687,15881.297641252317,-7683.0608833027745,-12001.997866386277,-6941.555684320305,-11045.215076409515,-3371.4278983315735,11622.0335751838,18827.22439760396,16759.508362558157,8736.315742726312,7.265320013899831,-3187.7064433387272,-994.0009557216796
30461.24007718043,20862.237156066236,6006.235223472108,-11494.250507939323,-8526.945494327789,-9007.125668467255,-12105.115505272863,1625.5772246376478,17219.549375479328,22073.50027613471,17025.807229327558,5748.45408604079,-4124.132770903987,-5403.072328075848,-1269.3839816146647
30793.397176379818,15587.470688824418,3108.2946087912956,-8139.918057532474,-10685.81633650873,-17643.809396282963,-11935.128378362888,9579.024647367356,24557.57196323722,25687.052593259963,15560.486960132155,-261.33639939776106,-9873.309061098947,-7310.199143912026,-1174.4845290332223
30767.406324484306,24895.649716263768,14321.381444307946,-7414.604571153041,-25856.490762790007,-29470.598653144556,-7283.355508032432,20590.50665615026,32507.90774944368,27556.776102636406,9941.997157223926,-9753.310380876344,-15389.290319827189,-7337.93824629576,-387.81846207813237
29029.99975403702,52628.26556382986,23924.47831083125,-23187.481559505228,-49975.10612482058,-36311.9083116659,2916.410734365283,32382.958349763758,38333.31365685588,24820.64853367838,-923.5687063251692,-20193.929787939476,-17334.98754438446,-4456.097842553889,1002.3268560712677
25532.192929113484,65736.82772936822,11707.599671908338,-50292.60134539702,-68040.4901767277,-33401.3813871184,15328.06425798748,41076.553057386656,39026.51060122184,15970.977029665586,-14748.455391606283,-26736.617106318106,-13603.888005273506,470.34471075642955,2417.676653194797
21851.94940826546,50421.0337539382,-11001.899299723647,-68510.74448208208,-71352.28861356643,-24266.918538652924,24706.214401389883,43646.6035804263,33305.596289726855,2648.868541540335,-26281.39434899164,-25643.44565557525,-5545.871951502384,5043.013473170312,3182.415129609247
19600.145647171925,32750.447847342097,-23668.195465786055,-70733.43501526304,-63981.126888640305,-14552.848874063995,28817.197254202565,40310.85846949114,23196.349145892265,-10354.382881209007,-30622.730381669888,-17730.63401530774,2537.7656534586217,7027.745244366824,2970.415540516107
18379.102512135727,23241.84778015081,-27001.66070141595,-64358.810407432924,-52574.26392527313,-6147.028080157841,29501.420517177085,34399.56861293883,13028.327007184755,-18656.521056224225,-27793.714700136963,-8220.94331066702,6966.772741443388,6241.155547456809,2092.7384502222635
17133.588966836272,16561.534111936042,-26706.068285048783,-55913.03331334175,-41519.7586758058,383.8251916939795,28744.141362901955,28610.96409417152,5079.370416853852,-22438.589422426736,-22030.483694949777,-1014.062148314443,8113.572519366123,4548.493869057213,1261.0784753182452
16658.12897571058,13312.09877079154,-24433.789967403645,-48703.70125811208,-33532.08725034015,3918.7436673350408,26402.852253598634,22777.35821869072,-1500.335948907645,-23731.15657001312,-15488.502740824904,4299.723066714123,8061.0457109828585,3249.8491273772493,826.7024143801873
16660.589965213967,10020.631182454139,-23348.310270786445,-43470.50239846159,-27913.048000065137,5137.225524158374,22684.97009124474,16769.42632709452,-6674.525305097135,-22289.470964310418,-8109.456662744977,7946.054911383289,6901.265052154078,1979.3485105980621,572.2506326798475
14709.350674104066,3591.5978770733104,-23825.00560886429,-38572.8046729222,-22436.884201367742,6097.428956234854,19248.216740188614,11945.132523434722,-9370.672854132592,-18342.041606153634,-1661.9329071453412,8797.589769566752,4475.324505729197,514.7430674727885,288.6358329222867
11411.682024217202,-1153.1999973206057,-23128.726005308523,-33447.765756310604,-17146.59719923982,7203.237788836075,16704.480645568266,8541.219107466293,-10362.012599239379,-13987.571639261745,2400.07076705735,7725.312003173573,2152.2439023392703,-528.6177277150216,61.030834484551804
9358.190006264465,-2022.1796076405792,-21149.90650057754,-29020.72085731107,-13187.683627290346,7512.7991491451285,14226.818970760349,5615.024001285046,-10781.034711074419,-9939.11460869309,5091.629222397204,6483.313783918292,751.5986358523676,-898.5671376060993,-12.569982167844358
7381.655729733431,-3159.398248446856,-19714.925238857886,-25267.522338203606,-10180.384826883585,7175.610472634015,11874.904640102844,3344.8226215963,-10312.190646829098,-5644.2072952819935,7056.174820032027,4989.9372944651,-424.47204661994215,-1054.0428711704762,-3.990381139039215
2909.020548449737,-6270.933613282709,-18842.066830521188,-21343.046997899197,-6982.202631433031,7395.43768931587,10712.55984292147,2299.2855750919502,-8951.639516515745,-1580.155021883188,7515.094457130794,2584.6381718631433,-1918.7174409722156,-1350.3258640056724,-22.21702948852521
-2633.5719135034615,-8290.287516929346,-17231.77498322779,-17110.355609290076,-3416.764571912322,8609.101761644362,10739.597311140544,1632.4533790208277,-7568.3662441449505,1438.9730913723029,6351.317571218143,-123.28838303033956,-3257.6400211193004,-1636.1864486534676,-74.30694401256471
-5922.4011477872555,-7271.1286117998825,-14513.815550689702,-13012.607904923996,-108.78534973636124,10005.786643012094,10615.293163794033,246.28982043755332,-6242.093316282713,3568.4033087164053,4632.407190324342,-2059.5918771323195,-3839.8810108105854,-1601.4960139428022,-85.62754641357682
-6890.71845958304,-4936.013979918038,-11336.228005933432,-9134.011504558128,2612.4338197094903,10802.892416661864,9577.9845467565,-1498.3544950098124,-4238.7702296308,5387.647882825156,3151.669670014499,-3125.664495932563,-3733.956003453397,-1150.014459315793,10.920027489867039
-8280.478274385545,-3303.346705555784,-7932.973502227132,-4877.0347594324885,5284.012806945072,11277.406241065677,8013.5960911623015,-2781.6318752932,-1120.4636024722547,7034.986710861133,1576.9440217512856,-4106.552949205232,-3434.5916919175056,-397.6816947878273,222.34424282594114
-11085.588335602171,-3241.4769656231333,-4846.357729428149,-449.85807739825566,7931.405366589197,11234.109188316583,5598.083501362413,-3190.8481793075343,3305.091229202084,7839.7021896929255,-864.6076538080554,-5508.753597592264,-3169.0019414448548,522.647536547298,488.0925835754705
-12818.47835971014,-6051.144629969873,-4824.744150563541,920.275909220583,7834.108522933525,8602.164613957153,2015.1043248536387,-1399.1010946407168,8305.749993751644,6662.511532034992,-4014.4225893380944,-6790.3120576298115,-2617.5872249877125,1495.9791700689589,675.5870894096767
-11037.541333888073,-6312.368802908885,-5807.93947308815,-1249.963294567438,4147.234822096491,4107.330662433944,95.75644855499266,3142.7841501425446,11228.097763825584,3532.674400800199,-6444.46627884303,-6899.327626676398,-1465.0196347598157,2204.2927056502162,610.9107139490244
-7568.754102421596,1694.9544301954431,-509.9467093698394,138.67770430416925,2797.320922109982,2944.931984205603,2264.424532592205,7525.790413495275,10389.584598178666,33.196544759888525,-7321.961263898197,-5868.496667562589,-207.99386588657876,2255.6836959092284,285.0918330200194
-5521.06282218955,6469.502173113086,8847.385468157148,8839.00539959873,8034.72046758688,7303.725442478135,7566.877056901886,10404.213320970675,7251.03614677864,-3653.4517191233576,-8357.228356935806,-5336.124894601399,572.145544929841,2146.650830084615,65.84584789456494
-1542.0993628716674,-4586.408931276718,15326.564467219398,23605.73897973392,20083.39648241174,17115.007696365694,16512.640363838178,13827.287632239806,2623.646948823167,-9483.073722877658,-11768.510366849305,-5913.253069686249,2112.53256317193,3172.062224647919,285.2849630687333
8428.090074591028,-29184.776724260642,8813.636187750466,34309.41092131241,33267.44356636818,28695.151001001243,26116.1264396302,15959.638746797877,-3885.0991299095476,-16743.01568845599,-15880.822212124978,-5087.114271083796,5807.468114509581,4891.7433548981735,544.7472323396902
14805.385868925292,-31502.658397445393,-3051.5158288814036,28092.822993687383,33662.9930198002,31187.333316761767,27950.527177683784,13379.126889471368,-9680.12353865276,-20599.13599370985,-16273.755541782602,-1349.5934287377909,9006.616190038456,4757.41536239926,184.43170094581444
6138.273712486301,-8154.699235703416,2496.3043658183606,19206.740272077084,24475.099401798343,24575.265855043766,22009.562308477452,7796.252844874939,-11681.85769228954,-18572.3188271268,-12478.743890182146,1713.2490253817418,7735.414135727187,2239.0427007407666,-582.9947612215872
-6881.623420710707,-5480.541151532272,10449.92925756015,20698.728993619916,21294.91048928715,19950.84724842611,15606.99369899556,2461.6447746373005,-11153.106745258016,-14260.915799955117,-8936.44986132517,821.0789094862062,3646.400637462678,125.06024100255377,-926.4956397422891
-5166.660449150721,-20078.563641532695,4836.268564887543,22590.559895783845,23338.009197232237,19743.445238698172,12417.093772385071,-946.6918288644111,-10878.612457201178,-11951.16650647591,-7835.095333580471,-904.6868771321141,1802.9299689968575,148.85206604433074,-633.7891663084592
7283.515384864056,-24195.818664115955,-1229.7978527713133,20192.785783858773,23131.26772498199,19930.45843666736,12221.323306181985,-1702.9586841076207,-11045.825943685843,-11300.500919797078,-6280.154082840407,768.3975907735596,2658.7426115335747,753.4048803183106,-270.92822426227025
11110.762994497314,-15752.822114248322,-450.7387448705098,16270.011076376482,19553.08919282968,18455.030052268754,12662.103150879255,-1212.1158255247142,-10712.967427414933,-9880.38283840461,-2474.506005783577,3857.8334166036866,2551.148534415295,259.44421913605083,-242.33038636895284
3148.3147693866654,-3707.089972531156,5169.255379384844,13528.408307161664,15382.673200964084,15775.417181048644,11007.007026598369,-2313.5736137808876,-10420.912736564198,-7905.065377199663,525.9634768134417,3862.7102214269507,548.2093314835785,-655.41838382063,-346.69637188874304
-883.3043637392536,-2199.2051633407755,11435.51556513702,15587.68155057342,14935.28940370658,14199.777134085545,7016.073984355137,-6141.670426273687,-11404.59142178747,-7580.3934634771795,-397.39093766036166,1154.5217007183314,-499.5119060224951,-498.25851516757024,-223.96763539650308
8650.37754729469,-15233.800277442193,10646.708159073074,19906.35874464007,18383.923813365862,14581.535943295386,2599.549476951872,-10834.876388239207,-13314.568421007827,-9248.186461071464,-3598.174846108168,-39.74511827078305,1145.7526198592286,827.7113538423737,174.5437631641928
22523.824828399986,-25366.797548270908,2990.145230369738,19720.8696074927,20566.35403137547,14927.456016716635,-271.1568754307609,-13306.416077754799,-14115.510115819332,-10576.257620018747,-4970.413046536947,1872.5470190327646,3657.8184063525746,2097.8931234756487,595.0125922683086
26925.341488049744,-20139.913105610012,-2312.730131027688,14876.127939460706,18490.836019531223,13542.823650945295,-1065.4081268054174,-12303.963888113434,-12475.873576023576,-9508.580077248042,-3309.6951862671294,3987.6457602334053,4405.080883319887,2351.968423560994,780.1092932815898
20666.361090772898,-8504.970228427788,-1129.1244398568042,10220.34589891014,14036.589340419347,10604.326609935239,-1087.2694921757388,-9538.571960320254,-9258.109145399096,-6510.2667149483095,-1350.5009910986707,3381.5465559695854,3159.5520880727936,1751.2229960721875,674.8047287308432
13932.080451174805,-1917.3610709071008,2267.359842100685,7850.822356035327,10389.830083429695,7522.004031385541,-1767.2003255316831,-7421.382824952285,-6193.268162206685,-3896.1052945110387,-1981.2847203397303,863.2049787640348,1758.874304246469,1032.575025441818,391.23799887940805
15637.43491675018,-2751.2048915754476,3360.0673239771754,8596.759838075794,10463.211504354576,6521.904808030861,-2645.5593281249053,-6505.482602875341,-4435.803009269474,-4006.8182420838652,-4604.3813833388485,-296.9772876737481,1783.3634495722818,727.5364744248845,110.39751603816427
25577.722734764397,-10977.364371351567,4353.525520623326,13969.288363192982,14242.013454815935,7900.517535421069,-3022.2168941569166,-6625.89899988562,-5334.947023913119,-7241.780081700821,-5205.881435704384,1988.326741887582,3322.466212947955,1047.0632070234872,48.922499783212345
37770.3530493446,-17182.780361245288,8338.54679924348,17956.778544107496,15725.6065568562,7400.496243913431,-5514.077064293414,-9848.715415170396,-10428.977821831837,-10345.071801557733,-275.28348659555274,6740.9773939544775,5551.468663069717,2110.3519859865087,347.6656060936921
47990.73079128321,-13933.644675112344,4585.230822472866,14291.340483433065,13827.87033283193,3223.3315391059755,-12884.376437646126,-17964.547192823353,-17998.765837313793,-8655.412331525165,8771.745259507132,11365.0170864046,7893.4986460413475,3718.953932307887,801.6498006697472
52872.02071774792,-21294.97318059548,-5660.671992199924,15888.433348411625,18231.61400721783,994.4619134055473,-21783.694517314158,-27242.964253446225,-23229.594279262306,-2921.482430597464,16271.96388503939,14304.276376237065,9939.271522284605,4635.36179578461,813.9607224366382
44676.910149007555,-36358.41216031753,-1967.1405758968447,28317.971388845788,27609.85373072504,645.380439947519,-28587.361910805994,-33004.75027065097,-25442.627979452827,-107.13474142576264,18178.678690430024,15434.315455041693,10274.297293081418,3031.1844273320116,23.870559062724055
20766.906946847062,-42381.99694899133,11357.323785589788,40814.364345047805,33651.63987615184,-3484.6473400367145,-35308.48052986912,-36700.2045745147,-28830.469843840867,-3662.9882419570704,15978.684557828066,14964.93889838144,7396.1994827340195,-1048.1407729829089,-1050.9201969017608
-3916.2784858639784,-30935.56634507047,32424.367645348146,53623.35929107054,40802.96525814455,-4604.479028881335,-39736.363389914186,-40021.77744617956,-33213.38995511874,-7532.54682815368,14636.631913359197,13823.631782269182,2646.834964088315,-4914.111908048968,-1595.1304187712456
-12149.916298427326,2099.971170230693,44756.10785669836,50822.91908974421,42264.65261483547,2980.101684534105,-34679.86048526142,-38934.72116931318,-32323.34467004591,-3970.607487710311,17173.454808792085,13714.885285748223,-536.6424524385776,-6447.6786594882915,-1526.4955678435354
-4736.65800301473,5475.015060645356,20501.22143954192,24820.394624974055,26667.86030432725,6056.690411069032,-24314.958105249687,-32222.628251086837,-23882.503316144383,6343.992327252389,21688.903065838258,15037.284731764852,-821.0715962590084,-6098.925004670525,-1275.1226201627696
7045.7475662125435,-24228.799511730685,-2354.630618206662,13277.620141863988,13129.73317018294,-1458.6387888625766,-20288.653281031104,-25745.495216862455,-12938.00548740806,16347.946322510425,24231.976803763533,16242.957999981536,282.9803777730452,-5091.725008907751,-1026.047823350693
13559.716006244247,-35396.13778747202,10489.196918550693,29664.331797165472,18907.048061158595,-7064.984465875711,-22726.445933371517,-22641.74340224378,-4388.731803727884,21093.21545452767,23163.12195880145,15884.135731443863,1028.3544058547072,-4059.2447237556007,-761.5059180014968
8124.269085690903,-16302.750496890392,33578.684402232226,44696.12038811242,30610.895508755726,-5056.79543169878,-24304.695205181644,-20761.68895155977,352.43260779910764,20502.698378727324,19687.66286531287,13789.240404269394,560.9342072088652,-3405.198867137361,-577.0213480326235
-7249.977131212197,6187.5802324133465,39293.91924146141,42626.531380881046,33017.059218451934,-2260.6868017495303,-23340.517270192424,-19038.58413845302,1403.7249509329638,17016.538227007637,15685.234916564114,10310.155472053484,-1241.5226495395264,-3192.1501658109314,-532.2170755194836
-20027.469841846087,14926.09905934507,31975.246634725987,32933.98546839879,27936.541717877317,-2726.914862675082,-22128.047893426185,-18283.83861584305,147.85505500289412,13525.336040228533,12430.656009537961,6088.692653014934,-3457.9337638342163,-2916.67118703668,-502.5822855479886
-21325.216125145995,12184.693362593911,20997.350470923102,22917.598225916765,20886.86465277542,-4737.162849824686,-21436.23231822597,-18444.059113903266,-837.7949393560094,12282.658137625698,10798.53845411171,2437.8358806882175,-4874.995055064326,-2346.1647677123874,-428.5688483703242
-13882.460416245402,-2101.3398885456913,8154.3512779344865,13841.868151017283,12317.143687170106,-8275.88207555403,-21466.198418018277,-18763.81428805851,261.76770821901493,13781.272617283728,11069.790347365853,284.84068589597666,-5403.12626799632,-1827.903043280113,-406.34351833830124
-5150.158358726965,-21600.38297432663,2441.6743038728573,12250.295708889169,4783.990505799179,-14500.098154474455,-23016.917681982435,-18769.88266295428,3311.5772150555913,16554.97987302999,12365.694650717061,-701.7468705678134,-5531.820673345393,-1568.590374060504,-470.99818749986855
-2763.146537727118,-29200.35390641394,12383.647737652484,21980.669108892132,4017.3222176255313,-20400.61356915992,-25378.242905136773,-17868.650836166275,7049.381922101328,18594.254082578867,13390.997201047961,-1070.4196619293207,-5504.848507957799,-1607.7183520584551,-587.4001693057913
-11403.533627230478,-16058.932095868047,29459.890410359156,34305.2729527552,10134.421996894205,-21797.51726147118,-26215.495455521806,-15408.205941598664,10160.027088800513,18920.28522229566,13735.299474012296,-1190.4369621638275,-5817.332530143484,-2146.76726647335,-784.3823166766638
-26468.68586574548,5411.232656423394,37229.805773262946,38109.91622020292,15849.29389813186,-19146.56188508605,-23809.867941934495,-11227.87276107511,12030.28081925917,17969.27482933559,13553.924964188998,-1959.1549364222346,-6771.456486295601,-3086.5527381268444,-1064.593760265746
-36935.33429290318,16122.543587244705,31375.483887409635,31490.21426139276,14633.370663885853,-14827.830958287368,-18071.778369739273,-5832.8387493967275,12928.751057915715,16568.315028522666,12354.163116900776,-3750.4712658013805,-7482.446821394703,-3762.0188407582227,-1277.6612699072512
-37588.28025373241,11105.590888260234,18865.062218010153,19563.568386655003,8817.457063726006,-9545.16087733876,-11415.154243709678,-890.7584068713654,13064.94776518535,14855.374682648258,9746.652881267046,-5360.431567437095,-7040.959906230188,-3716.269726220204,-1280.7871429467718
-32773.9193579432,428.2792647688662,7813.437497501045,9867.765309724917,5358.372250552665,-5118.634391561609,-7381.606656700612,1847.778240416406,12683.89870726574,13155.932155121698,6568.5792891934025,-6170.145100362794,-6016.392868314459,-3306.7463030251465,-1167.8321539190722
-29117.749623885076,-4275.742730694938,4012.865598379342,7831.458556130215,6409.578219450494,-4328.589521688037,-7951.828045865026,1967.5299467688415,12818.196504324997,12455.846365731864,3306.3941793620434,-7280.315493988821,-5571.6213348665315,-3228.8345635485452,-1131.2583104768462
-28679.902900993435,1613.3927550553228,12752.47555391539,16336.99304292037,9135.757397359539,-9594.822137612742,-13558.961404503918,386.3970929722747,14690.102075695475,13445.172885232747,279.0004241069056,-9191.421466783404,-6243.641822166018,-3595.342481372621,-1045.6419441241892
-25506.331783075002,12954.358861778168,34732.43073478559,34198.59021075791,11201.721757694642,-19547.013109401563,-21640.030117163165,1029.7757881028986,20722.121113823185,17863.704538801656,-480.45683126798235,-11423.354531038505,-7883.236708698739,-3409.6411219511283,-440.73619012071504
-11073.012580457966,19633.001976866628,63982.16556763457,57434.1328462404,10773.405287807142,-33941.7975630237,-31476.37930908679,5479.439654510087,31518.439960919415,26217.453216184327,1066.8897443856074,-13890.4029182085,-9351.401450472018,-1426.4536050443182,765.4486924421711
8652.770696199783,-448.95053374759,67718.45653793588,59960.84778772672,-4261.574386937718,-49761.806580118544,-40922.998826190014,7891.650521098091,39340.3380454953,32134.64157383566,804.5620185288524,-15891.90133495558,-9034.964127668505,1690.8538839869848,1765.3133893582944
14571.203298214263,-16096.429188267195,34414.698148643794,31106.424333328385,-19482.958919507644,-47702.91118867313,-38763.243729920505,6660.4715255301835,36915.59497880356,29251.02522024012,-3049.1456678744935,-15977.981720436295,-7062.573936402979,3470.1167922484437,1778.363258701101
3366.4158902829568,-1580.982510924179,12606.34151392053,11351.058010228635,-12390.504658704893,-28247.415643781944,-25015.184120172064,6674.768851188952,28615.804423103767,20831.09061500646,-7486.113291011852,-14389.109020480282,-5352.9497598706885,3017.4409438563853,1114.8885596103337
-7848.05932505915,7364.354917895166,11750.762620721482,12547.511346046746,2217.754537856865,-12871.654836149417,-12356.311808038032,9006.809490141597,21967.959731157498,13555.107870146403,-10080.840619141423,-12837.409418521715,-4759.9828267922885,1979.548339240378,577.8634791122522
-8936.775057931167,8096.530974717931,17264.066734227734,20203.130914656987,8985.919786910896,-8829.825381870365,-6016.110252474064,11983.612660132774,18799.975259213345,9443.798092398574,-10852.660248925606,-11777.857856236156,-4341.744525822594,1613.7836400106066,377.9183893978484
-3779.2323621138394,11706.049251753846,24834.91700485003,25932.896338354185,6541.717965552732,-12167.458468318686,-4721.191224767311,14085.67292427636,17446.957480923786,7310.869734449505,-10213.951253509405,-10345.813591390988,-3319.209293341171,1586.0715929466992,265.7324962144304
4490.670673297944,12340.753475582138,29560.356264776492,25895.379895376926,-444.69368488630954,-16413.180966698696,-5349.557598489583,14516.07114037533,16314.5614060211,6230.119312921063,-8448.006803904964,-8176.449381015938,-1614.2997228703548,1585.2312411278454,169.68426630451063
13924.653909515497,6734.5651679766725,28079.08128083907,21724.329231607815,-5885.319194896633,-17805.78701743769,-4919.296648665192,14404.94396102559,15300.658256922008,5998.131965686275,-6298.920136313928,-5652.068511627874,784.0515309190648,1757.1928598823024,173.3339721058071
18665.568733648128,-1923.3076948011667,21187.161893726236,14724.48099546561,-10728.161248122564,-18631.527299852973,-4710.967205241128,13885.602006742107,14363.67837383033,5460.108471540499,-5107.771592008798,-3523.221650871342,3163.048683334263,1933.2753890931072,266.7003844335302
16707.050101592904,-8048.76049748068,9589.462671576845,4134.541895178188,-15341.92920608411,-19068.471516916823,-6540.00147719063,11367.046373465142,12306.655179043055,2730.532140689576,-5900.012550300809,-2806.1569037489353,4264.148664293593,1982.7598345592532,433.2359096146932
12981.23069608147,-2861.882453919433,3668.6616963771603,-1341.7082576648345,-14152.890507408762,-16494.691060968704,-8074.894039806391,7621.509423367253,8772.880204342138,-2173.344786801535,-8211.04992782273,-3791.2381421971268,4033.497987426422,2156.842030282509,688.3043308557628
10940.363364547882,5699.647783685439,7941.3206079264,3114.7107451105753,-8905.133482914394,-13097.05250193047,-7011.290448084396,5455.68669545548,5299.182554497936,-6973.729226626906,-10498.247210603278,-5305.683518540383,3659.78354031457,2518.328832355664,973.7853793172342
8726.88051575112,9676.873789982568,14350.40005520559,10228.237963061601,-5935.654226839256,-11733.783362888493,-4152.202909933082,5595.736170161129,3356.584459974566,-9672.010181917425,-11587.791487627232,-5718.563834782707,3812.502077605176,2696.549460247171,1168.4768919448557
5750.37017632149,10481.14535993472,18725.1694508424,14494.134433135583,-5631.119498357195,-11254.258763618987,-1228.530804041589,6878.417490663156,3195.244301882906,-10046.998931670343,-11295.00846229074,-4683.134482892694,3923.4500620629524,2412.7771014842992,1192.3014923149753
6842.985381915562,9747.513624806013,21059.194139739124,15200.877942608979,-6386.970208935856,-10837.839080329564,1024.918889204563,8701.283551928793,4192.921204741966,-9105.003819615864,-10256.825826082464,-3367.348398692963,3544.5531839222085,1951.7223329591895,1081.0887277253548
13958.53829382481,7482.345156197495,20869.01523464122,13131.954435130761,-7369.02205159972,-10130.668534979832,3051.8436899611775,10316.158472947467,5266.166956885808,-7820.407712427313,-9068.567980718633,-2234.762082944986,3211.995155526471,1691.8524218036623,945.0820033726067
20182.184311223584,5753.840949421565,18276.95474155963,10154.033198650075,-6856.991667973328,-8257.547026759272,4931.088219057962,11479.729715987873,6653.449965398541,-5634.056900772178,-6860.75877586747,-68.19293283915718,3104.3154471984767,1494.000896949638,893.7297118522669
20888.4581262659,4099.69415807613,14177.19771727619,7465.624047004129,-6416.576514905921,-6624.0078899659375,8282.083201539695,14159.722594863033,9967.279281756299,-1348.3127900855802,-2539.997859342131,3451.495645423569,2805.029344550366,1331.3012016005553,1045.8547939228495
22534.829610379496,2326.282372162542,15792.27642454204,9341.421598772076,-6429.1600428136,-4874.504455264396,14600.061681775614,18558.287419453027,14707.788746702625,3283.0460972545534,2010.52246297446,6870.170179412927,2927.238270081648,1866.337530067329,1384.582248660599
28629.82419417127,9926.026279390606,25048.13379436115,16365.640051657885,-5344.280455775581,-2891.800960020262,20329.42215040835,22740.12770896497,18196.619826273636,4273.555695297213,3374.296516773781,9057.52600247803,4424.689112064044,3187.041236046738,1516.3034548926698
28987.272742991452,25875.10813886047,35102.32461648692,25010.399596990497,-2415.907804997313,-737.3706462461431,23216.009234937257,25137.743969838342,18337.842878492072,854.6230422102149,1250.7376633270367,9745.136008826415,6365.254205398532,3909.9507585097535,1089.9129693656637
18128.344245259428,33220.45421493947,33944.88767151624,28957.52533493921,3917.8501505808727,3897.8900561668465,21924.806923461307,22405.034550489694,14276.863585045952,-3191.6954329244186,-1208.8527941007799,8767.25425089653,6585.886588232834,3059.536692574904,475.20347537385356
6898.996818392002,18609.691347426204,19412.62748767983,19375.87559172041,5064.164008191783,4751.659088362712,13383.828571257573,13342.538311813705,6648.926069367439,-5002.3866697616795,-2084.6318362316397,5995.062723440273,4445.012070794009,1571.2783293184214,298.9025965191397
3418.1090158787547,8340.177000209085,12233.585400152311,8035.402357756406,-1880.5084700386926,-1293.650676011313,3918.5154451021203,4857.513327786599,-860.5296589128512,-5565.886855995975,-2633.2920509764153,2356.20818506274,1586.9898444279938,667.225544297405,523.7154290811437
3288.470769867311,5191.306516643578,9526.493465008298,2764.8646537615136,-6359.193222854399,-5102.4395143952315,1026.0368457441004,2046.4039436158505,-4207.751109037781,-5885.72831727374,-3476.7909486731282,75.01766257279212,6.8342444411268275,358.74820134452085,655.9745361401099
2726.3657829787776,1514.1234651439413,6256.200946241796,-1571.8485271756308,-8357.446558513679,-6168.28602819732,814.488778905514,1847.7273737897542,-4088.183015243565,-5584.776905178037,-3286.9171176987243,385.9929624325904,186.93059305103094,215.40439202692852,502.48058332672605
3894.976657200815,-1204.9676258692518,3989.1170187078096,-4579.906974272278,-11129.853412257944,-8332.416319429562,764.0570625147413,2213.304311645868,-3417.3971582406616,-4909.616800272607,-1736.3312222197785,2081.125389272126,1194.8346672753046,152.86493900039153,257.594819373677
6634.808310664632,-6079.249544009301,1471.800547566275,-6393.381245486795,-13407.674794864044,-9803.503926814416,2306.7720060364336,3385.751599589161,-3336.280002741617,-4556.009106804998,-244.51875327286282,3255.169725472507,1915.15230772457,160.93079280896552,110.1310250251708
5319.207715865568,-8046.190542294124,1228.0432304425071,-6872.2644046238,-13922.220301311421,-9467.481703591286,3947.948545387876,3980.1897215746844,-4098.485979332973,-4790.757801396209,-2.2750639875931142,3196.9667711369057,1855.5406374284123,96.1720279574846,48.35647472461591
-3221.847040467207,-5869.761158437778,2888.7081353741437,-6341.166710277682,-13402.645869701817,-8666.962662345519,4322.919792792219,3226.9824011928004,-5411.379818628957,-5253.6648390603095,-738.9492263077165,2307.109659388662,1153.5881159014104,-129.58731634396452,-38.70048390752129
-12722.37446150857,-971.596495435745,5633.09860574444,-4020.4374892320834,-11553.948929531995,-6897.099749143154,4562.834483944642,2337.5574908345943,-5932.060194865741,-5068.191772172152,-1254.1972463261584,1292.7910380739636,338.4880149000783,-339.7805652722385,-173.2915943596147
-15043.21940045237,3168.033898531363,6761.070715009137,-54.496581028196914,-7086.197278223527,-3255.4289980567287,5168.182377837671,2411.173349647881,-4644.314238764803,-3626.861383986365,-623.4506086154985,782.5451442339564,150.29479234961647,-249.46398179338246,-272.4981143338782
-10816.514137540633,3630.9893367312457,5223.405707323312,2319.4561674133,-2388.1310446773614,31.170654238510892,5197.57657335447,3025.7235624009604,-2361.752870835384,-1373.832302047853,925.0364365451135,984.9107813568842,816.1193136466934,73.04770471595828,-303.1210706544491
-4751.210089450536,4695.455811455017,4910.6134553799175,2746.577466705498,-709.4046091600255,860.8558247547618,4611.488770559312,3215.255584445421,-828.2990481173529,404.7304579593982,2121.0778235009484,1310.0349981399186,1542.219736085017,381.0030821942514,-294.87396572896625
1312.2657049323875,6103.547667972735,5668.42807921878,2568.5831237338534,-1324.3558128006098,518.4212315620453,4344.842552452239,2993.019521313423,-740.5262900844086,664.2973848093919,1956.0664429730039,959.8225311459732,1509.5054484974985,618.4433109399658,-294.7329212121812
5588.624507637969,5205.6356662946,5250.759045032917,863.0130247217699,-2488.2116759843293,365.792461046226,4326.025826250843,2744.5724600813287,-1595.3635073948208,-500.8870223540364,823.8142386068483,15.929913841795212,718.5073286422504,663.1166249605634,-402.82749685960187
5355.6746823761805,3208.842308035194,4164.626443067046,-1635.5410444469894,-3595.5937266527458,261.7354821704867,4194.87994638045,2460.7231786650887,-2667.8982837323547,-2002.579930624712,-4.377349858435991,-707.3019978773218,-322.59328312654986,322.82414834145254,-659.794488081005
2012.9565741979673,1200.490831161023,3481.313999889001,-2176.7315724669947,-3916.099016625731,784.0712413846245,4554.091440588076,2264.3071271652725,-3227.627915831114,-2536.1637729587733,173.61079384860216,-631.510391383347,-907.9523099829953,-198.66870848061382,-889.7000443416489
745.1338719166894,2442.5656966971274,5090.678616093625,94.71900661367441,-2684.6736211927473,2468.1726568653958,5069.24904961997,2436.1742077741415,-2276.744105665727,-1327.0022744564976,1075.4728568580845,274.34319154133533,-577.992471618587,-415.9881607409998,-885.6746954658593
2429.0679128401985,5538.1075514539825,6583.408511869494,3649.6337870459174,794.3362493540469,4684.649292142556,4863.2720790124,3273.179766604939,-48.95412342815604,741.9582804076008,1922.3231299553197,1388.4638348058418,152.39066839285806,-275.3710701798573,-733.0222304789559
2984.8643200141755,5841.317818028479,5642.395522032431,5470.482525935798,3349.144393872646,5057.42414683737,3582.7767905398587,3157.9880414660224,1156.9964674535604,1425.9190654642719,1640.7591620444764,1541.1707256187906,472.0651761244016,-143.4976503968334,-678.047024934926
1272.5103539973918,640.0422480364427,815.9576550420338,2767.7287933599728,2832.7791625090767,1916.2395399015245,84.31115120283923,1197.6985114680883,1443.2080337552381,594.6288435247479,94.03038434465304,695.6125998669636,591.2249278755443,-123.14985287787891,-760.7898975047746
-1274.1639385654453,-1454.0214115548697,-1576.000882498314,2164.0435305911,3324.2267929434665,21.17112326801191,-2492.1394316090946,310.2545289673927,2088.4369894822316,-154.89628309546947,-1269.6460382801358,57.16411164851874,790.5090140308266,-193.87956216304485,-857.3909884728711
-4023.4954630800294,153.5766646926214,-67.04400306096943,1982.5688741332774,2635.825448751092,-480.67190350271176,-2927.892317331959,-117.40398730967632,1801.5939612359043,-999.1256939560258,-1820.1118093096866,-254.282835395782,575.9278771894576,-510.13039610582234,-884.6677390492105
-5066.319321945751,540.5003082069295,864.3752654287567,1255.4113571807234,1459.5970614153835,-851.0361561766479,-2934.624342802239,-584.3344744615272,1155.0784526165953,-1785.01821301073,-1989.721131008202,-516.0960332390773,71.96600893563055,-882.4248133619341,-824.4469069801313
-3496.6181117733468,69.39368047058262,1082.6472498540443,395.1315310297257,379.80317965797866,-311.2239408885489,-1854.6911375471157,-27.56627808566219,1307.803694420053,-1508.5632940325022,-1762.3393506989041,-191.23859860139044,80.1679543445403,-926.085732761876,-732.9213736729511
-1130.5320543961525,-230.4493569373746,602.0807829505759,31.719015207516065,-381.6186388646413,24.082544132945486,-754.7937333989665,383.17009890952403,1576.500883475632,-790.2103438699537,-1394.495708114403,670.4485296472656,648.4209966817489,-764.9396351394315,-677.5853929051208
957.3720969790298,595.0542244165315,1136.2902736441606,333.39379384366407,-564.241166698199,38.69966620930376,-460.5848856158809,12.041058162432876,1320.2095335620022,-754.402097272988,-1421.6430302413678,1248.1563227130366,1103.7140230606558,-754.409223032504,-631.8620547765242
1944.391887421779,1815.129606730874,2228.9018155057665,-516.0940944700535,-1447.7941401943815,-40.02256680004268,-432.73940649857286,-918.4096096046333,291.8030848518562,-1324.30722836268,-1655.5943463891667,1111.3274504220299,1000.2963794761815,-905.7094946838251,-531.4078170333294
40.787553341775926,3182.7698342231183,3433.895916769916,-2725.612049300299,-3371.344998814114,460.7292994031628,303.55790503659455,-2131.2997548927638,-1409.784163591538,-1501.689945998918,-1360.3525494559506,404.0910262843764,351.2360563334954,-1016.9051395600304,-379.60760445268954
-2737.3553351422684,6395.249483059222,6441.456571271794,-4978.707198115407,-5533.985647318214,2907.5228345964547,2785.8764522244846,-3369.9640433279756,-3205.8756329240823,-371.597980383341,-133.6193857722194,-617.0035395546035,-624.713326828802,-929.6558922387787,-199.2552826776669
-766.6452538605806,12570.821172002765,11781.044162592345,-7591.880487899521,-7924.659395699369,6698.859370844297,6093.875387762232,-4813.867504277133,-4459.923044721327,1798.8567807771246,1510.9115057461504,-1586.9516112807883,-1436.1897700905538,-551.6599394511071,15.422083245014178
5251.575427836475,13480.411900885878,12451.97339814362,-10772.174740539478,-9995.99830216024,8214.501342115258,7075.615375304458,-5969.585349076679,-4573.467992757356,3454.299919367103,2491.6286584121794,-1843.256192732022,-1448.2890607431448,-109.66876354285671,200.5619922859391
8071.282853161424,8133.936878377713,7826.732616826812,-9851.498982001252,-8581.60702530048,6688.371677336155,5361.954059310524,-5322.864877682495,-3306.8063537849935,3487.1389750993435,2372.9381876678403,-1059.8912972904045,-721.2567865133076,-23.177881856898694,277.368587322088
5664.587799135049,4573.810960528041,4551.352216031748,-5676.490567594647,-4806.438788627999,4731.158492456123,3439.1138846398635,-3331.495378204613,-1663.6313434993951,2333.7045922960856,1680.3927267145614,42.673542908003014,-37.04842840779543,-212.76412230819818,321.24106396603065
3029.2138131474435,2497.068346085528,2563.4050853137937,-2956.071859092271,-2393.9015206214162,3059.3971707620376,1925.7519704632957,-1914.9069280601852,-1002.0628877937597,882.3503194036211,882.0403245353095,454.4821744128614,123.97688848342375,-271.0275416562201,438.85582683713886
2843.0369514544273,1236.3359139073834,1490.7730704885018,-1665.4268331264457,-1168.8841081090857,1783.880489886155,749.6217913164555,-1317.4072074656824,-1265.0076353753288,-329.63164296994887,74.47735220810645,105.38344159223658,-119.03849224699374,-172.15004439731177,575.5860815417811
2395.9321673110785,393.6608697633005,844.7487335174156,-1032.8376227035628,-496.58918867402696,1105.7495016476757,269.08280013008755,-921.8163538025167,-1456.1335692913801,-981.1637347037223,-509.20107712384606,-275.134102327709,-479.7340834628202,-192.78226486113124,620.787707096264
10.20460725561103,-162.26760158030353,207.0836357675804,-643.6265775262524,-271.72337518712374,924.6095286347813,442.02152348504364,-490.8816421991379,-1086.7999881116616,-1003.36211552296,-548.5782765840925,-189.93912701930253,-699.3774457969644,-367.85073765621416,605.9274272757692
-1219.751907936816,-109.24270502989016,278.80159386439834,-456.4951945269531,-38.320599834242444,1440.1530682018865,1096.3166920482681,-115.15067745036896,-327.71808834973655,-324.89350486228466,91.5933957665967,271.2485618313818,-493.4867264583606,-375.47531733198144,673.892931912849
1380.2434234647724,891.7439120327714,1279.248879665177,-1116.6633950310156,169.7106892651194,3054.8115701526463,2304.802520165297,77.9429379746826,809.0294770299838,1113.1825427228973,1182.030219603159,783.1404070630464,148.30765363557532,-8.50744319140449,847.1306622984193
4526.253896619581,4173.753032633474,3888.107814156268,-1469.2193864172827,1094.3641207890369,5134.805356944636,3605.8616950441406,287.72488764968284,1837.2316311961781,2322.4685888805266,1781.0392419802206,854.5499354472288,609.9274156187648,433.3399704029785,940.2335284164958
4295.09837024742,6506.417444580932,5409.621295235727,-1110.425552555787,1644.448338719175,5428.333732319936,3499.8736812009497,54.73472725059722,1743.6448647614643,2384.995991678504,1282.0953909809098,274.8432732339156,486.6035453214272,568.0541389932306,849.7714508297961
3628.2277412461203,6065.948403235154,5098.561891132817,-216.29938845731277,2012.313613242589,4767.682764670454,3198.683049962298,253.2254186431554,1582.2269214361836,2079.7168159246903,802.418633222528,-101.37512495727054,344.87369209567817,566.5112042896941,751.8126517726331
5176.57613945741,1878.3906154573915,1796.1946917179107,96.60616953381518,1298.3080605528808,2582.4956828020822,2661.8457294818095,1237.2522713469166,1422.3209446071717,1548.7932085256034,955.9503330925108,212.26458211310205,479.68733582890786,707.5479558831613,763.3816102382283
4906.749705581702,-718.5470926003916,-1391.0474984760397,-2284.6037509799385,-1566.5877507696382,-51.01362515090102,462.9777643930504,440.70274785784454,-84.34669728665824,307.3897629297916,431.7164990359199,76.86798740510496,277.13396285573606,724.0637168593464,751.0864393059187
1270.0616573290356,-1029.9865645507896,-1606.7185103621903,-2386.64707789035,-2324.125781293492,-833.6995619013476,-945.0564806094334,-1075.4206872124003,-1533.3541077863683,-915.4911538249305,-995.5072012971104,-1010.8987862167021,-450.5281087530247,390.6807020006904,651.4367077787745
-1712.101898326818,-679.4078137710883,-1303.9901690617958,-1476.1688157156593,-1701.5874859642424,-952.7668985275037,-618.2706586133428,-1045.5896740596386,-1710.2466628973298,-1404.602471245643,-1817.1271396076595,-1896.6680286567312,-1127.0391765683232,56.45894494093778,562.7829919098575
-2108.9925911952328,160.59953705909075,-584.8256575997261,-1160.8805213069516,-1027.0193857868658,-628.7309334130523,261.5034122051582,-115.62173147574502,-949.3473142912568,-969.8552032212716,-1276.2566772018836,-1742.6391530604244,-1323.7555567293166,67.27218877827596,515.5052926016191
-1135.6069560916105,426.62219459209996,9.695726526181296,-691.6736111339753,-623.6048933551639,-147.67491769947887,833.3654030853,621.5670666678487,299.3577457086625,247.5755507583575,-19.37808269542768,-905.569758904685,-1094.9376695503029,310.13415704423113,444.2426113322061
445.66117256436354,494.99071175909324,239.66473732412317,-428.98548696112533,-633.9533006549567,166.30157715769928,891.8432390997882,926.3948193371081,1481.3064448311536,1612.017533998404,1016.2436986870446,-119.67589617598162,-705.9187703339724,498.63093322420207,315.13194600158016
2289.1055196751176,315.19515592057684,55.134285636422135,-875.3996027706494,-659.6087304499661,548.6262070278334,574.7600135622926,817.0535672727761,2068.612685318053,2443.104967673903,1396.3525216500154,248.49421609207957,-340.97115196996947,517.8802046566415,148.6903419790672
3108.5974875478205,327.55947555465855,-150.20398529909923,-1640.1914133872092,-542.2377391990934,972.6179941198621,-155.11855660748972,159.41248763215896,1969.6952088420112,2525.466001276952,1183.5706251838606,286.1671858407308,-12.16171413761316,424.1342469761388,-29.86567546744078
899.9900880582669,773.7410729279886,-156.03083452312669,-2461.0563829389353,-470.43561070411994,1252.4125129185331,-1401.6154470772844,-1084.1709089667247,1401.2760901799052,1982.4877130797722,583.0882860433584,165.4222830650263,269.4926018119819,243.71318826326922,-219.51275462941345
-4790.1768796799115,1508.5662217172048,-33.18138050364752,-3368.708528303374,-660.9385754169148,1113.0479198553467,-3122.116900783598,-2710.225535237045,482.80280993964965,959.1733545411273,-294.1642130418976,-158.01268102498653,306.38997665108207,-55.60931310510375,-417.4832168533077
-11093.509260666224,2597.746945061092,264.57462598367334,-4414.154614560272,-1074.9956125459519,585.2264634680142,-4809.967228114052,-4182.442547503734,-430.7671627663983,-194.73139509265872,-1237.893936387763,-604.0276290368905,60.30909223020309,-333.5236948225852,-584.7235135658079
-14230.19593416128,3499.6582077995276,857.0375527589108,-4575.350527039448,-911.4323682959407,403.5349377976656,-5197.133753205287,-4488.6781917191765,-648.765041488448,-701.6860595217245,-1614.5449412935454,-558.3239112615415,52.15910527344428,-378.1127117547893,-686.6076417002294
-11962.49039074705,1949.474683131301,-95.59290159317894,-4181.660415405458,-924.9145722903864,87.39863231523756,-4061.624437178092,-3404.5822871050896,-245.13844877309003,-77.43283319192574,-915.5418982310746,337.30545977471184,645.8023408589336,-167.6349504806492,-702.1457003592066
-4290.901514105549,233.96990538838872,-1976.0065431365804,-4602.782581694383,-1789.7821956792761,-884.6873861917447,-2797.735631793618,-2226.4055294867735,-23.917219098877467,908.7084533835737,331.9203909787002,1306.3094289835813,1369.459131866945,245.0488074907334,-618.1324032933825
4185.764719370213,-898.2137660920966,-2622.567138181075,-4269.545434038325,-1967.6935499432457,-1327.6309937389763,-2273.6526403601642,-1980.6200552731882,-237.57140025545962,1070.113847442449,944.4990881152537,1380.2961055021879,1557.12408821911,635.3505767732781,-542.1939843960934
6131.319192172562,-1816.2009751245973,-2332.958231365311,-3101.606039730351,-1243.138304593121,-825.0275101052955,-2378.1420481751998,-2288.8498313446635,-177.5987138015621,190.84354504440614,155.97751046032968,706.4507285706599,1043.2020195867972,534.635646980959,-644.5665185057078
532.2421861389673,982.90445371431,229.99233411780915,-2036.6760554726077,837.5184742722658,905.9806014219472,-3254.152828983828,-2578.6539323752927,838.548857406353,-1386.0440342265579,-1748.717772348895,289.38943463050066,235.16219659531095,-195.2199636388641,-861.7837241564765
-4291.357841187379,8992.65925395985,3865.8085313917027,-3278.240572571008,3669.5281503784786,2936.6026314020023,-5601.230779226377,-3047.3631049045853,2203.22088573951,-3207.220685577545,-3525.261264716779,720.1143153130436,-233.47256193038493,-979.6925080354392,-910.4641224411339
-2221.289844080914,10387.75471875932,507.0342553177635,-8251.85569532963,2713.359211526704,1829.3989041943537,-8388.614908875827,-3954.7364584365882,2298.3558659440337,-4513.375715290088,-4080.019451489257,1348.1164325955333,-158.72032377649703,-1130.4319827475622,-718.6098055027486
1838.0082578943227,1314.042703805782,-5454.129940923032,-9685.361574976943,-1489.5701734709082,-1659.1949808923412,-8390.967634033219,-4539.201054690711,689.8010420728369,-4558.223163038726,-3513.2624732558334,1130.8635058159748,79.99075036030945,-720.400986787258,-551.5139767112643
2195.585998130812,-1912.812896685666,-3836.5788079197832,-5021.5149422408895,-2590.432433868408,-2564.647278919803,-5387.880728178635,-3910.586149606647,-899.467178343764,-3567.062508030279,-2753.8252774407692,211.18491668900384,112.73121081684559,-409.47592161864293,-562.9719515784686
1215.8636391789353,758.2100835149697,-331.59154435703283,-1606.1060225421222,-471.67044440332484,-888.3558430446506,-2886.695772052161,-2750.116776337689,-1317.6995292333934,-2788.923315162244,-2507.9498140871356,-467.6636891543351,-150.3040306182719,-530.8998368818659,-603.3760508640216
1095.6029659154701,3137.7669115436324,764.8862501609104,-1464.8852945034268,2591.5626945585473,1468.391627682267,-1857.035400244657,-1375.3872842036276,-780.4024932055743,-2598.491396636249,-2661.6779346984563,-716.2564569566275,-673.9633490752122,-884.0416843941873,-564.4416166749703
-565.1150618283928,5317.249190762404,1400.1870275697372,-2194.49207227341,5215.882580430086,3516.5356560076307,-1617.875411218567,656.6381645431893,721.9292262957376,-2336.6495414798137,-2547.8392889453958,-834.9305283412526,-1122.308219293378,-1142.0881639631273,-510.4047741745689
-4388.15489116332,8385.393747132279,4295.452789393292,-406.97297387484167,6596.581732361405,4640.051460971482,-1382.293794934845,2562.227125640124,2397.747523916917,-2083.9051077828267,-1984.6125328689857,-745.3761354875728,-1118.8290241173631,-1143.7396156026443,-466.06830381348857
-7677.068148652584,8391.526217754346,6336.0920072615345,2481.727930244345,7065.522533442448,5566.670214604637,-235.61751839747558,3821.0596030316474,3327.2538712564574,-1992.9213729089352,-1372.345481955233,-440.45041538901336,-897.4730128180419,-1010.5696804840061,-377.03074433190346
-8870.535100317584,5695.957602335511,5562.53115889949,3753.885267050621,6364.342110068992,6086.075701459969,1327.3316913141068,4782.266838129097,3933.363008257471,-1646.9988552163318,-782.0910007221537,-116.0858752228849,-856.1430005888865,-943.9321801175934,-247.03379021615527
-8202.085030092685,4266.633868779968,4184.383344154627,3849.5710152612614,5455.739526228715,6376.834464085994,2841.084843693629,5719.407980016526,4771.843588805075,-878.3130960546371,128.4529723156952,383.4462534947653,-849.8245261124671,-892.8657406411,-123.23786674070182
-5166.477573354395,5228.36682931755,4606.821534276874,4372.896753606178,5746.104428401286,7195.447759035024,4433.0246150254,6737.238223084317,5908.302201477051,333.52559318901075,1592.3952917397082,1383.3819573727442,-520.1827624575513,-653.5482603125571,-6.971686811232715
1080.5192303874219,7594.455171292047,7703.718760514423,6545.373782699415,7695.698347725022,8909.007837034482,6185.641424808317,7857.161632397537,7250.400684523684,1958.7372398330945,3390.940245553028,2767.2677138304057,187.39686774063307,-233.6510488732785,115.33482669284564
9401.279369849175,11247.064812148896,12469.874629172302,9986.891853231455,11032.031519276195,11232.21082248045,7670.2661164128895,8918.180870709652,8409.450506024003,3550.7919795009416,4866.808776952116,3989.970948449437,1025.9069655159874,151.34179471752202,244.0000152107525
16281.559664267908,15927.523094675113,14913.911837778385,11379.654866323346,14067.541145934987,12498.946158956125,7955.124863590486,9444.557055697898,8768.24582658486,4453.747045631453,5480.8492040821075,4647.9044677497295,1726.5268552473406,380.95699405319124,387.27974824419596
18403.127567525975,16274.634017296983,10952.482227579965,8059.214404710572,14159.294466197995,10870.280527415578,6386.997404447522,8847.295293598017,7936.515297025876,4321.021558388608,5283.603247119707,4714.209002842034,2139.206031844532,426.4913945509792,528.0800297674539
16529.53767887385,9597.629716253032,3290.1512181722933,2220.2011757536934,10214.819945949423,6347.6754276561,3149.476835619848,7091.875964532641,6074.620394301642,3309.811759023536,4615.059051617064,4265.577918116864,2105.9827217841575,298.8665453889613,639.3046345858991
15104.306819123893,2415.6020761056266,-1551.893113875986,-1967.1260958573628,4558.462466895036,1231.0067819872957,-454.16294263031017,4835.230341092731,3671.2895302091592,1718.4490181653844,3860.8688364625036,3509.423207413678,1646.6188735628384,227.55754477219887,753.4166219098212
16975.732258869666,325.9370464772867,-2117.676607356691,-3249.480287676518,399.3046593176,-2467.4063005313683,-3433.254441587906,2735.663802207096,1095.4762071429773,-214.95660089411965,3539.9845320600657,2824.0314311251527,1119.601839101583,451.42893075886695,910.0134773868822
20030.73259720153,-504.6420518130281,-3365.2856930855373,-4902.932638172021,-1894.3468466874424,-5361.782803686383,-6144.720636819445,1277.9527932058222,-1509.3773123844412,-2293.775391456824,3560.083098862042,2041.4553485579722,566.6068430097941,861.1069211569429,1040.3700943795648
17421.55090967351,-5281.725668185638,-9844.595098829199,-10270.494312980261,-3550.4043127299246,-8924.96848430029,-9214.81678627718,-81.03785932721598,-4678.296819432767,-4934.2409761331055,2767.5051705077117,212.69430349703663,-595.0262893714573,1024.0321974930225,948.9780878871338
2605.228467385674,-11910.977117530894,-20093.97345944359,-18816.498567542178,-6462.440784102682,-14337.598869189324,-13481.447680363057,-2579.138347071792,-8962.147598540852,-8522.359301377042,141.50421207101977,-3032.0864260802728,-2633.831365348031,424.89160614649404,512.6909257828407
-19131.5099380828,-13140.646283977809,-28146.575808049576,-25908.84640815591,-9232.291959510103,-19790.743450585105,-17828.046719101985,-5825.237945939853,-13076.761425242546,-11887.498930215526,-3785.6179885334673,-6189.504882264558,-4669.155307741932,-954.5277045245168,-5.870263621069057
-30744.477182314313,-4956.940532692236,-25720.779737689107,-24327.441371853085,-7806.212774429668,-20558.50489065321,-18759.138631141483,-7731.929352115342,-14541.497337234492,-13057.86962869652,-6915.230943539681,-7107.589454335776,-5396.275462847733,-2206.468671015273,-133.80843950986105
-25380.704964984798,2756.527255605748,-14008.737587828522,-14483.857608854301,-2971.7732477815466,-15534.374711665989,-15003.910662177537,-6890.799538647394,-12553.627543521075,-11478.608445049329,-7478.030710916016,-5641.75804416445,-4618.571970843307,-2378.277551980828,159.32998205937713
-14816.556916578736,2438.3942493090194,-4557.426000861386,-5639.381370178106,380.89661663880656,-9094.781135629537,-9490.719337050641,-4383.995494180065,-8912.026210157279,-8527.331487996005,-5891.012041739264,-3665.0143284351466,-3361.7780092971034,-1656.0185143802214,447.9637281897583
-9961.767586889433,787.5879837621706,-2302.577778205822,-3007.222490179667,631.8505594036152,-5646.019652828435,-5911.248002309941,-2477.4584034715417,-5974.049258423359,-5999.32158824734,-3949.385988034092,-2553.910645355733,-2509.575086733564,-895.2454635657863,497.6688364932922
-10390.298928659822,2329.172563908568,-3126.835018743807,-3784.55766673103,11.798427287110599,-5484.514019573815,-5033.909334338601,-1971.8801038089282,-4617.734607701734,-4599.082089319479,-2664.962884392002,-2206.37173099134,-2075.4062466788664,-453.88299010442205,416.34185284480316
-11887.315178292045,3936.2954785072898,-4685.991793147893,-5012.542296372049,-39.43356465939575,-6577.4338124427695,-5363.5759685286885,-2134.85479447995,-4389.201466173706,-3921.095373810486,-1799.6718602386434,-2010.4843456700667,-1614.4219369749783,-111.46229421962636,327.5092950615907
-11163.490158837298,3273.9528333897993,-7056.74669272229,-5971.6287642826155,384.2423706653851,-7131.4078784104195,-5349.340857097355,-2027.6987821174775,-4659.68973267773,-3354.6668388254275,-904.0549739519299,-1588.4548062287517,-856.6660816504815,325.5460426588101,265.1786342916787
-6287.952503998992,1815.7537347896875,-9062.719202012539,-6334.202862639506,644.6190366784432,-6744.831000640239,-4588.4301049719725,-1256.580808285434,-4796.609925402975,-2332.120440089635,194.30031382507153,-916.7234830670534,-43.83616623749094,735.6633574472578,231.00703004764335
1358.9365182265487,1349.2827241975187,-8674.261573157019,-5599.233404045724,530.7813188034227,-6249.86001754982,-3644.768765916235,-18.070286953491106,-4219.848569813208,-515.4003970109568,1530.127184914153,-153.89249047216333,451.38598526185115,909.210264086002,173.03380076523746
7840.674128503766,1257.5665985408243,-6621.803106787759,-4564.709251497956,323.5431408121048,-6065.337170740145,-2551.6648655700074,1464.4356974533835,-2963.6622567847753,1677.4659635007783,2964.6650024429546,634.0520380623601,740.4699454140591,890.8047483258997,26.05652863597863
11246.427915722168,300.52688685107586,-5324.410295969677,-4278.382042201924,412.2015770183557,-5909.25962192717,-986.7120349665267,3047.5752601370755,-1558.7694626635134,3534.975645703213,4219.359624287057,1456.318671939044,1153.5985143873986,919.62106698062,-169.64059069155297
12931.880172605775,-886.5988480983441,-5698.781556438089,-4288.447697706609,1356.597405917875,-5530.345957669818,1011.3309882662221,4568.328471999248,-357.5733642492073,4748.100399973908,5009.347110489487,2124.0851794510545,1628.492582403063,1081.6477059066256,-309.01398020906464
13525.483399867135,351.7544361315692,-6267.884160551382,-2973.57190647327,3607.675563492169,-4726.319824982663,3029.6445614651725,5653.684737494247,440.5168221065835,5253.927827140919,5113.8546774847,2212.3936401299734,1861.4103912302226,1177.9224193040525,-388.8574358950409
11162.427545151533,4748.3004294028415,-5160.345037782162,-217.08851939507105,6092.451454015618,-4012.091737818628,4235.140219855593,5896.887275548226,568.0386302208836,5255.919661724001,4500.982447749581,1401.061227351937,1714.201835539338,922.5328483932592,-509.8414969390483
4804.888423931316,9984.61988021793,-3226.5560695372305,2314.3764447180497,7609.179946538868,-3534.060251891127,4916.1601693275625,5906.896298558822,205.0460795826143,5295.8513543320605,3330.338420057739,-101.07549450147977,1268.1927263770826,312.55873854325955,-705.9342382220499
-3853.4423651555885,12694.586614308417,-1109.356238123431,4317.222549811102,8496.793848740215,-1719.8301868060248,6415.528302007651,6668.320331296998,-30.58252861059792,5663.256681326172,1991.8382182151158,-1542.9043543153625,833.3848211868781,-324.42366609102544,-900.7636264851028
-12179.455713941421,9350.427441640864,696.8272241961091,5503.3123863326255,8947.68331043602,1503.8386303389732,8586.225518701049,7966.355078349341,130.98289077052993,6204.5875479330225,846.7350706476589,-2444.3107601708944,632.2815473936141,-798.6420344718487,-1034.4304344212915
-17985.34767760847,5240.54208403241,2456.055138911837,6650.522441552017,9775.037262263166,3743.5350029977585,10291.168354107298,8551.989771650275,-208.15630444183176,6267.592101686001,-458.6353660039655,-3078.0664111253927,403.8119973652332,-1154.67194521396,-1109.1006060940035
-19694.696239992245,9491.360911483676,3562.334534533573,8253.137503239393,10871.001683267563,1896.7288189606622,9889.56449075218,6640.361382695473,-1965.9604959173255,5096.561538605268,-2071.5937223208434,-3573.8698766329494,-10.195161485877364,-1336.7270624824498,-1120.5761967681012
-16285.129538298543,13512.386973292507,-1331.3906766572597,5771.730477427037,8414.935668088447,-2997.724872299903,6833.518964694553,2835.0813182985817,-3836.311731933766,3320.013570804166,-2987.5985412176424,-3426.5417001188453,-174.5667035599232,-1193.8417657354073,-1021.1536435706389
-8993.938844987704,7947.222127598819,-6872.111312166103,1051.544072280193,3968.7521219592536,-5854.83667044132,3750.78715788229,69.13050015312456,-4258.959830751043,2235.060462630632,-2639.159665250956,-2436.3284963107917,199.2041753713588,-734.3569424169302,-810.3601606280646
-2646.776918362706,1666.6735160485587,-7295.500446838344,-1256.9799290001993,1252.2815383741176,-6273.099816820173,1972.515193731422,-1353.6243805512413,-4090.879493189412,1785.263436875251,-2011.884532132221,-1350.0023731102197,733.8888108157811,-266.2715845875008,-607.2345647750542
139.81111862629473,5.993526637910004,-4737.76845352717,-1540.8544537817118,-195.51937008960255,-6406.037956083813,285.53971084966406,-3050.81602467054,-4753.932350002197,1131.7985217842747,-2219.0123947188767,-893.8371480430417,1037.862250282721,-106.20221490305227,-479.0698106277036
2501.975206098204,3455.051497879099,-1828.793839153494,403.14111442970295,169.85159662701017,-5892.138136054034,-1054.8144704270476,-4718.5904939694165,-5839.461035629849,284.52388198262236,-2997.9196188669766,-761.1746164679713,1237.674699006668,-141.64888530344956,-348.4683847719307
6469.8575377755205,6059.732651594536,-2359.6091284745185,2600.533837294948,1771.2841763964052,-4725.797901289383,-1082.696604524426,-5212.508552987931,-6155.523101966267,-164.18588724019176,-3347.4226573049646,-315.55913812289856,1555.6897901798957,-28.87943618844716,-189.42537345579194
9427.169602957867,4230.441010858465,-4902.927305333051,2459.5995838817184,2149.361264051856,-3881.35906130488,-389.093430434713,-4612.776228335974,-5410.094332132257,-115.46464432232166,-2891.0707368362623,327.3673059577641,1835.574394572277,262.6264205146686,-98.57279997553002
9239.047409954346,1214.9953212412256,-5672.918113865262,589.3402415846347,834.9381893072779,-3689.4260516038867,65.63875393101412,-3653.7328212171883,-4126.174961677312,94.12831208273839,-2054.6510145194975,577.6492809684022,1760.460919428342,427.45484922708107,-123.92873335384036
7505.644199886187,-492.1565990156426,-4661.544238509493,-1204.4285006508512,-821.2627695658738,-3895.0978526998947,182.59894056970577,-2858.8343988039715,-2898.6012051469315,315.8265888477761,-1402.5356147296768,330.0221740904574,1339.6213072105938,277.62156651918394,-176.43659211088448
6953.118966449964,-1057.6395742201748,-4016.4049773353304,-2168.253946287967,-1904.6584800039732,-4397.988814406688,524.1926949537365,-2345.1676620647063,-1866.3958146838886,733.0534568906852,-1146.5516171924658,90.14520174691313,893.9389513927766,-49.15620236967274,-141.54523618582394
7982.063103785033,-563.9283039940622,-4979.220531681049,-2099.7423576801502,-2280.35206001514,-5186.965813579634,1637.4631268061223,-1963.5149083817223,-715.0773291543878,1583.4136252914814,-1153.0620210740071,237.4289154613997,577.0446227045918,-356.343804794887,-13.964079208287018
8038.255953749049,2930.781565609717,-6439.5035284284295,-97.01179107316051,-1408.2302595843382,-5339.148546377918,3583.120663088402,-1488.532796426529,716.1580481978197,2743.286502800359,-1280.632479259114,619.4582506997481,279.50410367883103,-598.6750290027,108.05820933402852
4438.500879417966,9426.588884139723,-5423.973731131985,3884.110219557647,1223.993458883286,-3632.1006673081397,5990.562099327907,-829.5455486390241,2106.8710337793073,3655.5279792986225,-1529.9398409224618,946.4341176353661,20.11727908173623,-751.3149215026972,164.68545575762346
-1798.2424332104933,13672.45239550004,-946.4576965317218,7999.9807244744225,4914.798976771812,-382.1219942005248,8234.382775303813,-127.23975300522665,3151.779668620973,3969.1261807644287,-1846.7255102233917,1211.425614764559,-65.53605089961741,-745.5189772400713,220.57949677586072
-6526.447908406316,12533.258756676061,4108.948386833414,10457.816926770021,8121.001120205564,2895.694519821755,9852.9877177097,500.4898154751252,3968.670128770252,3926.6102015348824,-2094.720520480529,1549.0120183189424,-66.54820977016766,-610.9382023369174,348.01396087182354
-6728.3777636572395,10479.267343634427,6638.700419155184,11795.112286984173,10009.274688677919,4893.755964578528,10882.04511856986,717.1906105611442,4634.83892757613,3790.74639699182,-2195.926449371986,1999.804133652272,-127.47921526601067,-439.40192576872187,517.5774465228068
-1971.5941300593795,12720.258676827469,4720.362217196262,13018.742051456065,9786.364622089224,4528.594806997978,11039.722063550355,-131.5461031384096,4847.500959975882,3475.5232799000814,-2133.831615700592,2619.356769220979,-128.11290846346174,-185.07155319422532,689.3424060527524
6250.3685878440765,14124.549349021092,-2325.9529066430505,11842.611071023772,6096.025145603672,1312.1368293110552,9425.044773560874,-2457.884070844184,4303.672798824279,2785.2998534787766,-1994.0751242412653,3438.4307985453224,72.02824125280262,243.98773846865322,876.6046806051095
14278.97483167793,6595.255561556986,-10733.24242270182,4948.9045430822625,-1411.8181075338373,-4412.608864724572,5567.658951497339,-6112.163911307825,2911.1391853089285,1374.8234058600024,-2162.6185837746953,4032.1444921118423,150.58622836043168,676.5214783335356,1047.373072892554
17994.581815310084,-6047.480816330966,-15080.708224802094,-5442.697364103676,-9878.649168457376,-10752.179922516816,92.76685894812556,-10361.81248398656,356.5895627157384,-1433.3396417290653,-3453.2428358864386,3743.5564153295313,-559.805547645012,822.9935109990668,1094.471261811917
15199.15698878871,-14095.966687380975,-16796.488547470784,-13134.624318992386,-16293.059743244099,-16195.083968018685,-5254.012723317753,-14881.535977890024,-2865.0581846867994,-5475.187178066567,-5936.609337620916,2650.6142338525724,-2159.3236578461597,666.2900112622439,936.3341430442792
5662.1145140684275,-14794.992581949093,-23620.6733204741,-12709.422299232823,-19216.97161256872,-18785.839573304682,-6518.437041417221,-18083.737851670976,-4267.970574565968,-8751.795218129511,-8007.582458237008,1286.5820988644557,-3852.629911523992,270.3648769178145,583.3764440242082
-7078.646939102695,-1612.403620706512,-24953.915204277477,-1563.6038538496962,-14935.106105718542,-14816.835825915767,-2606.347866917687,-17399.634915544026,-2942.3766517850295,-9647.133693718075,-8341.361027442274,-64.86326684635353,-4775.605016102619,-342.8064770521328,182.88281488601115
-15248.746646637335,13899.128142908878,-11887.431933701237,10470.174219400991,-5198.176652440142,-6105.204598341783,2723.1751129154995,-12959.213532932215,-137.94769487601422,-8068.728155532288,-6822.262396112927,-774.19317879498,-4574.7021220656525,-827.0855516212916,-26.828589501282067
-15133.568870962199,13892.487223285225,1128.726337135289,12831.519829288465,2849.4639276656358,1584.3536039159014,6125.701795972485,-6732.8612854036555,2921.610262701759,-4714.018925918216,-3872.9067492536037,-201.78623921615713,-3501.8698058922027,-761.4652862749967,20.594332687246037
-11321.309033656598,6673.845155252237,2145.1643497638524,7493.362320074324,3858.469542428854,3593.582557573326,6055.391012206639,-1751.4153533121148,4764.954907602179,-1205.611677645262,-674.8110533169388,1157.8123837359856,-2229.599820147084,-265.64050429740473,143.2258176424167
-8185.887337720938,6427.159320422498,-741.396666814676,4246.420372233004,849.6647229801117,1546.357013479951,3995.1384947815764,77.27601960055036,4851.068897966335,997.5244939167103,1535.1844878466454,2263.563396482612,-1213.6720032149792,211.60982809106764,201.13300949554292
-5338.280392681679,7594.885255093881,-861.8248799188863,4710.697900540558,-881.8348501555657,128.7355126137984,2652.3805653104882,-182.74434174269118,4163.039773954851,1794.3775275543885,2504.2236279552026,2737.772222285935,-450.03527723231025,473.8100358997061,220.1118705552463
-2136.7624507322107,4949.09962203847,-1522.2333960362187,4936.492156469479,-938.1543443689768,658.0901128166925,2876.6363665789618,-582.9623940629422,3803.790476566165,1819.2987894012203,2660.7779252714954,2775.1293174079824,90.1514831565944,595.1167277534847,229.48542691420053
241.06782351380343,1605.9024343036217,-4168.755374662076,4093.526423493941,-1035.2210501828733,1708.022337054865,3750.7489999198083,-461.1105462842928,4018.993370939546,1454.7336910118572,2372.2706781224524,2444.1278746399676,208.0383618547213,613.7649655060186,192.56957489193266
880.6412302413682,-101.73318840270188,-6686.002823596949,3246.7304205793102,-1610.6461025155263,2240.9598800648205,4292.59925162503,-299.8961988580886,4414.6192366390405,669.4956886071406,1763.6115841777555,1609.636552144239,-230.2914590191772,470.2111635901033,96.02136711713925
-5.036712855149744,-332.64811362154063,-7361.620302036784,3124.4062901470056,-1988.9116050025352,2520.228215020153,4329.785142601063,-599.8833344308546,4563.859695477106,-584.9277261330722,985.7043873692702,407.365785952966,-960.1928893958262,201.12979020483255,-10.586048260962627
-1902.3658294556192,1506.5791648674804,-5516.701390931545,4732.5932814385305,-1511.994576798757,3214.739945385742,4095.0255935700998,-1375.7966933917598,4327.648093673318,-2086.294705492825,389.75781969667696,-609.2879634170579,-1454.6372583525683,23.130966023709504,-88.52971657890241
-4101.832207776109,6336.208609324714,-1791.3422140415253,8261.031746421302,-324.80974238902064,4276.095435344087,3596.233273790067,-2417.391394993243,3837.8866908709306,-3485.723303753317,316.8047958434487,-987.1163405710423,-1390.8063061219389,122.8231328461132,-160.4217255025522
-5278.399129222433,12146.203715791573,1515.4390476425556,11687.86748583319,489.2321984738641,4771.7958055868485,2515.7279302243496,-3635.6246544758496,3299.2776261144877,-4546.931869830997,813.389140558578,-817.4906707232379,-887.3564720602637,435.04687913800615,-261.3205720513713
-3864.750824150219,14580.920075075815,1756.9318615674706,12103.04017190077,-635.5469943042771,3681.7382558701997,570.048582461337,-4918.012079843945,2881.5756854585297,-5139.102652349751,1656.8521295872802,-499.4898368028387,-280.8286813635514,739.3177953114825,-380.29960035528416
546.2090661245797,9956.609915944293,-2419.7601255191134,8099.318934958737,-4344.4729520636165,1077.8135406217316,-1826.6399246563137,-5796.395679413647,2767.4675180367635,-5205.551085713133,2541.638582846966,-298.76588426563274,182.98146716920417,902.6772309799296,-477.97188019217793
5044.333707611226,-262.049787113651,-9619.299916929038,1853.596794238298,-9020.158019653041,-1506.7274371089095,-3618.948653637,-5755.992882841287,2971.9681854895903,-4885.927393304033,3196.412868492361,-400.318095788449,323.9662516384283,849.998733444878,-575.8454758040551
4157.500490244154,-7993.8279890427875,-15413.672564094402,-2449.138895329471,-11770.803863772082,-2594.47118028173,-4091.223090782306,-4800.600777632949,3335.8552941232524,-4698.195590172358,3511.419085427277,-1179.7921006583226,-20.121088096651988,437.0977096842367,-768.9458720592767
-3128.2097629917666,-7904.072266410529,-15606.240721869272,-2109.277529808484,-10621.66795746587,-1027.591594872015,-2969.6806508783425,-3311.8950777641385,3842.720422377793,-5130.687503295802,3536.5161243687535,-2599.1315620556643,-613.9281345421188,-224.4715861229928,-1029.2039510147072
-10020.94622621438,1735.4019126000098,-7715.881299674953,4933.294558531623,-5747.601926724444,3663.542032070373,-649.0265627007689,-1405.310172998429,4419.518864223537,-5324.878926787892,3552.360756175959,-3529.0036019577833,-764.4176034637317,-606.5996964603848,-1154.7843825982652
-10317.44109826124,13871.191393909337,2940.877721439373,12868.687150225249,-118.36443700295087,8245.228619801568,1948.6404082494448,1121.70691389996,5237.172340275328,-4035.2855678499595,4032.5816664229433,-3172.6609947655425,-153.86256510367662,-448.3313581800876,-1054.6501958977938
-4859.3099275660925,16473.689920648885,6113.1310668777405,14897.183363100823,2354.239973488157,9865.217056477002,3531.289796539984,3315.188788199544,6096.260964874129,-2047.821707476179,4871.580592808711,-2164.3710536113276,826.2624668959279,-13.264483014026155,-824.07035398107
1330.5637782501028,10031.545332108179,-531.8139189539108,11556.159256518102,-624.7304001759591,8132.289252462887,2416.121556063773,3528.704884541972,5876.509591267533,-1019.4410488400072,5322.5631687802015,-1493.0223389784292,1597.4010416911315,351.3706733843106,-588.0484983043307
3769.6508590813487,-1495.7094536779928,-8894.611464863257,3437.1649393150624,-5933.510135815442,3049.0862647678505,-1160.986871706142,1264.2647889021555,3617.6846859124034,-1643.4514447850192,4523.227535055849,-1682.542493780422,1681.08028903065,397.2022750783105,-459.61208667487
2746.1261120241966,-4977.773984524358,-8238.225261990574,-2727.5182292316576,-6886.792768752192,-1968.3178289419507,-3633.60532374201,-1562.389745178054,421.55392251295353,-3018.965573408058,2563.5096129839685,-2439.0440689282195,1121.7209687123539,148.275680046278,-452.45629619709536
2297.2768203464047,-634.7129854267067,-3796.10930860156,-2044.5337583113871,-4352.764131055828,-3140.847140286814,-3226.642110432384,-2759.3727724941095,-1537.3337192414594,-3798.498939540448,720.3903120657768,-3007.6466463019556,558.5530263517928,-101.82858174252709,-449.85413116076256
3944.1255503578036,648.017378722528,-2781.0473656342097,276.3989880664893,-2871.0287350043677,-1886.2826548998703,-1914.5373675211026,-2538.2939195981185,-1899.0282573019213,-3612.4746596691575,-127.522572595503,-2945.791758277361,446.2066232149957,-142.48241017202997,-375.8704088154825
5393.323664683762,-533.2950563969175,-3223.7002598835998,1013.234677318221,-2585.6249321293208,-481.35101052655125,-1032.5956713520998,-1881.0351649333734,-1407.1257835622969,-2723.6028789391253,-26.8893033780285,-2248.3827234483447,701.2545064035801,3.468768277986044,-273.53874154980423
4736.99615097579,-1118.3067139817451,-3047.823665773223,881.7145563467257,-2246.845536776274,356.5793040435982,-590.0282492604031,-1333.0254694565094,-692.3100242929961,-1571.350195302417,605.2508612552516,-1209.6816733052876,1044.5482531741782,195.63664748043996,-204.3642170639028
2652.1695864008097,-1046.1884149683149,-2493.0209350323485,774.3355431488166,-1719.3931118105106,676.1460658656438,-367.95882832897513,-1059.8788049439418,-102.61247120539639,-614.4394962519239,1272.3068243852788,-307.29065122048206,1262.8554421030135,288.8172614504241,-170.7156091820519
908.1824768510829,-829.5515913193584,-2060.6197140977874,665.4794718033943,-1561.9065713307357,522.3342556713397,-437.233748840501,-1042.782400799481,231.19883027301537,-150.71804078984866,1529.4682653501568,4.383516009310654,1218.2900128522738,181.74126808766192,-133.07145531304627
343.3713504657538,-730.3606308391248,-1930.0617355569007,332.1079615121755,-2059.2566533607815,-90.19224109575073,-963.5744636329363,-1240.9145185618695,248.66660522035437,-259.8434719918933,1142.764595076009,-452.13582205352515,867.6987001948486,-139.13473016987433,-53.27918732689501
402.9553660271784,-921.7406961950162,-2167.0747079320286,-192.97591458398654,-3013.9932448072127,-909.4723086143432,-1769.1190727520861,-1558.9977313545733,-31.017283487625264,-820.0475610412311,240.2656370797999,-1370.1556423541115,378.6966696768064,-537.8974877009775,80.69827922377428
318.8498137965252,-1145.4445076252853,-2682.101443257517,-798.7469054774411,-3895.17184513274,-1511.3201414001214,-2303.4449424771124,-1827.6335631500324,-396.1782106401941,-1532.6322499742587,-638.4716109666707,-1999.4589548769945,145.36439335698753,-742.5446543940423,247.089408336642
645.2559571320068,-1611.504622292245,-3328.7586387335127,-1479.5360509239226,-4063.360098687313,-1536.4474990354247,-2113.7838853104568,-1992.2323676782548,-506.20601723607575,-2035.2423853153418,-819.4618446257491,-1689.9774103416617,474.87444052524864,-563.85070114709,402.47771070162014
2691.5710803892302,-2819.084918477783,-3568.729674901161,-1681.522547567456,-3265.307261424315,-1092.6864314109187,-1367.177982137799,-2241.4721836560443,-151.54775920722534,-2150.7973068811643,-152.56415488542473,-696.9529247910194,1097.2447579149602,-207.7089453294979,505.231902077021
5360.331341168265,-2796.7875707809294,-2526.5711550316364,-1050.3347887003674,-2169.5483929566044,-1089.6795818784585,-720.2152596300195,-2658.1862492027694,509.300228024768,-2175.7899490003515,552.8619297525004,-262.53365998104545,1145.0424726119466,-235.49714341965677,511.067036403967
4172.872679917176,-884.4107185056678,-1054.715401059895,-1176.5220412207107,-1872.8815817885559,-1826.9892372003485,-512.5229372105567,-3039.1085507483735,953.4315533362301,-2822.8744435728718,297.8291450628817,-1301.3026184985606,100.63021424017211,-922.1219592993185,376.5916985649585
-3052.23463304727,-498.1516285013232,-1253.4641425976597,-2183.6287829634857,-2395.2143994374087,-2444.0322997609837,-502.06584887530147,-3605.765730766156,992.034119614681,-4075.4367265490546,-361.3557306504265,-2863.5167088817298,-1113.6700858704648,-1686.779045184122,169.8154071855293
-10593.40490800534,-3177.458194876041,-3513.8912351448657,-3571.9845837239604,-2720.337830803188,-2994.923181891454,239.2819000249192,-3754.596556912011,2018.0959930642953,-4111.249853590962,616.2748954715806,-2998.6924821513103,-938.5302215041249,-1714.2058959841088,112.67760318740301
-10895.497630461858,-6306.258591094393,-3907.1525902575186,-3051.6688770364067,173.21946121099276,-1138.8577367608873,3776.3560704353517,-1530.5128942234912,5190.900646767693,-2123.7547232754323,3275.007713655017,-1727.8499398421059,510.8224958205746,-1140.740134756265,314.9359016410395
-4756.403113953156,2270.4195541071836,5004.341432569779,3417.8603427329713,7323.440048547781,2878.1846962362306,8176.851786920398,1035.7946287022767,7524.487489694598,-462.6355601263555,4828.857706722583,-769.0578506329489,1663.167380322278,-686.9528251930245,607.7961702145277
1356.2675296402635,10728.143074515747,12046.35984283451,6477.141432324227,10123.778511762112,3732.5788680241885,8146.441341046236,1556.0406336671108,6494.631463267207,-39.093555979581026,4329.723746686244,-503.6172355171658,1935.3027500932294,-542.0807529291349,796.0385414335043
3597.53045031611,3676.311644191104,5466.2568176394225,2177.678904102527,4898.586880601441,1772.8759153233207,3853.4960431082714,1163.607614732399,3410.4302962435495,2.697662829416032,2856.911252368723,-544.9195084891707,1664.8104263830546,-604.0606038770587,828.7649040908702
1876.2879619318692,-4090.577609397662,-3967.330845622954,-2265.9943815780503,-2612.435928358663,-160.18487339523492,-1917.8627312699796,811.873886228849,-691.9339330705145,3.3914311652666242,666.7185682003496,-782.562426509618,941.9346720160465,-831.7995080591438,727.5939724868863
-1882.5982561903254,-121.02995362859171,-2398.0076403368876,-344.0472138892769,-3377.2717706452886,680.7108970255447,-4229.423489121495,1567.6327930722327,-3672.036562410594,533.2715273659924,-1582.429819958509,-849.4217778584202,-40.500646712752996,-1072.34808179854,551.2275210472006
-5006.587210437927,1309.6709518542407,252.42728765769206,1468.8554606810476,-271.450658688032,1874.0029454697012,-2358.3345432009946,2576.448971911889,-3953.282607198981,1443.1995442006612,-2833.5800405173327,-557.9970839120408,-846.3241394981569,-1174.405141350736,379.9487391073036
-5920.367534862307,-531.6320092423024,-1510.9329139052638,369.3465972616676,46.595132754492,1231.9116000325148,-365.6672116191877,2501.404840904391,-2680.5543905458226,2052.208308169778,-2918.36905713825,-53.23313514378293,-1209.1578830432572,-1089.929123031822,267.6798900819669
-5074.666409757861,-50.673992378233535,-2089.6525522627444,-85.96514340327366,-1216.6227561987987,252.54313531199446,-5.442074933175974,1609.6891279226293,-1459.664896691838,2090.406895907053,-2367.774610821665,460.40496821725037,-1182.4308138308643,-853.1475119193335,210.47803401419458
-3843.5036933813044,656.830581032033,-1052.3734720145126,479.01014215950977,-1596.3441382024494,123.72195008958033,-370.41375814645176,802.7468294196028,-824.4383994705449,1758.421915141971,-1725.3580199507098,846.5228499294859,-987.0253022875256,-554.0251142348475,167.70071650380436
-3032.0905547131056,464.05521856026843,-362.293184019866,811.6632792782395,-1184.5540655261339,477.9087235383372,-591.0977932226731,432.3714171851783,-592.0204978514591,1347.0169704708087,-1234.4330433003026,1070.0293047489424,-793.419132300044,-274.3069026047429,109.68162841059535
-2623.5758058257165,141.24848362967873,-268.0414390522461,696.6176551064091,-713.9890347744872,764.4915490517651,-528.6626999319619,361.0558393092481,-496.37786735987413,1003.2182915762945,-911.6669075594012,1151.4812640995935,-651.5521942263481,-49.662605470042735,35.13181215366649
-2312.422664676501,41.50598995244359,-334.25892945910505,437.47134859077084,-443.0130791385491,823.0237992096528,-322.5865516622547,382.7252036951503,-388.1164384777481,752.0974462729118,-697.1846262087583,1120.3530953809088,-547.7243677872616,118.15889246068814,-43.56852403112936
-1883.6024803110759,64.88028826910394,-349.22571278902814,218.95517753392892,-326.84514607917066,703.7415195210128,-99.21701790523466,384.7104341942554,-212.03069500033416,570.176620989826,-526.5311670580481,999.7469983362612,-463.105195418336,239.02419973923648,-115.76345663414762
-1274.7661542812666,97.60074616085174,-303.2055408384915,59.80710739958552,-288.2185135899254,478.39110148220914,78.70830059461247,337.0344730828837,40.752518050889876,422.83632109873497,-347.1086814432224,805.6852561885288,-391.7813294810371,321.9059970740229,-176.83750554850465
-528.3651758318553,117.42963140537454,-230.89658538075503,-87.17096477585596,-302.8202985347234,191.01387200687165,193.29434357810703,249.5183231866368,362.84627169016426,278.1614635155677,-113.61078366683302,554.5097746388,-329.87636682630597,372.76163739142834,-226.25685446043528
302.9253794050045,137.04415549991677,-179.2205740534912,-282.19880339506665,-376.500471093319,-111.20425741972622,261.6297461628304,141.18984843315272,734.7742894807473,108.41396846605346,223.73315274015192,279.28257590922476,-243.19717174349796,406.3473403322159,-262.6132960048634
1462.4965031531674,68.62186478076252,-241.6784273294582,-542.258885489392,-469.9631717412623,-330.0611775478726,310.996503003476,-7.412279283836995,1092.7122828408897,-129.9679231132746,717.4567470709326,50.84110654470072,-29.209101122046377,472.06393336622943,-273.9861542830792
3987.448934768591,-289.65967298728293,-429.09525045719977,-686.5053025511183,-493.8961518954137,-429.3746716314945,223.72634308693273,-402.51260085097556,1242.4311515178301,-545.126320589685,1342.0397949466087,-43.581161942823314,450.03308819536494,651.4286927415434,-228.40517934902098
8955.33172015036,-588.0988547685107,-486.2835362816969,-582.0681306584459,-759.141118931857,-971.1529630110454,-555.9626068511824,-1590.370525875735,737.2720854193794,-1355.4946705380007,1763.5263879544977,-57.88652517569318,1136.487588861502,946.2638756363573,-102.86553604411034
13388.685259201502,-482.09735397468506,-1095.9705869753984,-1569.9036446640014,-2625.3266723476304,-3332.795410235063,-2911.5672927236524,-4088.3506154072143,-1040.842145397746,-2783.2184553068255,1190.5188657659692,-349.5240669889289,1437.4032777367959,1114.237400936821,4.490059581989499
8546.26209616915,-3148.35519933089,-4925.329582576868,-5922.006822304269,-7022.666266246244,-7664.761385919271,-6726.721209174655,-7183.228822380674,-4119.290700699379,-4554.902812838016,-998.5153162299721,-1247.7539089009158,491.27359595087466,796.2207856525881,-160.04780981968656
-6469.022877191269,-9620.720429440393,-10687.132957225725,-10856.82832628026,-11031.01458286668,-10486.421247579498,-9582.936378945871,-8524.678553496462,-6823.983417297382,-5463.672828319597,-3708.717996934398,-2213.1387636105683,-1382.819609788543,128.05823550436605,-637.0363409098436
-12498.848004292537,-10129.425590231716,-10116.315746645543,-9097.2842129845,-9094.40909919639,-7617.251397780354,-7605.7045914553155,-5782.035409878526,-5778.625068849469,-3732.667774741176,-3819.0015178628205,-1692.3877378182265,-2049.616910136731,-13.942368712619214,-933.4858929045221
2126.7115279146196,1892.2466906040877,1463.700463963029,1606.9360531245802,1004.5479705594165,1357.8139492553216,575.789772821934,1145.3004907129496,178.89585596855164,971.411904207067,-181.25518975424075,842.5462336980548,-492.16135808988236,774.4463556077213,-726.8880763114247
15041.718368389818,12284.554759949611,11676.18026435331,11260.180098899846,10188.769942719624,9679.226951125087,8138.755560325354,7665.126466190668,5702.664050905578,5409.38793232345,3154.3418790887818,3202.44872127311,895.8701755863675,1472.3817433177294,-544.4586936098918
6887.263728984793,9728.644133036625,10421.596909001857,11416.263589180788,10757.207373674164,11428.774144920453,9143.187082503993,9682.72113926689,6064.113834484256,6680.218153452551,2591.3269062191157,3436.9186768970467,13.686935224037143,1182.06397083799,-838.5439470829614
-7653.270621599244,3038.9243706291218,4210.886058627659,5864.124783746108,6131.490119022313,7918.251686170105,5771.5793255857,7816.121491013327,3052.10795457558,5471.901086376308,-213.58413512560048,2338.297173193724,-1796.3802373638423,444.57687908788154,-1213.2632918882766
-11094.644065460045,852.9715314599175,772.1731424055437,1812.7989487290124,1860.4697263830583,3571.8678955814507,1923.4677238012623,4554.016038734982,-7.670510888663841,3582.0356492237274,-2238.1526026936845,1412.6978286405301,-2519.0575707555904,89.84915914656216,-1222.5276507730566
-6238.218714466161,919.5537031385603,301.22459013714865,1055.006683644201,250.38067494079218,1438.2705449626785,-253.16944481143463,2124.871366338327,-1653.2339142257974,2126.526646138718,-2641.3181022468957,1072.968670450527,-2046.4081891782048,169.0188190005211,-960.3003324162609
-1528.5493304774675,497.33517071916606,164.1066664264261,1113.4495920196482,49.561080218413025,985.4979298171259,-897.863101008342,1015.3954905766888,-2044.7145872986728,1290.3877351103793,-2127.917754694786,952.006041540859,-1264.2056655064525,315.1090443351736,-676.0063521850253
757.4962422103948,135.13793609161343,-63.57342360904275,895.6311921326096,-2.638916549992274,855.8281975379094,-931.5581969537442,632.4372628325699,-1819.5392405924995,827.273763763997,-1450.688844050148,724.0153280794864,-699.9718165009194,318.7725522159413,-451.744605139028
1833.503046720259,71.68418439977425,-129.33978357838754,606.3227709932237,-117.43877010409317,589.5607519396581,-859.3824506464297,454.4208467103573,-1404.7644305097474,524.2085781331748,-899.3775600242775,362.55965694460485,-373.5491230709172,203.05568390003242,-263.5757915100766
2639.832673035937,81.2377818897275,-81.43920399348202,396.7658717342872,-194.430377117594,253.67585024546875,-766.7031680574222,304.546737773882,-980.6304000456605,279.16800028548244,-486.1326200723282,-41.96578105550924,-146.26082314707622,52.303906249537164,-86.15997324501612
3361.861327495223,90.54082213065021,-18.014988008007606,232.9902433238675,-204.38118553765685,-57.62351180284128,-620.0399891409968,173.300799088777,-605.767569737583,50.67307722806959,-160.41589217140051,-422.8193538439008,73.47461201981153,-85.48634107169565,85.79581974201471
3939.2175835758126,112.95323382440402,13.070833838263468,50.86181275048176,-154.67928501805045,-299.83940686377986,-404.4522877366832,80.71253447742038,-299.04974732596787,-189.43446209506206,124.08177932544967,-748.6710398545342,311.6159514886831,-193.9861209746353,248.23373891745723
4338.339121593738,114.44787350722048,-24.624146800534106,-194.20131488942204,-14.14299029309592,-425.5562802812992,-142.28945175597954,33.59906836035711,-68.32365597501428,-473.5645071081725,411.4043146195278,-1002.0349487704068,568.228567433769,-263.3577087598312,396.9033930933752
4636.905193635115,-35.04750218522615,-108.68861359959222,-466.68644898950294,302.4463572342507,-359.40662849032475,94.4015987411077,-6.985871763147799,96.86695265944246,-835.4927661688731,754.9187275154629,-1163.9095142740211,847.7290128804691,-280.37173259517897,532.066617789398
5067.269237221292,-416.7531433791768,16.056619292385932,-547.7453635132824,827.5975965549871,-63.785963717677475,165.24207433250163,-169.21656677047721,259.0881581923164,-1294.2429899171932,1220.508888904627,-1207.286299951671,1167.1248085162172,-231.820075546947,660.1472962638998
5928.745033630472,-576.9219612584754,807.0459030238617,-130.75359354425123,1241.5055933511976,250.05109088828794,-70.07754313589766,-669.5100831490792,584.3729776710007,-1811.426095676973,1866.0072151812963,-1098.9627266015768,1533.7498138614753,-118.35984183284475,788.4271687163252
7169.318399019336,255.6524850057258,1853.7885825716312,439.3112901701072,757.6096789221326,-25.538054934669134,-415.41573556665753,-1613.7786884933405,1356.6022519425137,-2214.5504204990866,2659.445073568437,-817.9426329093412,1882.963917376464,22.561781327727886,908.7461565773388
7882.943068070973,603.1130086346832,1057.7627521420384,-187.30159666749887,-533.1105962745539,-1166.0232664122987,97.92513994772884,-2556.1593382653923,2732.3505398123657,-2194.3843460672865,3323.1747101097053,-406.1974436521751,2028.5120528784864,108.19064918593381,984.8654123704462
6710.171478826517,-1298.5912112910353,-523.2551828050937,-1246.3676016068252,87.49798491366317,-1757.5019637317046,2278.9039320298525,-2547.8993665216485,4067.141813661588,-1575.571132008683,3286.7711762950894,-9.712794193011177,1752.6813762667791,54.33763070525288,974.6697640470148
3401.280220246801,821.549709794523,2612.4920120833094,844.3311379580109,3226.3560446949664,-438.6477389167201,3996.1302531640367,-1454.4922591879283,3679.7714008294442,-690.9640599746423,2051.9840654412506,163.50824310846542,1030.2800997908644,-163.1040537600378,878.1386523728834
-264.5337415854841,4142.028226284091,3211.082457287961,2320.0329302598157,1704.3437301650931,248.20443081856035,1300.0862240171064,-732.2432284114623,625.8844315695114,-236.6191282351988,-110.09207076281444,-13.278894290403173,157.95639317706144,-484.2178034915417,752.6543084482364
-1613.7113091895287,-4490.555118175113,-6793.418867147956,-2434.5667969702463,-5939.354718200521,-1708.3240456842002,-4368.479046002172,-1064.4431785717377,-3286.5788754658874,-274.8515359385143,-2115.6230188144305,-312.9042548478046,-437.8365588693564,-747.501750136367,677.1559083900275
1112.3617415451138,-10107.18937788533,-12017.620108683486,-6113.645395140616,-10353.54023840068,-3420.9085168009046,-8192.736262792743,-1394.751448205735,-6102.790008894137,-261.08271439604306,-3420.611379623717,-393.9674451707095,-602.9112318548936,-811.9011880689923,706.0035207617275
7503.669422175605,-531.6003782139591,-3851.0274296060934,-2331.360156549118,-6636.994990726321,-2207.1423704649974,-7575.50459874547,-762.8642031561529,-6734.118509932143,161.59108818254674,-3686.903035131484,-144.88398101328045,-218.13237329864182,-637.6294037286655,856.6514814248112
13232.458090096221,6659.324533413987,4150.078951054717,3713.362400102278,405.478094129585,1780.3939375004911,-2915.3146520694554,1843.793286887383,-4059.077713737266,1853.6596567951262,-1860.3650937089446,839.721402883242,1031.9682821528245,-121.64455025030077,1065.3611675208729
11980.71674688274,3035.027248476042,3056.36511965265,3731.730879204715,2758.7097385754023,3195.140893396019,311.38131227083636,3697.831050266316,-1024.2893522118538,3584.0830533974654,749.2879198816975,1985.9899909324745,2394.8505886115586,475.0246872303861,1127.0784906256133
4024.209662781109,691.8210893766884,952.8079582376687,2431.9032586426547,2335.8201393098943,2599.7623759999547,904.8811826679948,3313.6812461620016,-187.2193176073157,3210.121704391255,1479.7629021196574,1602.1534952119173,2335.9774849083637,427.86764798357524,899.1495012532151
-2669.6784350831426,1276.533822187849,1028.5774007906734,1405.8341860777073,1899.3708860960858,1939.0594693006794,941.227145581709,2718.189140758375,-113.3845352136006,1881.2150686615478,768.2995743610181,-21.388955683985614,993.030749319,-274.59734109269544,523.0784526330885
-3206.105235429048,3108.985045820844,2598.224445769223,1372.617315289398,2358.851410004232,1183.080401316699,1223.844320138065,2271.1287248272183,405.8470030604313,1269.707006707234,623.3987645362672,-899.0243658651366,-27.20838919843618,-776.8948836666068,215.8164014112297
-422.92859288662555,2908.159841568338,3487.143928998055,1948.9783242695462,3513.292963096319,1216.0416353930486,1943.5618729094945,1798.202524946392,1076.3794407598268,1219.9775107051453,1365.939644113816,-308.87087803798323,30.022735635924164,-591.5782287526453,30.499793843894878
1412.8940690902111,1782.5592987248197,3135.248068926254,1666.586069918527,4229.548175824847,1587.0553681969927,2686.9111689796814,1504.5468261873812,1398.573731609667,1030.9285920971402,1933.8949539287596,703.6895336492348,542.3538859664648,-68.53710453800534,-75.18753543757839
1619.7886393588947,1386.5849773801258,2490.425083674022,994.2710178134929,3958.9741881530326,1447.289961021416,2815.3194793502103,1274.4914352884405,1259.5105169997382,466.71058481797434,1613.8195331199888,963.5184259613371,681.2019774855387,244.73306092702975,-139.32753024242783
1554.2665133578162,1116.988707711006,2023.6289390710833,379.4724430769754,3043.566228156871,763.19418640769,2243.811044618677,940.4126441325824,895.7510784060273,-260.5968845698776,648.0279239397378,341.53842372764655,259.07546548969935,191.54706091982263,-199.26782576858074
1592.876199556533,910.1391123353432,1852.6555975611332,-173.85650135976533,2134.089233287295,-90.17112032485936,1470.479906072333,580.7150600897446,642.7416876355658,-786.2724781863774,-276.2532834060466,-461.0192724469351,-379.7123644292605,-16.646560052128272,-292.2399246853116
903.0410484779622,1014.6476581443695,2031.7453170686567,-520.7472849387584,1732.2461892032557,-696.0939667058254,1021.9311031778004,359.4905343236777,687.0839272086762,-828.6302364520345,-658.1279009998959,-727.5478749972468,-855.0054020787004,-120.12055317348758,-431.46735857543547
-949.3606042392695,1225.9733264003041,2476.5207171858274,-635.5579433970812,1989.6560986891234,-832.2287758713856,1021.8054954579061,357.67603354910506,1031.158184868774,-287.22286740285114,-412.97507064115604,-211.03939647665538,-1025.1785910843462,-5.438423339266137,-596.5847466648277
-2965.5511598683006,1278.604406030778,3011.516536905209,-750.0099487023709,2567.1416437668117,-502.46794443256647,1279.3967612568622,612.3569261022188,1611.9304197383638,737.2297088756661,197.37502760681957,867.6991253440505,-946.2481396392199,297.2837188199776,-743.1995474639332
-3379.8219796420235,628.6927753738938,3128.1951284463203,-840.315741740509,2907.619842653844,345.7795800270434,1745.528079957354,1136.4234797390113,2290.3135757116183,1928.880104758117,718.1967227214013,2038.7567742102706,-761.0272424604541,676.3699674419526,-830.0476805372757
-1772.5091213385238,-476.879537652506,2715.704583587561,47.03036475376733,3246.3467978809804,1735.7710049527698,2657.912234202025,1745.856319424806,2702.595433552028,2829.2541853733605,656.8176464906358,2835.3714548779217,-691.0078698756722,980.2296154255802,-862.8974706167621
-285.01107384445686,1235.1065593403637,4072.0725076235067,2442.6225703650184,4879.849471177432,2837.941892144054,3957.875878354551,1863.9221102664112,2200.490669210846,3016.788524054299,-386.8352283948535,2989.0370232773234,-1010.8856407233361,1070.7779404060987,-903.8878058787309
-962.4811698221557,5417.7787776053365,8641.702332113253,2625.188628158441,7318.081205647282,1260.3223152896967,4165.207892334234,502.3583361641373,71.46925457101759,2263.7170861638288,-2388.1115913929684,2540.950907005679,-1753.9598514885893,943.9042963309226,-983.7432657586705
-1785.085873571738,750.5041950051781,8396.933272214717,-4137.715950385368,5865.002921352626,-4019.337848956264,1487.0064601736494,-2338.3266879191015,-3125.1510084071174,1040.2128883429739,-4368.460310570941,1980.0454639155755,-2407.9929290119157,830.7389947200221,-1012.134806638483
1165.955225549731,-10795.086883864951,-272.97908023846406,-12030.360511625693,602.7761730560765,-8883.85779423146,-1882.8273742636152,-4323.744749327295,-5179.374519019539,723.1994848676206,-5117.924543198388,2046.7385262654534,-2366.199364348583,1007.5668927080947,-879.2773339765481
7545.878753051322,-16603.731517490527,-6034.712489843952,-15017.101758069812,-1778.3895232577713,-10337.406629238247,-2654.8075183487927,-3807.1573318905876,-5265.712765393493,2036.7357571166133,-4702.815117911797,2936.071564579547,-1662.020329736303,1457.5110101793666,-615.3301853269828
12579.793728969065,-12749.065015061775,-1752.292680070876,-12289.11195004971,1152.318467043362,-8372.030223548252,-906.7021790962788,-1477.4684267078787,-4429.466939832445,4125.658604996274,-4003.8682387166555,4048.0840424435537,-796.8392800760072,1914.235340164488,-337.25169651386244
11467.892954534298,130.15862931249993,9122.665982750897,-3771.099048501909,6828.601960580919,-3510.8948924498327,1694.6894409357046,1015.949922407868,-3700.457928594666,5322.162126756697,-3712.3342141444496,4376.082516422455,-345.7347939623592,2024.5876659662536,-171.85202986464822
4118.530545843091,8772.75487507342,16062.004568828886,2694.591703522357,11365.053207858185,978.5732851145119,3940.2704330895112,2893.447203983008,-3178.852343397829,5087.7967924694585,-3841.1906050183434,3413.949445538441,-641.7477111357307,1563.4379427138,-203.7886315682831
-2690.5686798303623,7847.702896621801,15037.527582890181,2278.233016437678,12050.14253560717,2145.8814743413577,4894.2044609256845,4379.827524340032,-2741.525588859157,4788.333340011234,-3905.904357869972,2098.0385805251217,-1283.938673917166,855.9429188338104,-320.5253038101576
-2776.8267070862294,-550.6838280716963,8954.033450590578,-2547.327240818058,9020.390699937865,766.3460316236726,4245.9640598317055,5299.3204956143645,-2470.2904742505216,5109.986553041344,-3664.5684416772538,1469.8497002425934,-1597.7450669551774,409.46826440475235,-331.330593451768
1976.1916832922564,-10548.591761482718,2000.8342568539113,-8884.795549710592,4369.988968659759,-1973.884540781873,2314.0877878230635,5283.4210596321545,-2388.836660572111,5495.404422313687,-3082.3716304748023,1464.5943245264575,-1411.7098130293298,286.03448449131145,-235.57397669817777
6121.036744133802,-14447.168861709262,-1711.8216212056604,-12493.383702191362,922.0705925890683,-4492.426056573029,-109.28093841548787,4389.706708915599,-2646.1544234091466,5465.097210297336,-2289.1246347328793,1719.5778812658914,-902.1612630361096,344.3734805732924,-131.28369061079775
7187.341190318107,-11403.98269505195,-1084.3704667373656,-11598.54029363942,46.65368069019624,-5372.2051513815195,-1983.7660044291565,3155.32881677979,-3185.574127872007,4905.610721852129,-1563.3497807139893,2058.2685660254215,-248.29836683462054,515.8518637720802,-33.61643508750704
5815.231083885357,-5374.674856075947,2371.614003337311,-7920.718520976915,943.5435466291274,-4725.676876830343,-2990.3214696067785,2006.7296578245375,-3817.5888544533664,3881.825821152408,-1205.747591160311,2190.3004098995652,288.085623865094,655.1451371100259,92.44785010438773
3594.6698061315883,-757.0734283901542,5937.287776533248,-4464.316750153,2070.4146987352624,-3638.0731503476172,-3451.1114766861506,1033.9715421511544,-4371.906176635167,2530.3498993144335,-1417.0832571552237,1724.3675058164129,374.97956393592733,548.5978085813401,246.90949692166177
1781.8332061496685,754.0043866190985,7447.11024351766,-3088.8736284434044,2438.090609697467,-2983.5607093737076,-3666.403197961288,346.45262160003074,-4646.575388037623,1103.4481766836202,-2112.0971643794364,629.8570131176311,-62.474603425635735,164.1130285453362,387.2612046390064
1038.452918912331,290.6686538146465,6497.214576879819,-3404.261279733778,2010.3752166819238,-2700.7531802240724,-3597.388679408331,152.91364254208938,-4537.4135530099675,-48.51992594236191,-2930.363864126954,-596.0916757573681,-660.0903982541524,-290.06876169578277,491.7279965819504
1873.7483739798608,-1673.393888261154,3905.7758869071627,-4387.930122553677,1499.218482250315,-2093.1823481721976,-3024.703562282974,387.35636427228803,-4224.826001067306,-731.8347843315858,-3537.2331384423974,-1428.151891929976,-900.2893335350113,-607.5904918977465,599.7272768477994
4409.811632358406,-5192.516398821544,1495.5135049425335,-5244.187784997093,1503.6606374889589,-1015.5252780263911,-2213.6447622200444,507.19622347795274,-4157.786273259217,-1011.5022652729292,-3796.5368383455007,-1779.1091131097166,-568.4551979574692,-767.9285789656318,751.7355484786472
7609.405132505296,-7571.099505107571,1147.5584018279696,-4918.573946441739,1375.6236165800765,-654.0949071944312,-2214.4362013886184,106.04507871653976,-4686.576844194794,-883.4468240005051,-3561.766193828318,-1779.4382526933173,169.48934408079526,-823.5634039422782,923.3099780233091
10418.784241002297,-6155.651615354485,787.0061455342588,-4707.244465561937,-626.7623217670034,-2307.642156937265,-3822.3864065130556,35.1449897256383,-5450.051617007513,91.51164116340448,-2433.9876159729693,-1324.877732733821,1129.4229438390148,-718.6988760281431,1078.2967555552646
13670.240730526779,-7260.847277999084,-2322.4117019592672,-8546.914676790231,-3528.1001040436495,-4148.329480730806,-5891.511217073488,2303.303831078074,-5264.560448523148,2526.733445298316,-18.874687754050512,-245.5806982131835,2356.348230990449,-390.38219606600455,1250.1461169887707
17378.173573488566,-14706.399438557457,-59.84750316018892,-13524.84371402414,-1662.5026146608525,-1371.2890233118774,-5613.716223538199,7682.635316707819,-3248.6002228173784,6167.845344642914,3306.418064901245,985.2377026782578,3814.236871792706,-73.3774433446352,1449.8689153310997
16694.31267672904,-12607.342354386965,14089.969507640913,-9730.108816768157,7078.80747274183,6858.307573219833,-1836.7608750533716,13936.857050121538,-134.16501435828923,9438.51170175963,6230.975448818176,1311.9249066150628,4991.47070794993,-210.7216576466014,1517.6591862476967
7668.457248096461,4073.6066915744536,25943.757144687625,3043.407348871402,16537.16272546394,15335.4291419698,3574.8434568906337,18066.63268066635,2579.9312309816796,10787.862897667514,7641.989993528649,371.67332929519347,5231.6993032453765,-852.1782208830192,1287.0039157305632
-5067.231512704297,15676.08731099879,22858.98329748272,13260.29467465865,19834.82711389157,18463.92767088405,7048.517035213012,18260.75606425351,3635.8123633879677,9604.048054965795,7175.82780563263,-1129.2054393398837,4347.686301368063,-1546.2892982072112,855.2587395876269
-13932.592363459626,13685.1829747601,16373.42330210661,12432.295786645607,16270.025545997287,15287.941790218332,5092.563514691216,14772.952519764429,1870.3576338573112,6108.6373329181715,5045.593914985289,-2620.8081121732675,2755.6968766460113,-1987.3800993812965,461.7002485348761
-15958.485493609773,5139.3104881381205,15011.407866738506,4274.936019544588,9680.336656722779,9777.170273774747,-517.8491233075736,10324.188433867514,-1448.6511212424075,2090.555473947444,2720.64369248368,-3804.689799996618,1353.7383988439947,-2164.5540708621993,238.0781110072095
-11616.78281555987,-7432.427317694887,10253.953783694033,-6006.626701529048,1200.106951469499,3498.2864269081147,-5963.416756585258,6222.217345358738,-3920.192933834511,-587.264408246765,1683.8826393589952,-4138.149105371513,866.2520584011629,-2003.04778546416,184.70871601159251
-3344.477224751431,-14099.918784376327,1690.9252307172758,-12388.86274420174,-6014.613213675253,-1973.6789486346433,-9705.761573367812,2775.290027295109,-5251.504846342308,-1948.976721154636,1691.3247365841346,-3639.572785917442,1086.6267486673037,-1551.3218894241263,215.27669039691676
4635.17547675127,-12361.463295939428,-5013.102145803688,-13329.867911755973,-9412.63303499969,-4900.5096351222,-11196.214525841731,673.6190302025465,-5726.483737897006,-2656.853290967196,1946.5035439458604,-2984.551384416708,1346.7156452287452,-1109.6322506984793,230.14085146152706
8878.007391547942,-10592.849999060021,-6332.493581506909,-12126.800628058538,-9409.640628723917,-4979.172326298855,-10970.184326568553,-4.619827434624028,-5444.175241849138,-3017.756894074125,2107.448230973863,-2530.928835897356,1386.012361279578,-814.8820422619186,211.01193022216432
8112.481688211065,-12801.37150842699,-3236.44774275269,-10660.198940238617,-7305.1859591877555,-2742.5845718314677,-9880.275995413613,306.09439327899184,-4731.969795987679,-3219.308364203811,2102.4627307390715,-2222.9168460840287,1368.1767341155405,-564.2193185183042,172.81070778050167
3016.1228181208994,-13318.195162234066,2079.012425268899,-7873.691245964732,-3908.13238035762,660.9053375063597,-8156.834389275312,971.3338149010374,-3867.587618671392,-3315.4662212120857,1952.778508186071,-2012.0607279009023,1384.3181400500798,-332.1871806252849,74.90400028767877
-3112.5095691286183,-8538.761495680415,6190.5888569993795,-3632.0426808585235,-248.03145061802442,3833.3008374992605,-5838.980994177146,1700.3061626200044,-2746.6535037352523,-3014.1475577475417,1744.392897868896,-1846.8078205182212,1273.9232064954908,-216.42456409664373,-97.54330941544653
-6272.2433089120095,-2290.7123165269204,6612.458193038695,124.2158599280805,2133.4803999315327,5299.672240707169,-3466.420354393329,2365.8692397729574,-1295.4067523510867,-2126.512474088961,1612.3532700982678,-1590.7470692761508,976.8650274178434,-233.9328148653713,-259.47071688135355
-5941.022090072255,688.377042015429,4937.883237968275,1800.0906036506858,2756.402189467409,4994.260126190474,-1648.8881656207573,2840.3112020055273,142.96620693536318,-1066.711710627275,1596.3799912376592,-1284.021047216805,636.2800679842712,-317.6267311390755,-352.45327725577533
-5004.611245921178,1076.433070952046,4171.086388077654,1729.734870705956,2264.330350571797,4247.098269463986,-706.0507661065585,3241.6753843403335,1290.8399167996597,-365.906424533782,1704.310488561597,-1229.4612712556795,245.16451024088764,-452.1526424412908,-443.15011978349844
-5769.870250212985,595.2480679459293,5069.066542343682,757.6731785313551,1132.9749759010278,3866.117643266227,-506.9318790210941,3791.524829985375,2360.62522355807,-88.42121577664136,2092.692501817405,-1528.2240961031457,-292.92156807993547,-581.2720798567461,-619.1505600686518
-7483.823996164827,-1158.96842297804,6099.528907103687,-1027.2368137996223,-534.3815934004476,3786.923947894508,-465.40486060886633,4613.644212181737,3644.227983639913,23.771889460842313,2872.5477505350823,-1750.1603315074326,-786.3451973977317,-501.762454139307,-855.6557486196243
-7342.851336437123,-4247.860547790782,5095.150673681271,-2811.1108615248863,-1764.461356279412,4102.810345488124,-50.8628331274156,5549.120383623839,4945.126195179455,133.1657513642291,3786.7578895444885,-1426.966827585425,-926.3677809123371,-108.43962671255227,-1028.7807655090924
-4107.671102127668,-5842.831910852438,2466.116795172977,-2788.0432713396494,-1287.3298027386463,5020.737614214266,562.6561247576237,6049.367700246347,5654.083015454905,55.13784521717386,4255.719260588671,-746.9395686166902,-751.873946479119,373.4155388459071,-1058.2729261578115
-247.11773398969876,-2978.3487178589353,2197.6807142836865,-556.4877371471115,234.40463913726262,6161.568533054248,395.39876373356367,5420.307111600114,5309.166106420888,-536.8524707985783,3913.479278547379,-299.0553681833841,-588.1337097223682,651.9986614775287,-1002.991706330207
1968.3920787695154,143.68971144620397,5243.135700100744,1237.424852380821,437.5425459991908,6641.197238699692,-996.3290205254234,3722.484823043425,4322.214185458117,-1480.6534002875158,3233.9844530584337,-104.06173530738505,-546.6840977524844,803.107366919721,-950.0905318111155
5063.888904206027,-1932.8424424188024,7827.093270898146,939.6965422454148,-1013.8434153571634,6632.379214322095,-2630.9719077788086,2109.049641736009,3885.682112946536,-2198.2803542978518,3202.834571274245,503.43065813368776,-380.69419355458876,1170.1764256459326,-856.7411998548565
11756.048781825424,-8587.662723395924,7129.7669618120735,-1577.809413665571,-3942.331126060146,6160.361570537833,-4560.088837703341,577.9645200260094,4173.424494697534,-2801.063725484601,3912.159332601482,1716.797878815388,-10.743319983474606,1809.468598800239,-653.7770112373395
18810.66648409853,-13523.092933926475,1082.280033686514,-6485.206343882536,-8561.83086949361,2880.566083595205,-7889.764556078099,-2504.793094090287,3650.1525427369897,-4121.85063521932,4155.472328340916,2732.635626881365,134.3560308717345,2375.2006324553954,-424.7100280746581
21642.185790208176,-8591.592773325921,-3339.8672661465143,-8504.606343177311,-10633.447539058321,-2018.9570145335467,-10820.947822762564,-6354.56084082121,1731.0788327689472,-6014.069978275606,3091.4293396263597,2887.1595942306803,-260.4788324628044,2585.0458571720965,-280.46709236782357
19413.12585006052,-5282.405863341768,-1928.539314991886,-6757.043750046492,-9375.96787564028,-3322.601094777559,-10887.644292097053,-7990.673396264092,167.51632630879737,-7117.368446786633,1447.2348017100653,2470.83372077502,-838.5945665109789,2458.150947528299,-209.70166283653924
13238.447556995372,-10009.531394287444,-189.21826194605327,-5645.656826087113,-8601.977448911146,-696.3993753277234,-8971.481716778919,-7215.782246018167,33.15640850958325,-6984.710176203405,150.68063645938645,1946.6774228488375,-1207.2948805995322,2145.2991236895596,-169.55032950551572
4754.354872084387,-12669.210278001385,1779.6529590440118,-4255.594381137754,-8044.870593070655,2559.199845987994,-6721.84421790933,-5897.497452236543,254.4484568004376,-6448.773457307782,-1051.878117549009,1115.3801119603104,-1578.348412423887,1682.025110081814,-162.80090501716
-3782.2358308857956,-9250.641951526772,3877.11082837021,-2173.870284396678,-7099.22413702492,4168.354581172301,-5295.289037799794,-5226.661677040885,47.60274065892149,-6116.434276193589,-2443.2051075724457,-240.170389550594,-2167.5736729234513,1032.8020458813762,-190.5653627787638
-9741.199020598646,-3973.551979255051,5687.93959563767,330.5560341604356,-5556.334136525564,4529.516804440255,-4652.306976660334,-5291.13064901289,-235.23437988023724,-6110.346803125401,-3622.0150383332966,-1563.6630811665718,-2711.436592297162,422.0821637768049,-189.63170816094242
-11677.600077699095,32.80038602507282,6563.712415069331,2896.339731723987,-3146.3054753887154,5219.812144167562,-3395.900898046998,-5034.248898667269,17.969631157861443,-6093.195945315046,-4229.793026258593,-2138.450766569771,-2919.4004822966967,160.66759520810388,-94.92535477853764
-10900.368877842642,820.4016028589947,5943.644382982611,3996.7893443712383,-1103.706008170997,5988.216858374346,-1380.7130791034867,-3957.009164109418,932.4313106764565,-5533.88422223728,-4127.911041615392,-1829.8201782965446,-2733.532678388242,201.2818045355816,40.83073255432868
-9108.465601758673,-403.1687884319214,5824.133349915739,4050.245944165403,-288.375472281929,6418.466344992733,589.0774612934234,-2497.5531338755486,2237.8034539277874,-4266.394010530566,-3371.992048239206,-993.4061928930557,-2316.348960314002,251.59347903151752,116.01146157646953
-5395.433134698451,-1203.920641231976,7388.402664986973,4555.015787288847,-226.5619257284354,6691.550424877824,2143.759177338381,-995.6472982973044,3735.7403638874252,-2363.722507556642,-2194.371469480265,-41.10349239032459,-1968.7695808903322,141.62782427430886,145.04498472565314
1381.104301033252,-1331.9878579845088,9441.15097957564,5683.580776467621,-480.3936916326502,7006.216332267085,3246.588917923384,381.1241767078457,5024.086466662891,-179.7429613151719,-880.5271632095464,868.4740590204178,-1700.130193997697,-10.04919415334399,229.16719275489712
8901.958156265084,-2131.6063559597674,9480.285326476518,6250.410087862514,-689.5402349905983,7569.772072452199,4208.960254839823,1480.5373650898473,5578.635571502617,1558.7354739574553,300.90758294202163,1747.36873909065,-1165.8766117004336,33.700358305283714,389.63125786335024
13308.7432896875,-3831.5012704987626,7152.39739760182,5656.573163324976,-547.2061667070584,7856.18659533088,4900.551519763934,2067.046245761089,5440.159729234875,2517.6890894418384,1236.6238378451415,2510.8692620028796,-313.7369594739862,285.8447269542366,551.5286652878781
13651.62250364635,-4315.027060433218,4712.6780753088005,4554.715003175278,-254.38365386849685,7122.8163024780115,4802.064297669772,1991.8971583748823,5224.652018894662,3095.164993658951,1979.0289850651711,3004.241608983521,460.6397038956869,529.7514213024748,665.2141606599248
12091.515858843495,-2439.824651187055,3211.1693344022824,3291.6915166720623,-420.17008442305365,5994.227523042823,4493.466233186266,1738.0962371446858,5565.668960412364,3866.6638131238287,2731.58211271234,3284.9471906913095,967.9355340253961,678.9245534022783,731.7892115956321
12034.583242029843,-1066.3631148402962,2577.7697887068757,2723.786199287304,-1063.9459692683113,6399.422961702976,5624.720688306447,2284.37088715156,7118.441142392049,5456.878303248583,3971.548147719916,3767.929571465829,1521.6635041183476,958.1847890660307,788.2864526789951
17667.11063692411,-3004.154514455871,5542.94938549613,6061.899790152683,-566.9885024607711,10321.192916965943,9603.292949905897,4286.472233585914,10262.16534238554,8194.466017911589,5847.268452717507,5058.034499222553,2546.1193728946187,1555.941440289757,965.2825292050945
28393.861441765246,-2603.558871662839,15912.58900967659,15658.095372212332,3205.519148205727,17026.67780253109,15295.511885559501,6740.135381092286,13911.246413124862,11210.414644153076,7193.56365366538,7123.612657125405,3935.007205185756,2034.652835995847,1345.3508674880184
32230.64372063687,6122.198373083554,27392.170210605578,25248.260742900096,8102.740887023219,21716.69931252503,18781.050663610516,7345.669785831337,15613.20458153486,12640.31181558181,6249.894658465945,8429.222778267356,4722.625895535172,1550.0463846657979,1648.41693524703
18764.095057835297,13940.961910763794,28489.83042647767,25729.79343511889,9175.452728202763,20288.406909900463,17390.38013020058,5239.53018050127,13765.572255661109,11247.772300031293,2848.01558636821,7210.471042122943,3957.5352866882395,56.83797713918074,1468.3493759248695
-2975.911236298293,11714.871371587717,19500.58265491548,17891.993816886676,6168.108792314379,14483.960712492322,12828.456828389402,1980.7684553058928,9465.922360560275,7816.151648116572,-1092.3290115525879,3909.1156959876957,2002.4391216787224,-1419.0528752809123,905.2341830768598
-16392.984527591052,4785.797566208822,9235.503929930752,9348.281935495477,3266.7261429432797,9103.97376701325,8604.881473914224,-432.4234233627013,5223.892205025556,4359.437473705172,-3585.7130327947416,746.8440528877387,194.05087979394904,-2053.3516985685565,441.0521151980908
-17961.599941931658,338.81435370178997,3279.7700849776984,4345.850310786445,1516.4833283484245,5598.476568314779,5585.802192760189,-1808.4051567454678,2115.567568893851,1881.478663490995,-4305.277461265521,-974.0903599837515,-711.5268542285305,-1952.92483246919,291.37140430800986
-14774.423537614277,-324.3938622672057,2359.093020675981,2935.307982663986,-928.9725808425162,2705.6592364653457,2932.23697477428,-3382.82614179944,-492.8978154882903,-83.81052323280727,-4363.722487800753,-1776.8326559951424,-1079.19733260958,-1642.4885495972471,309.8251603925786
-13265.80406424586,-2890.696274436443,1489.3491414089176,1471.6575229224034,-5225.972859070614,-1065.165797610177,8.912213934008534,-5548.661456864879,-3063.9270274167284,-1878.3006341706482,-4825.258823205988,-2564.8549794529063,-1452.6985448172984,-1525.2201092138057,312.80447576529787
-14959.759760900912,-10244.757321373354,-3690.2481871587333,-2873.6167338522673,-10811.300678890217,-6148.659985460903,-3490.3837239331187,-7813.2152499565045,-5439.570053123382,-3289.7655363880235,-5661.48749048832,-3406.9252875219013,-1719.9876704055584,-1665.1158665236148,250.68308482916208
-16584.68930642707,-16295.382304552197,-11090.083825412907,-8469.944296078078,-14403.156644926417,-10392.426558645311,-6481.637707860453,-9530.629798368163,-7255.797825339574,-4097.6176718244105,-6347.816284114805,-3918.654781892447,-1542.967250048201,-1800.4003784210659,172.33861189560736
-13879.606530945284,-15332.601378988307,-14315.010759657094,-11234.323852897593,-14023.751296160666,-11724.88381492451,-7786.957819725338,-10082.902882085862,-8037.973036466881,-4006.800359456644,-6511.807527201039,-3918.4491857402904,-944.6108288349692,-1725.3151702735731,107.69970616526156
-6639.596040008842,-10706.977745027007,-11442.509433368708,-9482.105125020014,-10969.27888148388,-10367.773033026146,-7331.242893569962,-9569.378340017245,-7674.48048842267,-2909.04859709603,-5819.411139136493,-3329.307459230187,-84.49306692522049,-1442.4042393600935,31.242418878540562
1588.8022303785779,-7240.7840510569495,-6773.757454477193,-6134.026751005962,-7822.346853054302,-8177.083996596197,-5789.068573548562,-8563.565942334622,-6579.394869825269,-1201.4202964442154,-4280.973243710174,-2205.669416117035,876.6135922286578,-982.6494972044238,-64.91301158520506
7482.257538620968,-5003.28259314652,-4000.782671603387,-4209.529770301697,-6114.739139786573,-6643.404204295745,-4028.304701159973,-7491.617631809513,-5347.2475128193855,461.8830859858725,-2481.877089976728,-987.6146380064472,1656.918212021153,-485.83031767699765,-167.64315579448544
10194.851303379679,-4397.969138982464,-3958.5384674622746,-3828.1700213056142,-6060.047935070446,-5942.522229058205,-2388.039484791759,-6485.741834366301,-4320.443733429187,1687.382395013848,-1049.103369108987,-194.06525645307144,2029.3958793004076,-161.40042757258402,-271.50844566467174
10654.502335336954,-6221.595621601299,-5515.830877689707,-3672.919180376767,-7077.623553036331,-5672.954140413281,-771.734257683487,-5523.783115014066,-3578.577560674267,2471.905183976115,-143.64568579414686,125.6088351674412,2090.1916591311074,14.321455983796454,-356.5956513970298
9228.095952922116,-8872.661945243077,-6038.68814038669,-2116.9792697668104,-7651.495814715028,-5075.692927726483,883.7586498065273,-4502.951474667174,-3027.271003097131,2829.7784189720496,500.026652548495,313.4513207203083,2206.7567789337413,244.71025379006375,-425.1249499299933
5749.268242814839,-8264.514099811418,-3566.062658788512,952.1858589209261,-6995.169620499149,-4116.957305800041,1995.7593980506222,-3136.1071361343716,-2061.393504644122,2971.939233317436,1202.3111159472573,477.12999297438796,2462.535993334436,544.4446797925923,-520.770320896156
2054.169429031399,-4995.688002367154,-749.5031182458731,2487.160988513362,-5440.109737713201,-2938.0313277826235,2173.031413262265,-1122.020012513279,-374.5416049145086,3295.0533256246554,1827.966188157819,413.8849695126128,2428.1741770743765,697.9887625590508,-633.5505831791073
676.5580463218622,-2954.5027741089425,-317.032116085746,1594.7858794934193,-2686.775192209208,-832.1094234355611,2440.282416000194,905.8791572337775,1011.7850843049606,3587.1536753016744,1994.8235996396602,166.79739733288392,1938.613579500066,608.6848364017326,-707.4170232549185
534.2236796369866,-607.5373606645636,888.469470140982,1922.7501848191514,332.53684884215625,1478.8951415422218,3578.887042996594,2290.3849190509777,1423.4952102411494,3870.4990316375083,1972.256512508788,-225.52949658062084,1404.2188986827093,461.4996358345912,-776.6867611944028
-508.34960138277313,1900.399721475609,4609.58908280893,5760.0208985095505,2311.886473821272,3036.8133309658947,6318.23590185309,3513.8676934596415,834.134940572092,4781.11526778326,2408.064048735951,-1072.198631574402,1120.5489156755048,583.3739910874399,-892.9421396950504
257.3527512192743,-2250.397776616469,5638.416184814278,10281.937356307635,764.6434103721052,1735.1841217161084,9259.346582140064,4067.4819305228334,-947.2774800796901,5749.714822384811,3311.783887723884,-2070.4723681584774,1104.475883928505,1129.280655214904,-925.6899153902116
4501.757121054017,-11054.045915743747,-803.7512189744043,8134.311550034611,-3463.7808791295242,-1839.0005236570362,8898.623105277986,3385.582069557991,-2571.258775477549,5547.427683686328,3905.9117899282346,-2275.0913176828753,1244.8996200289762,1695.7416006882222,-745.4878774743034
5870.411411040289,-8373.596184063563,-3429.464894560851,3219.833168145931,-3912.3329657462023,-2605.8523206339787,5995.991304602219,2479.7969174127406,-2430.267306622359,4096.4080208324895,3300.0319927249975,-1699.6180013191738,1145.3457539286305,1638.3707625399957,-540.5990140598793
478.02477135812074,-508.251337048677,443.493516092542,2309.056427202165,-925.8005578562837,-473.18182096380417,3773.8775200287337,2031.5584600409657,-1167.618139382717,2203.068298470368,1540.0404796910295,-1426.6259876216025,472.6237606859928,982.0364869222856,-556.0245911070368
-4584.183915787574,1756.2540022025858,2789.360346617079,3487.504509667092,1069.9700081914684,1144.0119144439018,3016.3990757861125,1756.0382680019145,-357.94676565194703,617.0320132411746,-187.71123056216118,-1971.1148323600387,-491.6663253026778,450.4751761546246,-678.9015737927981
-1673.1850778282421,666.6942455482765,3004.811875461542,4694.076122632414,1735.230709934922,1522.5577399507022,3014.485244693289,1532.159208089258,-447.5421682826698,-215.61342186584466,-702.3297996307718,-2631.548907519651,-1103.108137716537,548.402674690541,-634.216946341663
7087.096650490725,-578.759339343328,2094.8715085879394,4871.614421918719,1347.3055057457605,866.5243401639784,3683.1662301409615,1975.6884453917244,-687.9480079818444,28.661824011602732,151.4291089129621,-2442.1623293834987,-1005.0177771730234,1065.24855450535,-396.8707322260069
14280.65055692059,-2597.2953126231178,10.101734691271233,4472.9739921444025,403.7646154934205,-214.8853297110838,5054.7052222448065,3326.944565944955,-453.07657530696804,1009.5091628278493,1514.7964025456322,-1399.864152557047,-427.75083745554196,1538.6545533523658,-147.54139501726752
15888.516944203839,-3962.845525373262,-727.7290630132925,4959.499835237585,481.0132010395637,-532.4459805748222,6121.198561404625,4411.609608337112,-100.97055243392793,1485.2410645602447,2215.1460367699283,-538.1148097377738,-60.25610110810138,1775.4214468649948,19.39341263860439
12254.579650891634,-2667.807052339253,79.50571729795794,4719.675773576796,664.2556978202908,-757.155790955407,5552.320443982355,4021.4739465374464,-419.3770884467566,817.8003996893087,1843.5243836759046,-523.8527676369131,-292.6971119465545,1726.3063642627844,118.02197803527417
5811.68774446391,-1325.2960601607342,504.8043780037661,3631.4684286900956,317.62779756050674,-1248.525609783073,3769.567332437808,2531.723363708623,-1370.1235976640846,-418.33317152936803,974.2978894047154,-907.9376388448029,-686.9175029064982,1432.2440320106598,164.06663192319587
416.3361726318572,-537.8877297528988,620.4969292468531,2646.193804412254,153.3312603235948,-1349.9328054730765,2015.5986099096608,939.0669418536795,-2266.610696733929,-1479.1146328973346,198.72680985899817,-1123.7090365518675,-768.2554100557423,1115.6575979453335,190.07049333769714
-1383.1499268879584,-247.6849889488472,496.4708136482261,1798.1558461656168,168.7047076822344,-1132.9871850001891,744.7813711522883,-249.15026604781323,-2813.43038061464,-2055.676782022132,-304.1237306622462,-1138.4921759691665,-622.5331254946614,892.8758209273414,226.84217667174363
-356.8295680914344,-345.2583501114065,228.49548480964023,1127.7005465508455,247.40476335972238,-806.0218918061389,16.56206452475533,-823.4435717788582,-2873.1892766787255,-1999.307061049852,-410.2283833194475,-975.7987578914567,-428.8723038848313,728.6633563290193,269.2515147631518
1493.9071580535763,-550.0411374882431,53.706692399794406,861.0489072407772,239.65900884912293,-497.4931081359121,-269.4875351694676,-835.4228295435886,-2227.321841815539,-1199.7101449762383,89.87448368152747,-449.4722517537149,-182.0042382441241,662.3498296534564,315.86130665788505
3012.0427383445312,-557.277813875851,279.1251528645672,1256.5337409029657,336.40653751800517,-168.01053611907534,-135.0615958760156,-413.9706634015642,-1016.5202943332597,73.24558042666557,1221.6338188015147,491.95459933969164,93.6027635821672,742.1630963696807,388.8333495516718
3888.9330787969498,-347.70301244923314,862.7940160316663,1726.4842746926417,880.041663907022,382.0598032781101,527.7885471497863,451.8282745224501,203.44809453855748,1111.0822417120892,2484.8043982947884,1426.3793021101749,198.37669019468478,830.4542001653178,500.45866754961344
3240.016172905622,591.0191985757199,1619.4275383616887,2073.076517605789,1648.7143610625537,713.104407202361,1425.712011944537,1442.7722557089194,895.2146838142428,1325.040830062044,2919.473709826743,1612.7098710611847,-123.88027227485031,640.6641612332955,605.7168946817288
-3.0451150672738034,1018.4262804066551,1984.847155428986,3022.308069068372,2267.4971702194252,555.7471774897848,1617.1293624091868,1402.9348694602172,608.8448964133668,628.0554602628168,1988.5771046364043,797.3326947655816,-880.6466933097134,109.06325663129172,639.8097038158054
-3430.333965778788,694.9023381160446,1562.7965607904425,2608.6706789552586,1225.5852069178964,-470.79904789151385,7.085628540659343,-55.59241259112099,-891.0076641561413,-744.0202802129686,614.6306706000745,-63.84048719923623,-1591.8316095608202,-377.50223637752885,645.0456445881449
-3288.712041988748,-2575.274821428342,-2122.8788053323533,376.54874343577444,-1581.828501918008,-3315.1734857297483,-2072.5849911224427,-473.36101929760065,-2186.0237467590855,-2003.5653332817783,224.21374354339923,69.2938184388309,-1724.855197940582,-515.8297407009843,710.2960766339488
-1870.9505260228857,-6518.308175961834,-5095.894470336667,1055.242909626088,-1927.561968707847,-5274.65533598864,-2453.954657796017,631.632361051267,-2161.6213168078743,-2534.3492164781082,334.44585625968637,490.4082218438339,-1572.4396301506806,-578.9034649134671,748.3342903494411
-2747.454023113883,-6545.5012393708585,-5229.0703149676865,1651.769311163213,-1678.0401005610943,-5830.777630510886,-2882.3701446969603,685.6474065608174,-2324.1836195510614,-2899.339341786584,-265.9715344742854,170.6284474918586,-1701.6978891460612,-777.5887608790376,641.3704097013149
-2633.322078129607,-3943.0663710061995,-3543.236387127669,1752.9515236291188,-1191.3951520831733,-5357.008715514644,-2970.0935892823436,430.72419988277596,-2296.741341113624,-2796.356832504275,-744.7235682460608,-243.61729363237617,-1713.1226641856965,-793.3135254878331,533.7354616575382
726.3685465224555,-962.5912754476833,-1136.1355605513515,1194.9214633012662,-453.9716738036685,-3297.8417397637377,-1755.6771681403386,575.0682117861968,-1209.059755146726,-1570.753992471159,-128.38264144058303,7.082831075084584,-1118.5524574001674,-514.2326499302847,580.3629825593943
2947.402505048464,-60.226284408952026,-196.02196983458833,734.603523419379,-217.12789290827027,-1900.791305594208,-734.2800909831311,748.2335308847734,-119.3291292196175,-277.8682874323642,842.2481455921185,629.9256973141332,-413.8199547224512,-351.25917913520556,651.658489299496
1370.478350088382,-10.553249600325245,-135.74442295372404,1072.991527005809,115.8308525932145,-1503.8594158018302,-188.18972072683286,1166.9015875894413,641.2946934101557,236.38926853454848,1301.5262847110146,1152.5766195782649,-161.3864896786567,-548.9827671518283,578.9528754758182
-889.5471446357933,-610.7380312063575,-817.6946732284589,1492.09741196019,419.24303135737813,-1744.5374982276812,-94.72679061417168,1645.4606026581591,1033.919791028842,91.04754796624707,1085.5103361595986,1265.1815617587479,-291.8253838163906,-855.1351679309486,411.53827980887746
-1148.1868145994567,-1522.8855873595194,-1531.0569018497642,2162.749133208374,1183.8956840611634,-2458.7749081612324,-645.3583033942837,2116.493359835513,909.5502427539475,-663.6952547170491,354.1399290514181,926.7625286334512,-519.7257207923735,-968.8294532362418,293.3254635538566
-1539.7991631111122,-2865.643649285244,-2707.1547888684945,3601.0765401086906,2561.279585743565,-3740.7522638229793,-1844.4656158600073,2858.4658592839596,836.0533936011819,-1939.2237832078465,-567.5131516903323,695.556432014338,-587.5802000151698,-967.603994456307,240.041840079464
-4405.241968353635,-4862.083996618317,-4624.890225978419,6721.152092077778,5351.6871114737505,-5350.8468216145,-3351.173618317801,4485.995299557082,1771.962608469923,-3401.548405260663,-1477.675984816501,1258.6884692143076,-211.80391209815627,-1120.1580352399137,139.89465199189846
-6428.439170155129,-8476.509431356217,-7957.908081114856,11077.96262325736,9306.134718952117,-7281.376176476701,-5335.395587267856,6513.593295057388,3577.2061124154407,-4484.356188519951,-2266.0711258715905,2414.7706891798075,675.8649995001176,-1342.846203742832,-38.7936114897083
-2983.3429473207243,-13573.399086793737,-12385.11967299583,11517.966702159552,10369.115164969293,-8611.293371120368,-6949.326277297336,6958.9799310730805,4812.064998300919,-4285.153128546553,-2414.485262903009,3110.5537983425875,1520.892843398436,-1223.2193236496296,-174.77573703537587
2912.091762162718,-11876.429611837233,-11067.88824107262,8088.40803285845,8053.294037680482,-6774.169969316423,-5722.882853191369,5662.959955975524,4608.4155818610625,-2507.329599001606,-1457.7834063059465,2733.0685058519903,1571.2819866457319,-752.2877354382485,-205.03561442806472
4194.019439613007,-5938.719523228044,-5899.194590678743,5355.504675465914,5553.1470506068545,-3047.3002503501402,-2477.727788027149,4165.9712667059175,3300.8874645031615,-399.09334700544093,55.05681708164934,1698.2251432175094,872.2715218138518,-363.58784741788224,-212.281037228073
1220.7490295155717,-3162.1684381547198,-3280.3789551269465,2891.319809759588,3261.1193562585045,-886.2889443590743,-285.5376920499961,2834.2761516203554,1502.428286902405,572.8619163427938,1057.9998562476446,651.2787273843544,76.22306712826372,-238.375320899121,-244.92334684309253
-351.44980199176797,-1879.2485563653338,-2142.8901646771305,736.2052455039754,1389.6543463452076,-520.6397891984517,253.75744268780204,1546.0409620158116,-126.80794929216165,317.4439194299654,1149.2077835859202,-67.39097936115536,-366.41331692712777,-270.46418424172884,-291.9597417733172
846.384526905479,-690.046871249722,-1083.5116639814532,82.60746051694947,651.555158543573,-619.3367878710395,210.80901929979177,594.8678091741332,-1033.2491499551088,-180.5575366641952,809.3229688211909,-197.65392104928156,-257.5621021497304,-297.50500178072025,-374.8990731893741
2973.138149202038,93.69019758595437,-682.2258972298163,381.14511555423167,457.36918975568125,-622.2698483717602,520.1798477033228,255.03160225418634,-1162.5051670262842,22.893331927978522,753.6218544531389,365.6908391102239,375.5980958930841,-124.8843852895206,-485.05826331600156
5330.751676018576,-333.61125481471,-1230.5167457819098,-211.78945887505841,-448.054311091906,-256.85178784998453,1658.4791853909576,735.3982522260787,-777.0318591594713,857.2127472953368,1067.4090613391063,1114.1840041650155,1030.5618612090411,189.44427693851617,-552.000821700129
6669.933231640342,-735.8582809372635,-859.9193595445387,-1123.9936077982286,-1531.1495965152171,283.3800700379499,2632.893658596281,1252.7077462923564,-574.5803112048407,1126.8400075869722,1181.8466299294955,1249.1925124668783,1061.773618305025,275.1870784534286,-557.355430418548
5324.413261613912,-213.34662891576153,195.9327417837507,-1779.6524763776226,-2611.5289013326283,-44.0918936051126,2547.990747413176,769.873906654984,-1125.5838598454957,391.74741441418246,906.6714272702127,839.8159465489098,632.460468172359,68.73865244431789,-571.8261339203168
2525.6577182203137,1447.8087978729866,1618.153619619865,-1593.0980984799558,-2837.6087378301067,-431.4801929540657,1936.2723585803783,412.67131237477236,-1142.3568081714095,-306.45632506699405,213.55526880884975,378.24559691737414,540.620969520023,-28.568975693979766,-642.3190867683138
30.829774063184075,-1591.8708275402528,-1613.4779443174195,-2470.6511318043667,-2272.592394539195,-2592.6556383600337,-1037.2477230536992,-715.6103518178546,-412.5440535555564,-1005.3281462984025,-1307.1601651633505,-477.72133212912024,783.6095294541952,113.27506778447665,-742.6871831575455
-1515.6638533384962,-6279.396750304082,-6060.28985671993,-4967.778292740536,-2690.4868040991723,-5511.667846800829,-4417.009187228094,-2713.8632506934064,-117.80503320967614,-1693.6446619480437,-2829.1341402253483,-1438.3001178328702,902.5383739040758,336.69675755423964,-781.7846411450286
-689.085955679514,-5271.449464653731,-6499.856634347334,-2677.4239827555984,178.61263958653439,-4716.156943990996,-5486.308921562013,-2697.4486320770498,1245.0779871416773,-729.5219578317386,-2982.5103748848683,-1307.7308849432147,1258.0667440288182,674.4168083531216,-641.9169468294992
838.3218076371119,-2137.2644508842977,-4813.926822554934,821.4819840596874,3441.7655868593515,-2449.199320270754,-5575.655805205235,-1978.0858261809142,3393.0479120502805,1412.0134257743891,-2093.7736383839683,-320.31759182889004,1950.4914155755869,976.6796377831718,-394.47113308152996
-851.1005595494386,-1571.013631100219,-3646.037413513782,2787.895133394831,4481.051372217994,-867.7832439725837,-5017.449047057268,-1933.36536913911,4114.207994670738,2500.095459377202,-1235.1117323922822,359.18141775495127,2118.7793066757913,884.210982782751,-291.1198999723041
-4105.792155814275,-3778.4843531416577,-4605.022980367367,1842.869067965101,4041.5116745603154,-495.8189874373179,-4788.819225639896,-2233.541476959571,3439.992209781342,1887.29821857654,-1145.5000051913057,197.45866896130255,1363.7520974913755,517.8154864281504,-383.24596910772885
-3802.558396695714,-5598.305260752567,-5616.176302809465,-736.0374745987333,2873.5290985968877,-657.67266861022,-5011.439699361109,-2620.665432935488,2359.049584809919,453.92309615152806,-2023.751396672295,-716.1783210499968,216.7603169854504,362.8827194826763,-451.5901684650126
816.2799026220289,-6106.001290433171,-5777.003404743932,-2269.844485455761,1675.1488722621602,-875.5803854118421,-5108.318816446314,-2982.508437671676,1578.0425303065122,-484.87063226886096,-3054.7736836069794,-1746.1912908878528,-625.7336009027454,564.0433429742453,-346.7911351512571
6918.944169092355,-4456.755425595396,-4919.381549825756,-2412.3539565968413,1153.6978746723728,-1205.7257347622644,-5494.756521774957,-3282.08819411849,1829.5164349560434,81.56464479963357,-2990.9908886923636,-2109.7959240699474,-688.4209700190531,911.9444564411331,-131.3520447420234
12913.820284275444,-3692.721683191073,-5545.467934638746,-1923.2292338478542,3204.338923193758,-68.37196242946115,-6076.148406464816,-3088.280730183585,3531.4649207031534,2100.815351616007,-1602.7630616482693,-1844.802822015181,-56.96294677005426,1303.9295246021406,94.44688989876367
16658.388235025486,-3043.9668559817696,-7015.7542798193945,773.5837593133879,8160.210045433792,3541.4637518522777,-5896.234599197148,-2500.6912962699594,5813.919011615755,4433.33604514793,-8.17617602707827,-1786.8748701685947,388.1906261971795,1666.0861360113677,282.38763181823555
13384.635985848194,1572.0517937649001,-5438.469389871511,4824.3273176721,12446.425217063308,7181.275980503971,-5185.801752902672,-2535.0401650367353,6913.1801457226375,5831.671571663905,584.3250712337626,-2442.060288812937,-57.534126642761464,1742.7624098420097,400.57990415789766
3481.8279461137436,6409.548802605042,-2554.6551634873076,6964.418459391733,14060.220601141305,8859.69776321387,-4881.016239260703,-3480.5773517357957,6211.0219185643,5974.147308580092,86.75672258201934,-3529.474377409051,-1060.2441418725762,1512.0544969949888,487.3622403845393
-4411.249116533012,8183.285921271769,-1035.1541724935191,7333.780172514431,14466.69388262505,9662.384705218725,-4336.637606885621,-4145.865804672493,4854.531356876203,5549.079591134089,-494.5184760493226,-4400.671188017741,-1878.4137498868554,1271.9267276872004,616.3303340546354
-4991.183383887576,5520.815657147106,-1763.0611960442304,6589.845323554548,13777.142712464092,9859.729671167783,-2597.0331387874344,-3477.1710518554523,4105.687921768514,5410.38323694006,-2.57332029137325,-4354.800489966683,-2017.1480263536166,1167.3128997974577,744.7840436428555
-2221.4081064221864,575.2490855679675,-4609.550162772749,4558.226351316848,11414.439810652497,8198.777382281392,-1274.4702512082088,-2463.019383228878,4159.820470403764,5855.89792380669,1677.2525076653546,-3070.472786812127,-1391.9835903849812,1092.3812193333508,758.5346312283808
-1365.2630059403118,-2109.8459163147545,-6981.794677018499,1320.2010118003243,8756.512773317041,6154.082874563249,-1504.061496642196,-2316.289252403505,4746.093938674742,6566.173799545315,3241.099597397549,-1416.5309340115537,-572.897563155005,914.5084192858333,662.9959140920871
-1943.9660514175832,-6004.255302048714,-10398.070871998869,-3154.2091842702835,6708.606062549186,5057.576311534898,-1821.9235329725766,-2751.537017267058,4534.761237876992,6842.258487661775,3387.9162566986984,-1342.1172829979555,-707.4033547414591,637.2450247603351,660.4977527079718
-2139.1289363996084,-9226.00507614239,-13046.086781381771,-8927.225229603551,1668.6501878659783,745.6533933637888,-5425.166245759189,-6229.054047366264,590.1815776692978,6544.2549198652,2667.988161831021,-3823.8170507846107,-2623.9101454041397,142.20778874724385,917.4739886758025
-6425.905236383907,-20955.33417888778,-21507.773127112672,-20890.623897468497,-4831.381628041753,-4831.007244555422,-15269.761661480587,-15224.324675268721,-7218.121678922713,5986.38930600596,2307.398737719413,-7388.582485296366,-5637.440098232389,-1010.2038464069446,1185.1266764601796
-18279.050776269592,-33677.30453147602,-35392.0700482623,-28967.808103430474,-2494.843762804533,-3000.7395065190244,-22919.807636485108,-23750.509179343448,-14582.12963363105,3964.999852028919,1417.472034039982,-9883.005604357115,-7670.440992234946,-2679.5135895723997,977.4729734998014
-28239.79972644372,-23841.226347164473,-34331.677126856695,-23693.72892820473,3641.2363807139245,1473.5342490719333,-23379.731113477425,-25641.802141448163,-18184.998138658848,-219.50079466381987,-1051.0710947605876,-10559.583934405915,-7266.482470406296,-3556.5685103427313,344.39451477217193
-26676.413291912835,-8378.913931791047,-23788.70299470261,-15060.441532483526,6096.793638025443,3382.821891685971,-20097.809152871723,-22876.648537904206,-17664.808005817813,-3310.0671625624773,-2819.8638645463566,-9593.406022831123,-5334.950782675185,-2879.463525818792,-60.34922656660808
-20766.756785304602,-2079.916357170898,-15109.942280633417,-8461.067368757766,7030.883027255372,5402.71454535497,-14106.75396153052,-18625.89427450631,-14005.312759601089,-1825.174589749165,-926.2536246779996,-7141.061645308252,-4037.451233131735,-1791.8601259650889,50.95426896235688
-19655.941120243522,-4174.21940083357,-14511.509454358324,-7304.254225820003,7036.831480763759,7161.336222144715,-8022.19126835506,-14406.574211597232,-9432.095511284724,2908.1014554264016,3852.530374689351,-3527.8443116729986,-4057.571863948726,-1559.3574975213446,281.1758342341208
-18512.751367458797,-5635.86113596214,-18782.682521228984,-10250.6480413092,7663.231003587299,8976.164949929584,-4974.949623164,-12069.254360056217,-6505.936748778469,6907.623334366178,8034.418499050739,8.238931387293604,-4352.623223538958,-1939.5376380193227,276.8201816325224
-11787.955843014954,-7789.187008648376,-21272.185901545752,-13351.183528462,7971.743196193569,10810.329828892305,-3092.8652623527887,-11001.303755323184,-5361.299407479929,8848.383392130396,10116.101568319025,2121.3883640811573,-4456.107564662462,-2311.24028982039,55.00500570357502
-5136.581622322752,-10091.809907192132,-21315.235195032743,-15386.57164126971,6805.361920498057,11399.188739648262,-1054.6667939758706,-9346.17448323707,-4368.998137354023,10033.100976848089,11342.932228333435,3357.7042635297967,-4797.998562762679,-2764.2291609387385,-261.64729417111715
-4765.719894763257,-10681.637097805731,-18777.023654873465,-14389.823905864865,6048.119533028271,11791.311730339798,1261.9333236695397,-7557.290842246096,-3521.757094355858,10819.874464058194,12401.49379014021,4836.533245382186,-5092.376957229564,-3384.1726856256682,-559.316715486138
-7843.8884517532,-9580.460196753374,-14202.595886663816,-9757.867989149287,6498.6320971066825,12257.588242772246,4271.742859114416,-6315.253080078513,-3915.7056992593707,10153.752819982014,12611.457318933202,5894.598779153828,-4871.153916042708,-3755.5797808969364,-726.6808945093615
-9924.18262461259,-5083.618293206733,-7705.862847707378,-2519.5912735411885,9874.176756547196,13843.588763783502,7093.5915811749965,-6314.136104146128,-6098.87677909222,7110.232778681221,11402.866257200563,5449.984830115303,-4680.512916377137,-3648.9326557406985,-736.3874764778375
-12142.275580193178,3754.930238711251,-4176.683288927172,1170.9462818176685,15109.96429004917,17413.361374890494,7975.222385440171,-8679.15771310036,-9715.021859737717,2098.414560095906,9067.358444551372,4047.6588962203205,-4992.178150639753,-3385.656301680704,-673.3629289441546
-15962.383227807588,7922.883427019752,-11121.061389010858,-5249.7009914803475,15649.894554873516,19760.82786085019,6369.063484709587,-12378.645041315382,-13199.192487356693,-2740.784726176401,6869.268048368193,3354.519637450537,-5004.37763731055,-3302.3730084571157,-651.41032868751
-17365.185204272344,1070.0069153512911,-22473.089092540824,-15662.601227734223,10827.519968339337,19230.7511394274,4819.336036309999,-14632.070302592594,-15160.336988282768,-5281.6507807752105,6300.381287129183,4396.60037435035,-3590.640668211291,-3286.0654322623577,-713.0379670136817
-11865.244848193322,-7459.375633470922,-28789.325800332244,-22322.50553183944,6038.451141373104,18515.816997690996,5244.176105453813,-15050.624637478284,-16152.391494676272,-5808.20619474031,7641.417381623271,6738.687866742683,-994.6265992450408,-3107.2724256731244,-836.1721718907752
-2326.7884413028787,-12790.127153732083,-29691.342047584014,-26329.376949288002,160.32430716138708,16810.11952703662,5514.301799508735,-15195.052381055177,-17275.806136983072,-6232.740621992261,9762.669161513479,9361.864622444979,1499.1835617314448,-2937.367673946473,-1038.5929416932481
5613.67205024682,-11428.133752588035,-24270.430472721015,-25728.41021748654,-6853.449136308597,12265.23770387625,4853.990126752836,-14621.922952358736,-18443.609160115484,-7530.855027274141,11370.950550552141,11557.288430321982,3291.787661606912,-2904.80426500967,-1315.194798522121
10316.754285017896,-7973.012733069277,-16724.6022950867,-19541.282394708534,-8511.533986073642,9367.646293186548,6560.105468386015,-12310.969086170091,-19896.420852490653,-9904.58781001864,11802.285909799522,12996.959694218614,4409.825162291954,-2871.2723256018735,-1578.6622156712115
8148.866763454403,-7112.519423168576,-11666.415641102423,-12105.155758456696,-667.8498956553499,14539.300355621172,13621.526715860837,-9232.445740791736,-23368.28910839927,-14402.225390057181,10789.729095566327,14148.952814843646,4964.027341694207,-3219.265732085585,-1929.597037327001
-3915.389958732506,3428.225016601041,-14014.756558922998,-12536.055420953464,14283.757433724675,31172.844258888563,26990.494211579564,-6940.962093239661,-30378.16357254784,-22082.385515657137,7891.338963699072,15825.221982428222,5823.898940200312,-4170.098093852654,-2600.4050977565853
-13918.311358807878,16443.644979403856,-38654.23473874742,-34849.11409398765,19266.46960565551,49947.06073306965,40236.88615839456,-7101.976697215195,-38477.69254560756,-30363.31164876923,3254.0822219445695,17351.7254288044,7812.071413305105,-4291.868511038181,-3294.5615260568275
-5808.994777790451,-2372.5862901795253,-70070.78385588531,-61990.57754998521,2432.3295921881245,49478.65807462097,40851.92946700375,-8091.04754150282,-39823.21045841904,-32381.07398582629,-418.79797961806077,17035.16493263461,9841.199964236983,-2107.374100750052,-3195.9301681408424
14229.342705970437,-19706.759850145067,-61606.974494609,-55628.24431165324,-11030.850709361428,32964.88094631072,30899.71187464486,-5179.800124576035,-31196.85996305849,-25882.65285706384,-429.5236776200021,14894.406805840832,10061.99559897865,1167.7350205077441,-2116.736141116456
27295.626674876723,-11587.867282845169,-32110.095847887835,-32186.8875301422,-10779.232384594148,19026.507374950288,21248.37693062733,-964.7369947492732,-20719.966130424382,-17885.717461605254,871.4708616959975,12406.676188300067,8615.96268293141,3116.0384492470553,-913.3195533834843
29642.995155728102,-557.252108261056,-11321.305985925133,-15127.822157468998,-8755.78948806553,9301.5941066874,13234.813493437205,-783.1243756874093,-15269.57100565543,-14030.89092184519,-377.80981154083827,10136.080963437531,7161.208910201084,3356.1713703620258,-314.77453279780775
30279.47339069058,4208.911342412035,-4144.1952399237925,-7781.749197173186,-6025.533494912218,4679.029447414273,8100.4353663803195,-2263.769737364714,-13628.41810293743,-13324.422529243242,-3638.57202727269,8211.668524374905,6711.808917973252,3204.4688370239533,-153.53758878545972
34269.82267510562,-1670.2974444829504,-9099.51241690168,-10958.520913015089,-5487.85138716831,6030.073828463426,8165.766112453134,-1775.6347854063451,-13545.354423263148,-14199.994870312894,-6998.454972458938,7098.397220957876,7335.380888328896,3537.9110739336707,25.14400621543598
38816.49666174805,-12407.635268628635,-20699.66874103104,-21340.453498539922,-9511.16616403126,10731.37117921515,12713.460669517444,1352.7086483890687,-13843.754194344236,-15972.59449777517,-10265.004679531361,6138.617690595337,8411.79037500406,4135.398012004867,293.437254329743
37137.8979253592,-15851.597036230281,-32884.37904534911,-33087.21442980889,-15192.45529643858,16007.836745528233,19543.839241690195,6553.64650299509,-13554.650597895828,-17672.19066874942,-12842.891879087054,4336.0376384079245,8760.173465453798,4289.683043892636,446.33432543077436
25685.883519974002,-3117.51634944955,-37371.59875539857,-38684.91166876042,-15501.96926030452,20233.21307681029,25031.298560918152,11959.968403139394,-12498.409729988767,-19062.620908633457,-13993.449823147876,2507.5277031802716,7972.089882526587,3724.317913595451,414.1003488109099
10783.298073732354,18639.816871295207,-27916.96159631009,-33565.24092742676,-9233.03610550731,22573.008320269786,27039.802023530934,16016.531176380013,-10427.539981948881,-19934.780760305286,-14211.203160971643,1738.7181727145016,7059.9301753392165,2963.306920280138,350.4586298227208
3317.0188458536395,29701.668077529666,-10703.783157332833,-20797.563611005182,-3580.915256426379,20537.45334759976,25888.165396212178,18318.78705491863,-7140.091863575993,-19428.326841272705,-13903.907232455518,1499.5336226538336,6789.023503758374,2629.8610793844073,386.3298946162864
6725.100155486404,19874.359532333172,-2476.0508503934857,-12091.626913533693,-5332.687109110063,14233.555329774643,23471.469151163263,19109.16078689033,-3354.7818159368135,-17234.913616787086,-12905.28320138692,943.9236544865232,6767.252785002549,2755.367484577343,501.5351562915445
15670.168511582113,37.5489738897006,-9732.174814352746,-14973.076633617826,-13411.747509580156,8135.487222651645,22094.314074542664,19094.61409938673,-409.1675971223799,-14490.263555565009,-11744.467174376703,-275.1112940431946,6540.881280713568,3144.38560929957,669.5786589817851
22466.42833166696,-13142.79617046258,-22764.93027458198,-24494.637317865756,-21976.79148698469,4809.38684958858,22234.894066189434,18847.593890951317,510.0768893068327,-13229.998056913522,-11743.557220671237,-2737.674753462211,5853.880090129195,3762.3630554290967,921.0346535652727
19826.801808953773,-14685.31097996007,-33478.2852204731,-34608.96232502994,-28949.822928571117,2933.38741351057,23059.60791588913,18851.039523080577,-531.057510451912,-14747.63397063755,-13657.168341922556,-6662.329036248285,4215.183307147179,4362.749425048852,1202.0444125077115
6085.313661387323,-4229.14313376332,-39858.56139496064,-43986.2056603027,-33493.24197943564,2871.5336709617104,24379.646438761694,19816.29289567572,-1549.3073295101942,-18317.032124202906,-17100.422288711663,-10999.625929027356,1853.8559054212265,4629.940501748744,1419.4392752031988
-8724.317338630884,19400.457031494043,-31709.67412294363,-44237.137249542924,-29751.76311573569,5987.32136349029,25159.762613684496,21621.24303171853,-47.042058355919394,-21567.17034647893,-21166.09422557831,-14486.683950044086,39.841234948851366,4869.391034918905,1648.5733080531427
-12727.871500610963,36174.15606712376,-7716.52466621457,-27524.115330772976,-17587.909966737483,7341.4845295204605,23184.6974903158,23519.567130466137,5180.55333172225,-21607.822085903113,-24511.151748046388,-16541.127493172105,-417.86828106125677,5549.243905729823,1997.3596390342873
-5259.767981261952,21273.892021829764,1571.534875387502,-13119.965637910658,-13787.871660664154,779.9146261857566,21003.613698754307,26938.25135305698,14164.641653837924,-16145.004538178375,-25229.62592655655,-16826.491363169982,268.67319624257146,6542.18681675266,2384.238462006127
6537.831293937147,-7432.322441940605,-24468.933130277786,-28209.55687536834,-29133.649883030354,-6178.332782491936,25999.10291334127,33787.82136890622,25219.52027864549,-5701.436429919065,-22333.70127192545,-15632.783877372618,1159.2501530345523,7434.275938843992,2724.392569779101
12705.572048817201,1235.4896824456473,-45577.46147890688,-53254.996807358984,-43423.44014854012,-1931.1324459093892,36463.82655701629,40200.50292725842,33106.55611419261,4270.113880203139,-17821.98754943964,-14518.33801200397,431.7687702102769,7534.3341229087055,3032.078903087501
2295.8522286306443,33870.08239731654,-30155.570289792387,-53102.955721577135,-40409.91811387159,5158.193056191774,40436.93703542644,40666.929089455676,33262.90070784279,6974.396989358773,-15666.263450367374,-14889.279876853456,-3222.7428277553836,5595.363849748432,3079.583068583066
-23395.809937590235,42390.15130312782,-9716.003813803536,-39833.73205107248,-33324.37191969892,3201.07155817776,35360.47356954887,37197.2612609082,28809.411343540167,2797.4430581096167,-17269.757003810966,-16106.530119932037,-8095.911738998244,1408.2608999909212,2448.494539208796
-46025.05218308705,35054.857116930594,3108.6382682280937,-27022.919433777806,-26847.093135551728,-561.2196554248216,28627.995293548964,33415.44671129886,25735.915422012204,-96.81469241846551,-19162.127861880384,-16471.08696362704,-10775.624983842055,-2664.1895214013907,1318.8203601510825
-52411.06510819234,19670.86477276548,4967.298480403129,-15233.130074460269,-17479.174405799662,-847.5750629486819,21535.079154037994,27184.872926050703,23390.953205424463,3447.4364375715672,-16526.441349229983,-15181.998668068692,-10305.810971814868,-4113.108401536606,535.6075903570961
-46661.16113766707,14457.762544389218,-5679.078064583008,-15131.717147691474,-14206.159350818776,-3631.47298043731,12454.812859281128,17719.53868068546,17763.718479764317,9080.935253567368,-8499.488791735312,-12055.166087626116,-8326.730443147084,-3212.929256606537,523.2096323286205
-36136.721268791516,17439.905821645385,-8039.457148077177,-18365.111414602135,-16246.757026648356,-7693.726799347347,5531.646567764292,10084.5264297787,10291.437606741545,10187.422439457458,402.0876575114484,-7314.399950681348,-6118.665469578679,-1822.948052095242,852.5209073182402
-23946.91988586998,10102.817360310879,-4210.8695682844345,-13716.642630677283,-14244.341781842033,-7800.9267375287845,3443.5970102128767,7373.418184800492,5738.809192465789,6890.617880414264,4747.404454120568,-2707.4790134871632,-4047.767895567,-1042.4235927607144,954.4993716928026
-14687.085938152068,2323.4817790005422,-3606.454800025069,-8731.790395384596,-10637.980273074183,-6564.2361312883495,3030.892233457706,7424.643212030959,5297.959618682875,4005.8435494958185,3770.1812943352697,-794.129509818515,-2747.0649223901146,-995.9423065801291,677.931251682046
-14114.655023927717,2219.160678388206,-2183.160673306694,-8355.00805808615,-11033.090852057108,-7888.374473969981,2073.5159072897327,8442.751305438835,7312.906882637982,4372.657794615251,1297.972644009015,-2226.222604157074,-3000.89910921409,-1553.1368072042417,187.8110593092739
-21395.54596008971,9645.34020279943,1401.3619796352707,-10926.775028748567,-14916.26283019828,-11072.788948631794,1449.7781404824377,10687.700350969593,10514.124129631064,7262.1906009929035,1103.2452334497257,-4633.454978606039,-4553.967723470115,-2475.778464383292,-296.64052159295613
-26895.95101555554,21481.489988393667,2078.5006042125437,-15825.057219180173,-19337.52516774814,-13946.850721846617,1386.162923635575,13370.641702938385,13685.294032739275,10241.07138293475,3318.6991327514315,-4840.59493113799,-5699.36592760279,-3187.1054492316625,-595.0318361459466
-21119.925923065963,25280.94187083045,-3940.091045252968,-20514.736531041082,-21078.68682791841,-15209.531721408892,327.19732261365937,13989.196465103407,15087.176972261193,11110.506231039779,4844.414142356364,-2477.562681551222,-4717.261925297409,-2964.052220928184,-603.0409498790752
-6961.025047773944,13764.634006752436,-11408.321047982698,-20115.251098853936,-18555.754227674795,-14810.103805262,-2853.7612134961237,11103.454527527683,14078.550626158589,9696.25715114039,3245.1157736202113,-731.3974073429629,-2154.1608989569877,-1758.7412759467263,-394.98230144811976
1199.3949503916926,1558.3339735225986,-11261.73235954859,-15626.245319055446,-15278.712404975744,-14588.219167795172,-7387.353748338206,6299.906361306679,12195.995006056934,8247.38598587908,212.01807665167928,-2160.6775709464378,-755.9885654972763,-628.6969334951158,-237.26145883506587
-4098.127615397697,4762.233866147758,-4564.736076926866,-13989.06375120946,-16211.249174504273,-16380.600612554597,-11222.0927244982,2689.313473004686,11383.63431330191,8907.217286631869,-139.23768127574905,-4644.006527924402,-2019.8087536422759,-720.5928210797822,-358.04846995671875
-11389.350122706985,17194.59752670127,851.7360026058791,-17004.353739902883,-20573.437028107775,-19077.8733208918,-12622.581654870768,1829.3428454741684,11746.643503653402,10994.448202450047,3288.996084619402,-4069.0976519605315,-3859.8373608203174,-1737.6958504177696,-660.9319489201338
-5994.559797329163,24805.25590641817,967.0108593920825,-20994.07511335294,-23999.821886887985,-20462.84849246905,-12184.161022928845,2255.089343043322,11998.723535074838,12330.329719551748,7046.388869826263,-745.0333667449313,-3642.113554082929,-2140.272209290274,-768.6898410233022
6212.255715777336,18953.925394898717,-5936.965429183636,-23201.805833221082,-23863.665672277537,-20240.519089416273,-12722.082994784101,1143.0047890482501,11790.25747223175,13079.586567949726,8495.673925890898,665.2336734296562,-2822.4020517029167,-1493.7010631028495,-531.2845714519171
5922.301018209481,4311.087386658575,-10596.728442772828,-20812.27951985562,-21867.885789800235,-20719.046972600157,-16337.052384832752,-2601.7677308519264,12121.268952813383,15728.048157358475,9899.737247724173,-1102.309507343709,-4949.099000802615,-1658.3946841879276,-409.5362402285974
-7755.931467954835,10323.21877289881,-1362.8228341747786,-20002.646992725284,-25934.127891788405,-25886.374743419947,-22978.873505096897,-8103.239441428308,12505.29199533209,20093.953624540653,13792.229651803053,-1450.1522327391058,-8862.023816708945,-3920.00652608993,-920.2665167672553
-14835.170097984661,33441.350666268096,2451.5820469441474,-29697.596976488363,-35003.16072744631,-32116.842300732977,-28474.360887241844,-13590.079508307901,10030.327723575032,21583.7081450401,17397.2680242957,2079.921645922529,-9446.556454434589,-6206.134391471302,-1741.81498920869
-7282.511303130886,27158.603206628482,-10291.335171756686,-34391.12005050049,-32971.85271465437,-28383.937879740188,-25669.721133567564,-15746.153561651405,3885.8354933547503,17120.68320041661,16525.674506886895,5725.01044843486,-5798.477594386843,-5937.679674219051,-2047.9281029643996
2188.6567461769782,2556.797301341297,-15298.835274957117,-22405.506454045528,-19207.718228006728,-16512.409174890257,-15809.284939794465,-13376.323964989111,-2584.172170412186,9784.602339447278,12324.534229204814,6370.627908232101,-2140.836625477442,-4061.0027466842353,-1744.8441633792213
5591.828861164008,-6578.139291561199,-8067.985841445754,-7963.982462365893,-7711.629048282651,-7198.034243245984,-7275.125161122765,-10120.615557199884,-7131.5836231324265,4186.484942094856,9220.373323979007,5958.111585674501,-627.7659725911685,-3053.906401491961,-1527.3079860734315
7759.830148320121,-620.2793111926845,1292.0124080182195,58.358513520353114,-3165.6820317217607,-3389.303337180697,-2272.094454900563,-7193.857216362804,-10197.90814179343,529.0116264210013,8358.556542858072,6739.09056867369,353.8539327621186,-3051.5232577503757,-1707.9983785133363
11226.28528751584,6864.594750905763,5831.582880799338,719.8471232541843,-5119.779453710967,-5157.939703380583,-553.3981410975985,-2641.6744719059193,-10703.32782661565,-3063.8425805616516,7347.591238568555,7807.202670516615,1814.5537372727545,-2752.355494878526,-1910.704579523746
12597.155255604861,5842.568016610497,4559.509206900387,-1344.357258810098,-8635.286524477142,-9723.577867332582,-2913.743846161994,1648.3471197426206,-7442.453408102258,-6098.167192106546,4758.128975188875,7627.162089270014,3074.889856165238,-1804.5113931230119,-1806.9931402782015
10556.286981430094,3313.70081829547,5039.41815424119,565.5482839737152,-8252.573808127698,-12010.415171822853,-6511.455240486682,3038.9942878343236,-2445.2431869451666,-7064.260924573122,1623.9832695733598,6358.24116106294,3732.656869505883,-632.7319328602815,-1442.4822072845886
7815.530948653105,3625.0262541385655,8304.168754580885,5120.189122640657,-5486.801186571498,-11908.44999850756,-8827.238061722404,2405.9901761334168,1773.4872366231361,-6154.145780276249,-714.7667085508473,5064.464635525531,4148.64889534259,472.55663738705675,-996.0903245965308
6570.292635700914,5350.885489693223,11673.041095682831,9313.37781694145,-2831.224047116828,-11420.312373667204,-10374.623790925383,974.3266178807389,4674.820205043412,-4526.47701558934,-2258.0815128384525,4169.292524797795,4590.760375233682,1398.9964141437297,-596.134406738653
5448.288743495316,7700.016538459297,14833.765014083572,13193.740536466757,-53.68737575697966,-10555.979016464269,-11347.147179535723,-849.046969721916,6482.940611701389,-2760.113336317921,-3800.3299977402644,3077.659250666951,4772.383557288653,2004.4747581854979,-299.9937443028001
1807.8448650262517,8496.662238202154,17496.569163150507,17333.998679222994,3317.733373245002,-9130.986813850062,-11416.46364855038,-2208.3939886958883,7690.350323249916,-642.3170731391515,-5559.434590613786,1050.6364978922709,4209.272466822013,2183.4325538763455,-97.80331394108809
-3813.3863555576186,6212.9621168242675,19016.64167472566,21572.903890980335,6878.454947943582,-8007.408454867611,-11494.245482441313,-2905.788878355062,9008.547554820083,2413.9733915908955,-6642.265182158348,-1678.094980434225,2910.558185210697,2058.660918819046,77.16541205784353
-8004.967437245674,3150.4220247587023,19875.1243735295,25453.388012568663,10028.303760249833,-7902.29192482694,-12850.983398662158,-4131.955772207639,10220.144725640725,6458.043443411045,-6053.666904502366,-3998.5833938185956,1518.3525377802825,1942.9733161291942,289.7905309807074
-9835.94671685347,2223.718166611157,21401.910874915477,29223.126449239408,13074.061567684876,-8230.338439722353,-15295.96516023454,-6575.448369500347,10476.785844297632,10621.092140693474,-4064.5259956996615,-5446.637708894655,417.3726535087476,1936.8394255517076,514.9289322520306
-12063.190987980906,1170.2993162251937,23383.705882610655,33764.39814800209,17195.224738966266,-7811.167133804225,-17776.75566311369,-9588.665219363476,9909.85752650627,14564.93934865574,-1382.9059024817363,-6748.599500001566,-1035.626477301687,1633.2702359530172,633.1818967883037
-15367.197742073336,-3994.1133227351147,23920.74172213598,38932.809082205655,22582.959462831976,-6674.785419095488,-20406.351194019408,-13152.39313406913,8723.07437454918,18842.514212301074,2816.674585427953,-7774.947259686557,-3431.814168555452,616.5414180498719,583.7789154663726
-17041.12464223792,-10319.268719593469,23455.354281932727,43789.48983449825,28022.45642393602,-5752.257083505899,-23961.42647985465,-18205.12341123702,5668.019659963451,22490.039749671407,9368.359704614899,-6684.992979243358,-5778.349170210187,-773.4492036938032,474.6144694357815
-16964.292114254367,-13286.731399501836,24797.27210213813,49168.43262350272,33766.18233372685,-4384.519038622258,-27608.91751864117,-24288.5706359291,191.67212503482878,23471.88463468008,16576.012635985866,-2884.4604714395323,-6814.301838849804,-1967.3377712451916,362.8807440768926
-17558.31270802669,-16756.282731469702,27092.809889154498,56668.74116078843,42147.73247070953,-486.00820725596634,-29747.029866529294,-30105.981077748325,-6576.015490212642,21806.467405064308,22889.782839484167,2475.1162895851585,-6834.3158898744705,-3289.8007333856835,7.575654930453311
-18789.889143063865,-23784.66464824936,27091.050919032794,65132.24554311124,53448.40292412516,6338.820724124488,-30356.54962724137,-35970.613913638306,-14839.054375628155,17520.79975807032,28374.837292300283,9851.476624148043,-5518.893956927721,-4987.102357059843,-770.3360512804383
-20021.94918110607,-33973.96972309259,23054.205563625917,70924.00309360147,64622.35324159023,14889.764233586764,-29440.898108311867,-41823.999261660225,-25273.94264077905,8493.04824772685,30453.802658834094,19327.657334818414,-722.0148141713546,-5573.205827012014,-1551.7687102418786
-22417.05281116113,-52367.15490828049,9054.983694481529,67220.1757000712,71137.20442561593,24649.496559384497,-24830.765971796103,-44693.29595595592,-35184.88695897485,-4932.224065199491,25061.071072653398,26553.158864818863,7477.031677138338,-3305.030180436631,-1635.435039528133
-26129.57578845333,-65532.61523368968,-13655.047460346093,47426.27515640932,66294.36488350778,33406.72243478501,-14951.927799258772,-41432.26737900721,-40297.77881128076,-18051.226305236774,12850.408591834406,26584.905836427337,15098.361531024726,1349.8280777838856,-783.6649944858173
-29428.93750893888,-49341.54670806328,-23461.530213989572,20681.372574370936,46996.7939170584,35357.21680989422,-2490.402531204005,-32217.413450462896,-38966.52643530155,-26316.908248757587,-996.2306880638273,19212.077204899404,18044.544094652887,6039.196171196548,620.3682004470477
-30872.766368350345,-22507.21050886161,-12457.4870915757,6919.864913813503,23258.458495646333,27675.894806001696,7258.736904053934,-20297.487349467745,-32756.533440790867,-28483.530836390742,-11441.616165638668,8493.188908661907,15382.658647477194,8466.945452249387,1888.7147736476452
-30703.49484819658,-15671.888442914145,-2512.7320468809203,8717.67409063006,9602.583153429872,15871.62980872664,11366.267523404817,-9498.274891221443,-24748.867146353696,-26319.700651065625,-16605.461692413428,-838.5429158499458,9506.60720872729,7998.040797542014,2485.0965472596667
-30338.186491525947,-21261.441210771893,-6792.190734762979,11540.295207554476,8528.05391841763,7915.619167227153,11279.400088679482,-1855.3078578644097,-17555.691573350436,-22698.6457855236,-17855.683579071356,-6608.946450338094,3699.4967900948695,5811.476419652148,2383.2331532437047
-31044.747772526895,-22189.93873254421,-16730.827876716816,6918.165991871674,12132.630834258705,6520.057891553059,10276.58197620755,2935.7657672942764,-12119.087730226684,-19571.743801276814,-17604.28842967208,-9508.19991659567,-421.715326512903,3439.77892698591,1928.0523291326526
-33416.3864311186,-17576.32118799334,-23256.732264684084,-2775.4044008320748,13606.369135122717,9476.905238632731,10522.741404236423,6264.876350565009,-8017.523788029013,-17412.58620463684,-17393.415887204123,-11120.942963559697,-3041.890938383306,1599.6329525356414,1438.7989827597116
-37690.04485270379,-12395.786435921958,-25262.81170156278,-13240.988917992103,10869.919159436411,13659.009768958833,12630.716490095056,9386.86510866683,-4409.392468568397,-15863.493472941127,-17680.459067350894,-12532.58111106306,-4934.326529342053,264.847503156312,1042.3962885144538
-44085.903537779704,-8497.003147306667,-24719.172479814053,-22415.56761176415,4249.35782532844,16719.86734672526,16399.189002886258,13179.515177882979,-531.5331586668805,-14365.99934848493,-18370.084709872033,-14193.032873566894,-6710.279146435375,-851.8318627105336,727.4612444724985
-52864.87670921698,-4840.334507033971,-22943.922823409186,-29883.513422958575,-5369.528069874436,16976.01288176767,21097.976229818043,18273.311711450813,4310.11698513292,-12357.548385205742,-19185.655021350445,-16191.403537003778,-8690.53808788564,-2018.8305216239773,426.7762347319683
-64163.14529195699,490.63035076074937,-19804.62065105108,-35641.82593946573,-17110.444377601903,13197.414311873104,25396.208536754428,24965.569051658687,10847.964910623885,-9217.265520034936,-19767.93728764206,-18446.108595441307,-10979.785246338455,-3399.4211281923835,66.7125316582834
-77596.34316262744,9096.641440975338,-14130.8679588357,-39213.51211365056,-30043.425325656823,4565.838604464463,27357.687402755677,32924.97556517263,19797.13243785997,-4180.154186447016,-19638.396031035536,-20763.090792353694,-13541.727563337374,-5045.007907319625,-406.67764768007714
-91633.88312890573,21853.31307626742,-4496.909718782278,-39295.98693165473,-42703.54957828781,-9182.554714646029,24589.72056350562,40866.463587070415,31569.214204041848,3638.579526891813,-18142.07933856264,-22820.56728548712,-16235.895047701375,-6910.303707281659,-1012.8357148049953
-103039.04505221666,38667.35272930102,9926.51648806425,-33984.33357430394,-52559.87827404368,-27323.406139835908,14648.212585878233,46387.65841000137,45802.27767283848,15021.363803387605,-14446.937075052507,-24124.052789929658,-18814.162553561506,-8865.626276933965,-1728.4482025477755
-106873.62454504668,57872.35825470676,28554.38875846054,-21336.238247279358,-55920.99732400666,-47621.80386102345,-4149.708037959557,46207.73965682593,60851.011356560535,30189.090362500112,-7669.825843983033,-23970.464409028405,-20888.77246766319,-10702.418594890827,-2487.3655232792007
-97712.27938623242,75286.61691840843,49052.639260629534,48.263165785042105,-48741.75624253274,-66227.92754102645,-31474.0033286455,37094.900176503295,73498.60076454644,48124.3923528996,2760.3148677406125,-21518.14674054315,-21925.097528042057,-12148.754136702068,-3191.9721263448437
-72737.38762469335,84795.38874447602,68821.39057472775,30459.48589411429,-28847.666207178972,-78625.3600957283,-63679.58183148664,17658.94821440658,79419.05292523415,65978.05278068151,16482.112484989517,-16073.973762381058,-21328.19644386332,-12910.076246480505,-3734.3163766871576
-35490.752479221424,84872.74199520548,88497.58949923576,67629.62983689613,793.5282424629422,-81668.70087929461,-93601.98029657427,-9676.000056119781,74836.4063446791,79256.26576371513,31640.5765277639,-7556.840569738084,-18633.904174919666,-12732.34001890442,-4024.162470374344
3399.0873066793906,86864.95546891149,110981.80586786848,103385.19876007202,30565.94314136696,-75201.01559067807,-112542.9848662941,-38262.27159502417,58833.45299931753,83300.47900939056,44939.226981472595,3095.527121590192,-13753.504646699088,-11480.66063625021,-4020.227325244804
31179.923885196324,101376.48350574152,129876.40603644893,122541.99584746097,48537.873878731945,-61401.401398980146,-113998.5920683136,-59650.47379019089,34610.777717353565,75533.88270037965,52645.8600096096,13948.19215065362,-7105.008537922484,-9159.501201913272,-3726.126698185468
40540.933034493115,109403.74212739196,125153.25907986998,112264.86934793346,49225.996990725354,-42768.10684688034,-96744.96124697076,-67349.3679250224,8550.029085334414,56847.46301177281,51872.79854452635,22445.52060698597,401.7526665330739,-5839.078786515092,-3122.4052945371573
32836.938612006044,82677.10175888769,87634.48527423377,76736.72283912961,37161.519342287014,-22605.16134355532,-66085.68084064576,-59194.96336014084,-11487.646065023719,32026.783040755265,41612.20986829319,25627.39572479283,7034.345117780669,-1872.912958309791,-2178.245351055073
17017.95139360359,34933.039550381254,39130.35814643317,36789.690047185366,21474.4673124845,-6488.618645566252,-33340.31951153224,-39263.48087636131,-19030.739283761435,9657.733031845426,24839.71154141997,21563.54697248668,10211.025221857319,1576.6090304153106,-1063.78812096892
4829.51367163293,3093.3551312943373,7969.1519494521835,10921.223948513276,9362.825142708596,1541.2628029777663,-10018.773630602846,-17607.766841834597,-14385.043745983603,-2304.624201877119,9067.209234283944,12417.709678118412,8583.687320391822,3002.2514562041847,-221.42490158582376
1800.2292516670843,-4487.917614873574,-1244.9153909381446,1679.406578381967,3469.964894126584,3225.2399522672554,562.5538948064055,-3170.4307844077834,-5092.340648192317,-3323.258663166907,793.2579964307645,3943.1087573667446,4152.025538478702,2149.300264859473,14.723861928308338
4773.832474037176,-2674.1611217352643,-473.03024769740307,1350.332048429034,2507.326246677524,3119.0806450479813,3242.2400720777077,2780.8333266614272,1771.3527592952403,659.3959928621214,69.8023181136769,186.51939884213314,516.6549788556351,407.8001805855975,-226.58281096724153
8751.766306325026,-1732.9146877425658,916.3497732784872,2917.2564790523406,3712.0848190776373,3724.79461433349,3747.3102425541574,4222.247387800462,4735.781954425257,4351.520549013004,2724.870634032371,703.0438808131721,-524.7740671534245,-699.6881649430436,-541.0352703778722
11847.715597223525,-3039.7764561110166,274.49086274569214,3367.291956393318,4883.83006544559,4928.561390352222,4507.0338128262465,4694.81465186461,5670.127362154749,6362.062710275162,5456.413971045021,2969.5146856042593,434.5143450338829,-731.8899377516966,-656.111840595809
14612.583646052046,-5019.6990298444525,-1964.2172039951683,2144.235168031674,4941.493541494054,5819.221943817798,5548.352681451422,5448.882716078132,6287.207192242089,7451.65352915517,7381.430122027116,5247.152796307179,2106.1187191996605,-82.34967257382539,-555.5495441416624
18133.562207320665,-6253.194264954254,-4685.987170691202,-322.17002781728695,3685.5770686402075,5840.297630483761,6377.530047786968,6505.789510808292,7269.749987152122,8517.276921200852,8867.517831048874,7096.984941409046,3716.799760333074,754.1614521490391,-346.0421842726158
23123.73120741576,-6544.4161692706175,-7226.315578325574,-3466.526216073937,1355.7326867198599,4940.801532055394,6812.878888330692,7783.261686587757,8847.0891029297,10098.170185076,10451.951707980059,8692.239803692817,5057.524576086341,1503.174943123214,-126.37708326435317
29276.669243288852,-6873.055390576333,-9848.187221896198,-7118.372647549913,-1746.726505668093,3419.631182331937,7131.905712411378,9563.657388118425,11356.421108984734,12612.050211028694,12550.41167321376,10277.373692369903,6127.772552914131,2047.9722431912833,42.38235621844308
34200.24587687405,-8612.380221370684,-13406.216364284346,-11436.938996728002,-5240.476066690791,1984.536288527359,8187.43940961984,12692.816859334043,15523.872855781308,16610.662485450033,15521.261567114801,12002.526506033764,6894.869156671964,2285.812531943301,108.71588114662674
33183.85744814435,-12432.753283580001,-18261.50418863002,-16033.531827909237,-7985.101674153986,2269.0715691907894,11767.263157790414,18799.115493416124,22599.992279130936,22886.92566087484,19742.4701052458,13931.592607284281,7232.182345875956,2052.693286264213,-1.487637234429883
24693.011042763457,-16790.192483034287,-22577.87707338865,-18379.18465724217,-6808.284161734491,7706.2668791959595,21074.497084292525,30453.117773896425,34327.89888078248,32396.915093557058,25584.918573929754,16080.378494519475,6975.145850869465,1148.6312498420075,-389.4176842581736
28352.439047955806,-16915.616060364337,-20935.1337594181,-12445.713659377041,4459.4691639771145,23941.80263343143,40638.51038287248,50758.87055408646,52441.82230113639,45858.320261222354,33215.12637538317,18423.800568926028,6050.028613318532,-533.2795508443105,-1136.76137332408
108690.00344971665,-8001.963838038719,-6226.512214286001,9778.412217765748,33302.02229187096,56855.3957969053,74217.2116361405,81432.02170977753,77168.61272109182,62785.334527169405,42130.48718550796,20808.540119039288,4610.40473913343,-2810.3520510775706,-2201.8354315501692
357257.44010174635,5385.22559039877,22583.77307382952,50926.50139399519,81366.37445466123,105978.08570525487,119260.6578501799,118628.0809352995,104459.30487232882,79907.45552915176,50415.572009474665,22708.35688562009,3057.0503894500566,-5071.558417799952,-3307.45259719983
766874.884390886,6346.706097762689,52601.16889271653,97559.74520244359,133368.7481034427,154837.75368130844,159643.05903853863,148188.20977870323,123311.3204587178,89880.20684161533,54181.50851067316,22939.865528078946,1842.0223218609867,-6380.079819078,-3937.3496276315645
1069760.001084211,-11278.558173134488,62924.84122534343,118764.39233531593,154150.7448137333,169139.09554960966,165596.11132700753,146871.41969172825,117481.62325356147,82763.08127823786,48413.461048794576,19829.20208069434,1165.7214987977154,-5891.129843948209,-3544.1918432286197
852707.2410254643,-20912.960579300183,43555.3953975589,86489.05948625694,110245.39951420276,117687.39794195286,112052.59098009701,96841.95879022493,75709.14411352272,52324.074574104794,30179.99852365432,12309.82974301426,877.6594322929258,-3384.118926994097,-1910.533071087712
56565.940821021366,-663.1598405517556,3587.661469801857,6292.10210606805,7696.903328092647,8048.563911126402,7592.605188919748,6571.9931879289325,5224.106442510579,3775.398939615411,2432.62861120144,1369.2030210815897,704.8355919642614,476.30819133276725,596.6995543825412
-781097.1783028635,21665.866014034968,-38013.998792510814,-77449.79390343656,-99081.27793188335,-105717.45940605376,-100436.53675142214,-86499.39284645795,-67259.78398882395,-46049.51979005243,-26012.72887275462,-9860.252695227484,485.8930869198295,4386.092073337711,3136.425639770455
-1075936.5275496105,14387.770555742542,-61325.2625370779,-117179.6498067374,-151843.80398630077,-165942.13084065897,-161720.79612422106,-142734.20654385758,-113549.03963531392,-79420.1675989647,-45863.5398589914,-18041.09092258615,110.55651879957145,7024.375068809588,4844.9444875130075
-814729.0346153391,-4568.65907953253,-54751.70404117661,-101602.74924389241,-137756.14238274298,-158570.5035788368,-162222.04193831797,-149512.13746011024,-123552.508860625,-89352.96283877689,-53216.0804475909,-21782.80880236148,-610.4650995078773,7672.121726512576,5299.924483604385
-398383.56569461734,-6120.9425751798335,-26071.248156007685,-56234.43369857278,-87444.37696453418,-111897.76092447496,-124331.40997106109,-122434.6054832401,-106853.68548738066,-80969.40398714223,-50386.414784293,-21910.201584776754,-1818.1582991505147,6467.836937687065,4662.138602842634
-126731.72509528279,6724.762220474017,3792.475560880525,-13375.920810454343,-37718.65799417045,-61578.95081469685,-78699.16873822131,-85183.21176237905,-79835.99862787533,-64209.77636423193,-42371.70028361866,-20123.16200642432,-3380.4567895555947,4188.387437118264,3452.552039155828
-31144.462315456465,16611.194837924504,20263.952728733824,11104.856207336099,-6508.169913832951,-26526.264514275463,-43432.780729900005,-53352.64543436769,-54433.47972227049,-46962.17414385266,-33351.91613128932,-17752.74487917591,-4911.848708311899,1757.5949574371534,2200.4882289782577
-22866.44908303644,17339.00349417755,23050.244136468827,18499.189535329384,6417.967474526211,-8618.891868484108,-22362.20892650254,-31834.333516636812,-35460.94251029231,-32992.20654912938,-25516.442864922978,-15439.294553016523,-6021.44913811983,-172.2848365427286,1218.5183217943452
-31681.774768617193,13159.41964489832,19056.56897911906,16709.570478740963,8368.908488074847,-2267.6409425431843,-12107.761343077667,-19312.19970670563,-23043.805820162772,-23043.003540411704,-19511.611629300318,-13374.184670807039,-6519.350827763126,-1358.99394542022,581.3620932517442
-33742.89425816269,9123.482592308335,14091.099220050755,12164.34905337586,5843.116981505382,-1616.8683188427724,-8056.869498059119,-12699.98937168809,-15520.462339315198,-16473.913330690953,-15213.03310858861,-11574.109087590412,-6435.335462224209,-1866.1587303872086,225.11207468479506
-29303.355897996033,7134.155106094169,10359.190810363149,7749.753985540896,2334.0187976745724,-2972.308753708086,-6822.182250093716,-9322.150918271089,-11105.910157752784,-12320.498139150714,-12244.384108472466,-10004.586970137569,-5908.38284930129,-1877.8914526320414,53.04970574985134
-23169.223691840583,6695.452108992675,7657.679799374359,4009.1196913343347,-856.9148345313591,-4540.336477668187,-6475.139709636004,-7444.721326227496,-8483.621758614054,-9755.290848595885,-10210.30178213091,-8591.591394916508,-5061.514589711488,-1560.9161470667423,-9.399806752278984
-18041.647116153006,6451.176789142272,5117.081404086112,782.7884948796111,-3311.1138769864874,-5543.29592484459,-6079.044920618826,-6143.855019209871,-6869.809369185952,-8194.660884893026,-8742.088857597391,-7187.234343015381,-3934.3970848284594,-1023.1092132875029,-12.075293806347474
-14411.383662094962,5319.677588392588,2367.7918241481366,-1816.7117525620345,-4729.7121892580535,-5644.6281559007675,-5298.55190305204,-5080.1894785395325,-5890.012889932267,-7210.234730638296,-7429.364800834345,-5551.332279352277,-2523.8184257903567,-373.4502050556321,-9.270436012979928
-11646.781723554615,3328.618239208315,-22.78515579116737,-3245.070352337832,-4844.480575871038,-4841.90153277928,-4260.337733712655,-4304.938724789888,-5321.0883525308445,-6288.022885102205,-5741.379901471186,-3482.416298818724,-997.7149008379238,139.92456665272027,-90.77319716159678
-8675.001243967494,1802.0795780150604,-924.4635544899423,-2998.7368723741374,-3764.834015831745,-3617.613964078255,-3436.7368260921485,-3847.2502853219835,-4565.046893556454,-4565.890353537461,-3248.45321179883,-1307.9051730766946,-50.97146016075865,43.63037447017905,-362.72609024709925
-4800.752002140912,2453.072837252429,300.3089598434095,-1438.3958263814015,-2437.244464091528,-2868.480338219529,-2936.4332280691997,-2668.401277609051,-2024.0653880011926,-1185.431024585704,-605.6140701441734,-599.6877029665965,-947.9330819519931,-1099.3171793604279,-828.1096444425175
-1520.7101239831834,4555.5428303730805,1548.2745552738086,-1209.4408725870933,-2957.846416153714,-2913.962746149299,-719.9990332672559,2516.433923400787,4300.094697537504,2859.966172783655,-824.0334012874088,-3895.201440198886,-4461.643704300142,-2978.0940370005073,-1241.6582906104059
-3594.233720955744,-1023.5518687929693,-5791.05572339179,-8959.900207886987,-8170.485347122053,-1665.5114437360214,8616.871384534119,15877.636472352038,13547.068077864016,2709.2259058728773,-8194.897191155249,-12067.669484173974,-9112.837592342388,-4159.9729728037355,-1192.748371490673
-14821.134259004097,-29757.70333606631,-34181.33746394277,-32818.26985558344,-19723.189191294063,5329.111442128359,30372.601984059987,37025.727675027534,19190.062127715268,-7872.900292766641,-23414.06619670092,-21568.846201969176,-11358.962706373819,-3138.5465455221574,-497.4043821857288
-30805.97609282645,-77243.2800541034,-81804.17876009336,-71892.48112977049,-35438.449168276726,20441.216495186833,62394.50492375081,57698.3882428311,13251.25592230438,-29372.239127558696,-40579.1748315428,-26536.134215768554,-8834.227724463852,55.62007457814093,557.6428049191795
-40061.098419111,-107945.81067432906,-122106.11043801568,-109117.66333864417,-48461.698907109065,40299.336114050275,93807.49290396234,67480.53587502986,-5623.241026653616,-54433.63489411703,-51907.76060789938,-24224.64167707624,-2542.8148461817345,3982.9917042571083,1518.600792256224
-32935.5068329777,-102985.78151055211,-130704.37143397788,-122904.18330292526,-49618.51194924366,59270.34047683626,112900.86700417436,61486.57663888049,-31485.770825319785,-74211.64713374969,-53824.51452212945,-16232.681912841805,4932.866885203335,7387.579095089189,2180.1778661086714
-7072.588476541544,-87666.57739254567,-113487.38187615343,-106754.37585802413,-33555.64407215479,73768.88877797294,113613.47982613662,41293.06672522526,-56421.052696366845,-83440.64062564257,-47012.459185529355,-5526.828621988117,11733.617237179564,9845.474271942541,2562.9651419250235
31191.199628183993,-84398.08611831172,-90803.54061514993,-72111.84738723122,-4609.503571810659,81234.95268563952,96425.06466977557,12999.498648644505,-73766.18135270229,-80792.09942513645,-34208.70283913464,5269.490942042865,16875.520766796053,11273.09388877791,2690.2107270313427
69375.44242345626,-84939.6877733229,-70898.43663144427,-34537.823357731155,25631.500521465263,79336.36746311086,67305.25482548313,-14990.263551091502,-79843.20954524288,-68467.07126262512,-19108.98334751,14119.91247909446,19874.53002303032,11648.251244647696,2552.4588201396277
96220.57290728705,-76702.69634516195,-51272.214071143186,-3124.404083448804,46947.04950031268,67885.81508600396,34884.91107406037,-35649.63417699524,-75101.5532603043,-50984.448157321334,-5128.860609950878,19949.604631148737,20752.123964970084,11079.391187038686,2178.7730512660705
107271.1113417936,-59928.451279991285,-30771.912941638668,19341.10667168301,55579.33477630873,49745.035887108315,6661.05714825053,-46038.68216245612,-63100.407419812174,-32952.47088332247,5691.0574014656195,22733.397752748253,19933.78239044801,9803.730627819068,1650.6362792046157
104754.39663494618,-40671.51745112266,-11786.861705110241,32956.31204718365,53258.07100754229,29388.514029454243,-13274.477810245082,-47191.7532425375,-48214.31975211241,-17443.947470739375,12841.084927230077,23119.568394525595,18008.640598550483,8112.320110158879,1072.917331998713
93976.08715419358,-23452.26449001625,3191.3243324707537,39030.61273567633,43951.10794498431,10816.158388984191,-24256.83273955895,-42230.71173884026,-33839.27260009083,-5669.077694084052,16821.7607953133,21955.89879072702,15528.234489639204,6284.676148516221,544.387554190316
80025.42837153855,-10190.992585269516,13365.548222255627,39473.52988317778,31457.984907471473,-3540.5404210352403,-27803.431446207214,-34493.563383058,-21800.48497090731,2484.515237530815,18506.73751795155,19974.137659175525,12904.928022792239,4542.715149398886,134.06831161611203
66360.49760424283,-1125.8466578672205,19434.80061843777,36227.04786532154,18456.305759048842,-12805.219470054968,-26320.186038136246,-26507.664598437997,-12585.862702259692,7761.306016482758,18746.01376676982,17697.58833403068,10408.355164050019,3029.2665016282785,-132.896449826067
54698.03783624463,4519.930570760509,22796.965971110265,30686.53028429469,6514.177548459055,-17154.043619516255,-22233.591754092424,-19685.71497072574,-5847.927661916438,11049.933967904657,18218.841526513792,15470.340619194661,8195.745601329987,1800.0760059773804,-276.614783811653
45530.967026317616,8270.47023926557,24694.70966247913,23422.07956926549,-3406.696189020274,-17353.87127162828,-17543.57598611024,-14455.121976953698,-888.1273418562962,13134.265852606979,17423.770400537178,13503.169627836114,6318.415222837843,812.0680914519085,-354.15227150087856
38766.582179518264,12042.128044738576,25419.249470160823,14458.882765274488,-10441.058591691288,-14586.429233113526,-13652.046236106733,-10575.454523895467,3030.3490631952113,14649.000591189168,16732.362865696858,11893.546305032034,4689.463139251594,-91.16040687427159,-444.46631663127835
34152.40631354994,17070.87282951584,23828.643938429654,4103.99533115417,-13698.335166848472,-10470.650021436366,-11351.94091055433,-7447.900798276273,6600.54258043469,16158.574916405227,16433.112586849587,10578.929398372205,3013.2842239527354,-1175.4169748425209,-623.3553491529422
31465.910236487547,21966.23786756846,17922.7744724262,-5854.166032279093,-12727.22885987737,-7245.790008911752,-10910.059511830881,-4235.032498772063,10569.109979467281,18224.883808591658,16655.93239225211,9164.07505221629,706.7446448283172,-2742.3223651257067,-917.3751976606607
30487.568958108528,21928.28366040117,8119.511818602951,-11329.842034866047,-9159.823941878507,-7966.719350488316,-11858.250807943039,262.20032789473953,15780.281814242739,21253.998451107494,17036.861596305487,6643.3971491049315,-3014.616889812768,-4877.771099495849,-1224.6352063814422
30691.779530634216,16302.31693240565,2514.816387240556,-9241.114734480914,-9208.21761242709,-15153.780426015906,-12259.409750986228,7458.984064467298,22754.35296010029,24914.33972900857,16176.316899910538,1442.8052410272637,-8475.61205753644,-6978.495383979436,-1249.4177067283294
30887.33544965848,20596.254739854827,10932.331905253659,-6470.98296259597,-21191.546037504802,-26890.948062518357,-8865.757073575647,17881.323043191296,30759.615040705987,27436.79485009754,11696.018668309964,-7352.405588279601,-14317.945015427897,-7575.987386890889,-633.4971286214445
29610.942649651664,46106.021448812244,23296.817808782882,-17966.218837335622,-44412.902308346725,-35572.09020237324,202.0862203266642,29811.790466192524,37358.04699467089,25972.907013154516,1966.2266783091327,-17963.017259009914,-17361.70796822718,-5360.481346547691,656.0057300506619
26423.441594699325,65664.2658773954,16356.407747101714,-44182.59726962926,-65137.046137643425,-34847.928834730716,12583.335391526716,39557.291464449234,39432.48782016611,18508.575484277226,-11570.898152740203,-25831.61376200606,-14948.9599263029,-723.896189692605,2129.649073894848
22603.46069149878,55196.772726307354,-6255.411164485635,-65849.47790238961,-71809.81774361103,-26562.742902243415,23024.203243051626,43651.84540236394,35133.39588604605,5874.378329857818,-24150.568128963067,-26616.700359649112,-7571.835847901082,4165.59577508645,3090.824035090508
19973.349636224026,35923.982991180834,-21893.112908165258,-71313.38996572395,-66220.95013156526,-16671.936574370964,28283.440415643414,41445.72963715661,25672.58880927759,-7693.994343453559,-30366.724499362805,-19901.87395813652,931.8039915241516,6855.6786205738035,3099.680571727235
18647.72303798754,25064.10131294861,-26653.91794217865,-66162.50553580715,-55289.75051734364,-7941.987237114903,29506.577306972176,35789.28389537023,15172.628209958282,-17238.18244281948,-28862.393238433055,-10254.419369840885,6322.021614282776,6581.450249310206,2314.9817109468995
17399.675438048103,17830.99517151875,-27021.11823685506,-57825.31740812141,-43833.72380043528,-876.2071913159307,29031.85205984206,29902.96846667063,6730.319680568834,-21837.34986208316,-23425.57065284451,-2442.3880395433157,8010.894250893092,4915.553845038421,1417.612012718561
16655.879275810574,13820.492013889278,-24969.49610323202,-50150.715482620864,-35066.4031291445,3382.57313660851,27100.15731789765,24156.24159845521,-77.35105146425789,-23639.402600385045,-17071.44919261908,3196.115770867207,8142.309377410316,3517.5723043676808,897.5734578645595
16755.65994969963,11086.443115397926,-23382.1347670459,-44570.3580526859,-29126.700608748077,4946.230239979752,23574.34309426555,18091.292586450993,-5689.002359603421,-22894.043041389476,-9809.889763421525,7331.516189294705,7300.379215758286,2297.5174137310855,630.7838561371431
15374.216495557133,5146.072064951193,-23731.70633200341,-39733.23953088957,-23718.124999461364,5840.116629239686,19941.767693652593,12896.13006030328,-8963.867556065221,-19357.46776016425,-2933.227685818723,8845.946704470969,5082.490945714372,838.582079965985,354.5913494821608
12115.93730768106,-472.3230775408049,-23460.616958100465,-34590.8178439595,-18265.69312285702,6990.2958764157875,17248.942855059577,9250.20930869993,-10201.828169758315,-14942.293063531717,1648.952767108528,8027.363969980217,2601.835943321637,-355.2496070764288,100.30115171824195
9706.49395201193,-1977.5429137557708,-21608.22014564331,-29947.517588973573,-13967.368122417762,7532.895516233255,14812.90068333708,6257.346927425912,-10739.162211724766,-10874.45052519594,4530.894981334224,6756.871852459935,1014.8865108054243,-854.3296262834705,-7.67776705612863
8004.1900157291175,-2683.218742560914,-19954.74815295198,-26114.77748092513,-10852.224110316178,7246.940284513329,12343.657370905243,3759.3389799571087,-10520.708916915491,-6643.8502111698235,6706.236917078769,5403.791719587825,-129.10764811873048,-1010.3608664236563,-6.356602473470531
4151.095230682542,-5515.786861401937,-19063.223369178846,-22279.431267315853,-7760.1055342283125,7249.156343112495,10843.192896688222,2452.1652236016007,-9295.044055329232,-2434.467186520248,7574.613281130921,3204.1958305625285,-1562.2949295515368,-1271.7024116779824,-13.41027651080276
-1470.5256050795529,-8092.546044841644,-17708.999967375727,-18082.63083801978,-4235.039463112544,8274.085300823534,10691.97997433571,1827.7257463069316,-7860.6114876652755,847.4213448311793,6712.610058885386,457.8271538081916,-3004.857930023462,-1589.7805533771048,-62.801388388712
-5444.363948764454,-7720.739981959974,-15203.042601042056,-13922.144263612654,-812.4889876836479,9726.31425569071,10722.273687716995,630.6068376766482,-6578.6027153421865,3126.5422332454964,5015.962033010777,-1710.3751734319267,-3781.4175766978688,-1647.3133077856658,-90.9188300853858
-6735.932446972094,-5449.497025960839,-12076.411593357368,-10025.644206807032,2025.267547645679,10672.619177232606,9879.623604335702,-1120.7812487148858,-4786.7568354718505,4980.30937818205,3470.4411550913824,-2922.2848537792224,-3793.5215716774874,-1285.6695798362898,-22.147979224195183
-7811.277579913783,-3579.2791983203447,-8739.535209830876,-5916.345437793758,4638.929068136451,11172.368305284741,8410.528765196592,-2545.704546810292,-1944.582868105866,6693.924966623827,1991.2107171438138,-3848.4540127076093,-3499.019129351793,-588.3069055672723,165.9206500781052
-10410.351930588015,-3023.50126828793,-5391.230062935448,-1345.9854160487353,7432.71904457277,11389.130916712911,6279.981566781078,-3224.2008814100927,2183.325062965825,7793.377690742055,-212.99872261792245,-5162.0569784337895,-3236.786123958989,301.97440974900775,428.1777008873303
-12694.292065108339,-5258.110470914359,-4493.341465793384,1047.673600843028,8259.413479441142,9499.377193289856,2838.518451546604,-2087.5278169933863,7229.924368641226,7139.73796740424,-3295.285718991002,-6567.319023457697,-2794.4814100697495,1280.0638217593498,649.0521487429039
-11736.3877006336,-7029.75943703449,-5950.360854736161,-766.91268648085,5058.477238727897,5034.626665572305,189.41231654659526,1978.4048290584772,10887.579657270626,4343.518048309571,-6030.1766706025355,-7007.445485193309,-1770.7226258379924,2091.8000378245283,654.0073500595199
-8288.048522811421,-456.02146510307966,-2330.2961403455038,-820.0191924767028,2572.2168202028624,2718.486569589256,1450.0838644952817,6696.594315608404,10864.134696354033,805.3410723982959,-7209.196547007745,-6131.686286237845,-455.832474997777,2298.9530313230284,368.79947523876524
-5912.416852688082,6440.541846896527,6697.374459013035,6229.827720712824,6227.265611433273,5834.949608104257,6079.8901738860095,9759.179306173368,8082.81313572846,-2691.9653110508043,-7954.269062557297,-5330.654179673762,405.6964951001075,2112.610176994856,80.71514692172957
-2987.8529887342784,-293.7405682178727,14602.405615837475,19959.481197329525,16810.572402832197,14421.65153362,14148.136214300112,12996.339714961781,3859.9876310362524,-7909.600541894313,-10783.33163444328,-5779.872467001856,1576.92913232859,2809.8521095345495,204.1888561677796
5879.842693617954,-23899.95374497302,11671.15840006007,33204.89731717973,30933.674278144204,26462.930376030534,24335.587549426782,15830.896615237232,-2308.403132124366,-15185.603694469597,-15123.529787130987,-5556.86700558428,4834.962171623394,4566.867509498986,524.2253010829784
14513.27298620297,-34535.94969993021,-1436.4029823491462,30667.799890253296,34984.914580987286,31743.265621781986,28428.553962840022,14370.590655618334,-8633.680004510523,-20250.52458704815,-16646.236099999438,-2338.9329837602886,8579.871186699067,5048.094736778224,328.6527601830584
9284.708365708062,-13076.672785677805,-123.96869450047261,20309.066925725787,26452.089500901828,26272.45320458074,23661.549646722317,9140.707554620774,-11561.164942002819,-19438.032086910694,-13508.773979954678,1333.3765783886406,8447.698578908761,2902.384469958698,-416.865162995602
-4729.687176819371,-3387.1242956314973,9867.122160619825,19849.347963579785,21246.734546362302,20509.248802578608,16833.689842498057,3557.7632114551584,-11322.566400176382,-15165.447310540536,-9511.48893962223,1303.9090820929382,4538.484740079668,423.726082017704,-913.4666073523379
-7120.944082549085,-17044.457169949015,6778.595457447952,22599.05559521205,22891.695023544966,19619.94208288354,12838.10590539319,-397.3787567453826,-10864.949995393054,-12245.472219777845,-7981.1143180654535,-732.9404072646676,1892.6494158547707,1.7127029169031402,-732.1853097633432
4566.831395152766,-24599.492315302596,-454.0368921221456,20963.979191319115,23521.373899413913,20003.73030109413,12095.566494163093,-1733.1286687572226,-11032.162870284285,-11450.233431199407,-6852.441791764891,84.70890674289342,2415.2728122379367,686.0507656089756,-328.70073165016254
11587.9668198347,-18405.979440745024,-1138.4276865044244,17193.256263314102,20568.927321219122,18955.194048027148,12673.460008188908,-1281.0656138501427,-10833.17272979054,-10319.486786099518,-3438.74263470186,3303.78902242152,2793.5119565881305,467.7253571646993,-222.5811850542846
5292.287200970041,-6079.865226882156,3588.8017119290153,13825.624333630229,16149.802479090944,16382.623313591468,11632.171384827458,-1812.1211731391936,-10407.861935584388,-8286.32882083632,135.59930524200357,4217.337120471249,1046.4139514887397,-499.2180696649382,-332.93361762852373
-1122.2883648889733,-1007.939238623987,10368.568039164398,14678.068809919454,14580.94233853034,14361.532078904613,8050.293897184338,-5081.754299407787,-11047.685752612955,-7437.1125273890275,153.36094405111515,1795.2503957225356,-494.3625793917383,-663.9115482608007,-281.06956584088516
5515.286615860528,-11690.452315142757,11663.53507217983,19119.527962841927,17495.329537033915,14403.261123710969,3530.205913914573,-9854.219031250004,-12892.619148482523,-8790.30882181255,-2893.054543935416,-69.42699312401811,582.8050850867124,477.2903828885495,69.85063269923799
19815.33001392648,-24327.85339063405,4884.192380666558,20314.526313264265,20428.687194672588,14971.979805046733,189.14470201505281,-13053.721746930918,-14133.93733904964,-10444.184628247007,-4957.752068280767,1269.5547009466045,3169.029806468706,1879.5460145642883,512.9202012694037
27071.891598418755,-22455.401956701313,-1695.6479018458524,16133.606684758784,19290.592771181407,14026.745914085719,-1020.3122261361711,-12786.635137462768,-13051.653614175808,-9981.86897315913,-3852.116290661117,3687.189013746235,4449.387785195424,2391.314146282171,764.933517725924
22582.56047120937,-10969.619302563424,-1820.0056903591142,11095.257105520799,15096.284487436813,11357.66376550389,-1053.1233952628208,-10181.463586539378,-10037.349649047139,-7259.388193057374,-1635.2608556608416,3781.7472318117207,3536.798160748709,1926.1801674986466,720.2399302690922
14923.697879507026,-2775.8970410862717,1604.8438273488032,8181.97936170046,10991.529741807548,8125.979429305499,-1545.387940467817,-7784.888741722603,-6812.492360019615,-4322.658069622209,-1569.8547360376438,1443.9819282869476,1988.8852639749073,1173.0615725142386,463.11548739484505
14363.211862715694,-1869.2474809654889,3329.5655111700776,8025.887018076244,10019.171102535905,6477.153467027145,-2499.753177926447,-6639.2543605261035,-4668.009663644713,-3669.2954297631863,-4007.981208178877,-306.7507820655247,1623.9475508866044,747.0963430075718,163.36125798405433
22875.032973075387,-8682.36159333486,3803.797989196776,12466.704025628802,13306.865746976133,7548.696864253997,-2903.349584532979,-6440.565941761357,-4793.30930633418,-6334.861736390795,-5485.472000464643,1166.3410980390327,2876.888767065325,911.8688577187826,32.91644700084663
35063.89924735581,-16791.64742659326,7550.180528747222,17751.738408258352,15885.690015118103,7920.772604770201,-4536.535095740744,-8676.228579391716,-8900.330257148098,-9925.205394855882,-1914.8803576856305,5572.462471647317,5020.6111040403,1800.202872570363,250.35633439227598
45945.729079294375,-14619.219287838006,6662.339837749918,15365.552499657852,14066.662757665039,4246.982938496593,-10848.993081219782,-15780.774954923818,-16307.78402344152,-9563.004261737551,6611.869615920591,10430.25388797545,7360.253250242122,3346.519624813668,712.2550441478655
52576.656960173124,-18051.456308940786,-4030.331344454549,14279.083676413631,16405.798252181015,1122.4967244516954,-19905.95557155608,-25342.939890937843,-22396.709256371923,-4258.479164762991,14983.376677557406,13797.680305522987,9550.428757020287,4591.173662425924,881.1423505912556
48099.875972053924,-33535.953187684434,-4157.298029356607,25205.00090000664,25656.563341547262,964.3751494011291,-27144.04337616678,-32009.351025311313,-24986.68947940591,-158.72522848754102,18247.1812163642,15327.504544850182,10454.06939355215,3670.507562900808,262.12047020209815
27091.513524727307,-41889.54980728633,7847.51420547972,37975.975510665565,32411.681476156187,-2335.0758336046224,-33725.65351330862,-35851.15472411644,-27819.729376998686,-2481.4852426505686,16595.12453230466,15185.948375938759,8327.95071096069,-15.371010680220365,-829.4429968050206
674.4885884960049,-36199.56260051149,26975.662287532654,51051.35937080132,39021.995610405465,-5233.061328750452,-39370.64633678614,-39455.34116436843,-32430.61320959156,-7115.059014233582,14633.87747832406,14052.020663886493,3713.6281232497786,-4201.670783073025,-1536.3489423842548
-11976.03996317997,-5010.4723191413495,44979.61736223996,54105.64023812578,43425.28974202012,998.7236477666127,-36722.88227983732,-39783.91605268024,-33258.59038025737,-5567.865127138633,16279.953786738228,13588.952631446105,-75.41911115715791,-6310.53179897418,-1573.4597595373857
-7234.264865883484,9191.622191945333,28192.740636290775,31114.126109105764,31156.89720047717,6474.614705184031,-26456.373745463396,-33987.66334469133,-26275.194604046243,3737.6473671493427,20701.73659006917,14672.92334213922,-955.7905266137232,-6272.605633706502,-1332.7268569314606
4511.224121472611,-17437.37925544914,-129.66528707580736,12937.634818632863,14615.947549040113,630.0306904929798,-20403.402245035944,-26921.247551963086,-15343.951885295368,14429.791786374904,23966.31643714817,16073.697891727918,14.046667882063531,-5339.753948887851,-1084.6106511896342
12952.973652884895,-36010.55358880678,5153.509027172792,24813.678108614702,16257.75948197505,-6537.102281013548,-22018.534185905948,-23142.701620959775,-6021.557511560175,20537.092127671414,23691.191328789362,16129.320772226056,945.4426919288292,-4275.667655186365,-820.2925738343815
10533.205778619067,-22119.799034503816,29373.75932108581,42760.56194679649,28487.54518073071,-5890.553994006494,-24227.239978879636,-21191.13020559563,-388.473645585654,20997.773161754892,20589.539878125965,14404.081841136884,795.4007069995869,-3507.058166280424,-605.6173888063679
-3437.215891601855,2112.525995049474,39648.41269707259,44261.168617612064,33392.13154186874,-2620.867585425845,-23659.18067661183,-19375.952699154666,1443.8542946907962,17916.270711956695,16571.485780734205,11205.67845881293,-742.3781669621679,-3224.4728904619815,-535.2303539612615
-17995.63639331654,14068.484340673567,34109.67378201773,35249.89159102017,29379.000889564097,-2402.7932060885178,-22355.480989167572,-18351.234258220422,509.27430864230894,14186.674845568654,13059.497288673663,7058.160169061702,-2989.757716423756,-3009.995612941465,-514.656038203735
-22038.410098863078,13781.177771923236,23769.91342868493,25217.757795130474,22615.471345762522,-4205.458504932725,-21554.449403178223,-18368.989426322627,-761.653902499241,12306.883290939822,10997.17368630733,3153.17265482848,-4646.156081425402,-2487.5088166897667,-444.9820535630558
-15978.007909124684,2107.132300821705,10941.439875909222,15576.054174286057,14376.765494690131,-7226.654437857808,-21347.68265240455,-18704.234073302254,-194.3830817443224,13250.533453179174,10868.105127941719,648.2096900008871,-5331.341946746062,-1924.6272459823538,-402.7492934773116
-6858.270651991108,-17536.572822956296,2460.533387127606,11559.746297090218,6090.63505129283,-12922.087907823528,-22524.855422376615,-18821.11561466366,2500.909260105194,15920.76181206764,12054.031618577748,-542.7823575168763,-5524.314424469714,-1605.498980447112,-450.9071518210442
-2395.6093713115183,-29298.5515186069,8882.831145007096,19045.012244674934,3440.2194322207356,-19350.50875378625,-24883.863455517152,-18194.829774494377,6208.100328098568,18268.296779973713,13220.31614921114,-1026.9690222132701,-5505.759756155048,-1562.6383902418065,-555.7738303446836
-8517.885989982839,-20547.484220575403,25872.670215951806,31950.981773949545,8442.892695479068,-21931.145229930145,-26270.654678585895,-16125.603416729433,9552.856643049792,18991.711219047582,13703.837609783848,-1145.3834134839838,-5683.523182226062,-1973.5337970517637,-729.7830077231189
-23036.11818797169,892.629542538108,36766.697315336896,38246.690549445935,15024.86401730491,-19957.213459917588,-24683.628702980357,-12325.023902169365,11705.131005456577,18248.164670894144,13654.800639446923,-1678.819112378493,-6525.949170244001,-2866.404732771902,-998.9561100084231
-35397.372215632175,15182.199425100023,33619.951539528374,33722.98098067869,15560.400021473903,-15919.46627216425,-19596.850754254545,-7105.762095950096,12789.840992991154,16911.694071357793,12759.021837915003,-3298.9580633022215,-7408.618835778531,-3666.9079609341693,-1245.1605861049202
-38179.79251018675,13254.515472253985,21862.361527995927,22364.807298483458,10150.782768692048,-10777.721632975192,-12816.394320268893,-1869.6342543744695,13101.372410939939,15274.99438476619,10435.110202312295,-5075.673628106557,-7236.699463540481,-3783.582713909915,-1297.873684718409
-33974.692475469965,2674.250074918819,9879.404497847583,11553.275935790138,5733.564721674692,-5910.062796704216,-7947.176572634163,1453.781222387122,12769.609191985208,13489.924037550518,7299.3199697041055,-6008.099458193788,-6235.226809879078,-3393.3112944771838,-1191.7260676906913
-29630.58055481077,-4122.892764288054,3960.3822730268957,7424.808737832529,5857.242511237739,-4036.8893367286146,-7352.230311201921,2160.691192853107,12684.149339742207,12492.693547745357,4069.1128017692854,-6946.232070911961,-5582.513522617273,-3194.885590828037,-1131.4227114043294
-28673.320188629117,-490.8005813998071,9492.25453691135,13474.775820656992,8591.58765459761,-7849.535332198282,-11932.123707853028,736.5809581122462,14009.617782167063,13007.185949392791,859.456019087289,-8710.748756215591,-5987.353945981425,-3507.3379385184035,-1093.1426093785417
-27020.396323427456,10195.480191358562,28658.391309669016,29355.092536969816,10693.913160297343,-16991.27180863429,-19696.177950420253,463.64150228662055,18831.405427474223,16433.741884784984,-593.9587511324676,-10893.37856487995,-7462.819467028059,-3580.83761370672,-643.8663956386665
-15411.592242528839,19839.349395865174,57815.11254421494,52544.75378906445,11771.20917723826,-30108.425591185183,-29003.935851009544,4383.86678139303,28910.246731200496,24187.784191477247,700.9884339925638,-13317.2506911665,-9125.971264394177,-2049.2513289983563,467.8537107001782
4698.824041297488,6119.099187645484,71154.41988338465,62899.17279950276,416.87014759615363,-46980.14568748787,-39363.16893564933,7780.252418581788,38361.03088288972,31459.153843171844,1216.3592600473132,-15560.285700611566,-9301.4557539677,1004.66160410344,1609.7396071021715
15073.765182791336,-15850.754080775005,42733.46532103459,38461.41841096625,-17770.27863500741,-50359.84963873765,-40638.612374759265,6998.276303853542,38307.62275779776,30661.49832992964,-1974.374999924921,-16156.312278468922,-7564.358138458396,3280.256464525587,1863.9859002662542
6641.083305528684,-5578.760781844355,15161.931736873214,13620.044397925481,-15570.111072390097,-33026.045034250565,-28495.179502892006,6416.959648160441,30564.856625068856,22845.531520946064,-6596.089139918453,-14807.731905041368,-5638.394176074256,3250.306254131304,1279.7706518333453
-6116.513512037894,6616.2738217547785,11043.708377001489,11228.327497678902,-683.3691736237377,-15356.36840786118,-14711.111047632854,8359.915766118085,23158.56551179103,14930.472632425492,-9668.613760781476,-13131.452414391419,-4833.940860368464,2171.824262022703,665.9592997209344
-9462.675926212642,7809.308610655411,15740.135049867444,18419.32684770978,8318.009180896603,-8901.097084385534,-6944.28403264767,11322.918693314099,19286.869772167836,10154.350591916058,-10809.7095234548,-12019.49493828833,-4479.305206783627,1642.6366175867197,406.6675533977444
-5259.195025141797,10757.653621635072,23109.00247754166,25057.566142002313,7752.488222638138,-11075.962790825946,-4705.00672120479,13756.3643560954,17701.69288136997,7692.185185353343,-10473.177884699719,-10741.82886880948,-3612.9026872144805,1591.762510766112,292.45574735661296
2354.838021681617,12863.459660150467,29037.53159441936,26416.49098816214,1163.8359072879257,-15672.996197962484,-5243.212645856894,14522.115688713588,16579.236916370603,6392.596058973135,-8924.126174062405,-8723.975255322455,-2068.6060905212657,1573.7234074860899,185.00929770920754
11949.917272897186,8345.816993734637,28881.16318557738,22861.302528348362,-4842.200487507863,-17662.3100963421,-5111.955231912453,14422.693294454388,15502.953628602227,6010.040295997112,-6759.784307760431,-6228.5599271939545,192.27426102859886,1705.5802374902255,162.80393774082512
18243.747667576314,216.70983300183087,23317.911752925003,16727.335755690416,-9502.022286069312,-18378.956577918307,-4580.577750133568,14132.440916356782,14626.1695587382,5720.0415671351975,-5223.821748553819,-3920.99569301772,2693.6658080563657,1907.2342765006867,239.46774057997993
17536.946193574782,-7522.991066095144,12230.865584379546,6541.013952353855,-14620.68682716345,-19185.56239629905,-6014.856003834892,12140.687813002867,12930.66418513197,3595.549323367467,-5541.008760183134,-2807.0336519593448,4157.1687317590495,1971.6017521849321,387.3096150612689
13710.450228080308,-4862.141942944481,3981.7633465294734,-1048.25415779205,-15027.631315633564,-17317.225299247035,-7923.252222257494,8430.701571780346,9648.457467636877,-962.2276251897667,-7625.183079360741,-3456.891660069387,4146.938061045346,2094.496056454637,623.5582270521447
11308.047327073105,4079.882812740837,6455.472991675891,1527.899055166732,-10066.350959345318,-13726.248065215801,-7477.370351591856,5722.398600111828,5991.889934566702,-6015.459453242846,-10053.686286237906,-5006.818848994402,3700.4499522974384,2434.4661666753673,911.9536707628951
9377.264043034525,9139.85280252215,13038.872040359473,8766.23852648069,-6300.036413776425,-11892.703815770476,-4867.485109660341,5420.431097298283,3636.55969889326,-9278.882202898152,-11469.24300994361,-5771.215438663452,3748.473193009706,2694.525094311406,1137.7338716064203
6292.773516376215,10464.150906640718,17899.096998575827,13834.394913244194,-5582.290042873002,-11365.827325266004,-1838.679512423015,6527.115186878433,3094.7810646924254,-10123.834270181918,-11460.252778653468,-4996.4957885969325,3943.265343910852,2511.820674141407,1201.9761503774944
5978.410413041366,10039.612275094412,20735.931174570927,15342.327083485146,-6139.261463998382,-10916.332426414334,548.5832608336704,8261.06119718842,3922.4433775281086,-9370.823384457583,-10513.599830237737,-3634.572055020247,3654.0875015461493,2046.0487037309376,1112.9281422179993
12070.009483245318,8090.8772571807385,21126.188060056866,13739.851589968144,-7237.999345447172,-10396.929891206455,2599.2645473458833,10018.4206749781,5041.061072034919,-8141.808896400844,-9371.30537858294,-2531.6872848558355,3255.7664088909773,1733.910244739509,972.6550789538808
19264.05262167214,5971.475481095803,19102.36106738068,10874.733943198364,-7078.410978877211,-8728.488818734444,4481.379296714851,11162.090510313536,6215.627655806371,-6299.511979819519,-7543.812287614974,-710.2114278859987,3137.2261619120645,1547.5723555137054,891.8390432625408
20993.492663313948,4719.497376908336,14949.333874712243,7871.993776600328,-6402.246298522283,-6943.528014286518,7227.391009590968,13338.65502169115,9010.431645447277,-2489.3802584675186,-3673.995055865649,2592.7338723473554,2881.387796031863,1336.0579756435766,988.6867447206703
21652.40410829149,2197.014687062665,14580.0276222792,8330.49586416225,-6513.061595969882,-5350.778201663424,13032.299588506989,17508.073352891075,13630.687119964685,2412.4396191989845,1148.514342097309,6174.660661616485,2793.4643017007024,1651.7282753575737,1305.6713797351083
27246.991137051744,7184.032403138286,22587.307632047396,14522.72623840328,-5675.855970762187,-3283.575772095171,19265.280987939666,21873.874235835647,17641.14204999405,4499.796294385714,3435.1200929300103,8685.995744733304,3971.813902662343,2873.4395366703407,1531.6586341461384
29999.731078533372,22063.708801698507,33219.98573525388,23050.276413597523,-3422.670983151205,-1429.0257809116515,22807.141168993432,24886.67571827463,18660.948693707876,1864.655664540786,1899.9445349218036,9726.02413580577,6000.752867359308,3878.9101314278214,1229.5611352744586
21179.38236372682,33661.02141423345,35881.83279802016,29150.929840444016,2456.1585190799747,2788.0192018173852,22818.195360586793,23672.788972770864,15582.77348340741,-2430.3346262203313,-778.8262472471829,9151.59017213656,6763.305385711486,3367.6798379236798,593.2855432922158
8837.229320579581,22728.02170738496,22726.871787436747,22440.095771415876,5780.20565872981,5345.681141423786,15838.656849980445,15704.918150675265,8567.317419950028,-4769.696294704801,-1982.7416583255335,6767.173468778356,5081.679942894068,1887.0088639232808,289.3571033343739
3654.1783663951587,9427.69127707847,12945.565008769221,9969.448032409084,-185.43474703120958,216.3509065065883,5578.136187352331,6320.15501815283,580.1872870421159,-5460.077681931115,-2459.4771255828555,3155.319965017752,2183.560541920175,804.7201662559157,463.24656103896217
3346.0456440802595,6077.436404923653,10325.686840039461,3778.696302357056,-5752.961144535999,-4668.989095148175,1212.3138747853131,2292.1638189840123,-3853.7608154569534,-5852.836375702881,-3320.6688273991613,372.2689705138655,200.5758203377174,403.65441705600267,652.3845735621107
2812.7228250794537,2145.398658199862,6841.714678117131,-649.368728957205,-7854.327400176044,-5869.400664081869,885.5283116622356,1847.0699845157098,-4249.919809791446,-5712.241922533691,-3475.678128258661,118.32535372265636,26.952123455554613,242.79822457658315,555.4324959596116
3374.841495629652,-376.4221327778962,4573.942906013579,-4018.591941363027,-10461.866841538018,-7785.143036745584,659.1708627693656,2048.360849850528,-3531.957917960008,-5056.800082159597,-2149.5082560372443,1682.6533904680605,956.5864993973831,158.00959933262453,308.7838979297069
6120.744148836187,-4996.584021214219,1918.4098874677093,-6084.742092210636,-13030.705354929309,-9652.846566720695,1846.9919911158606,3099.607896420332,-3287.892334835342,-4585.432944971612,-497.37571910568454,3093.4122749282287,1813.3802554073397,159.348719627016,132.9332743447942
6281.134147700834,-8035.140126628763,1065.1116193780747,-6869.511716021222,-13938.496633964873,-9628.328961955962,3686.03112265034,3974.5871175784882,-3846.534918831054,-4692.900221050785,61.49140933447592,3307.8215347892387,1938.2470162573213,125.18502729726504,60.944018037879005
-820.8380108537752,-6640.114165493194,2384.5621723323457,-6561.359995050377,-13580.07760477013,-8873.740795332178,4305.442728079679,3471.4850728440583,-5122.028820338317,-5169.990684316085,-542.5151083837824,2547.2870874545392,1348.6141420214126,-68.00053229659318,-12.850573185384576
-10994.199126736323,-2233.547925448088,5004.406698650529,-4772.349688997195,-12196.5147918052,-7477.013440350491,4459.123418864395,2473.81611131902,-5960.193652399717,-5213.064146285939,-1218.3596609248389,1499.997087413267,495.88194417730404,-311.01059743311384,-142.37767188047212
-15259.513029584083,2578.6397963737772,6815.073985225742,-938.7529873386798,-8283.06338672704,-4180.856164689675,5043.6743472264725,2308.353844394115,-5086.435888662263,-4063.2243910116886,-878.9448588927758,832.2495337097624,108.68079463441867,-300.20093488844054,-256.3118783109737
-12082.435187992658,3652.87826386346,5606.866862898041,2015.6213448749336,-3258.4962445831957,-524.0058961627179,5273.452499677864,2897.772423362168,-2874.824630582288,-1899.072052003334,548.1838033826734,894.4855112013403,618.4906205857798,-5.733057779004184,-300.7794471198334
-6165.818522471711,4271.994609764538,4776.475114738983,2709.6245911926185,-810.6245398324578,857.5100345239033,4745.209164691034,3226.079470369287,-1051.008810811354,108.768245739194,1949.722705436073,1274.7989956176327,1425.5376199149193,316.688926191767,-298.4328001390827
-19.828964735063423,5970.983259729087,5569.671638408901,2701.8064713841195,-1095.7816458058473,593.9473572207719,4359.858235972422,3052.6286432372667,-649.610701452985,754.6701985886748,2117.276409260986,1113.5724288087094,1595.9335727706991,572.8481463825331,-289.48322115721885
4936.345907106088,5562.54701360895,5440.266895050291,1405.4987548201773,-2210.605974465696,388.98892085530804,4344.213931473633,2802.562561646083,-1356.637124912808,-156.24217322948522,1102.2473711455941,244.08559385862407,944.0064732475885,683.1922749702786,-363.3815219375872
5836.052341927084,3719.369656373324,4433.772685292814,-1138.6646353531244,-3379.818631473775,270.29277652200824,4208.170268160979,2526.295366713687,-2437.14745593859,-1700.1788157847318,103.32739990689959,-600.8473138832351,-97.51139472204682,432.7998602555429,-593.8022951404947
2773.940945255264,1512.1717313999761,3482.677431326182,-2331.3745123644226,-3952.9264171191494,558.061026888481,4413.734158976992,2290.0535023764673,-3196.420827644499,-2556.644183640344,47.96582885201508,-728.9330290786477,-850.1766044422365,-90.70384708384694,-853.4481386060904
680.270332067509,1789.456008615944,4559.441885546086,-592.8433856792195,-3153.928957980455,2002.087188421377,5006.924319192382,2338.4261022026494,-2660.917084728146,-1748.2860885589002,839.717725025869,12.265183800118294,-724.2785402511313,-407.13295707001873,-908.3017639295234
1992.92448685782,4963.35298999555,6444.580314969718,2803.751635022087,-136.86657727989518,4204.312612273693,4967.297902745223,3062.471374580601,-552.7851289203645,315.518802200959,1789.4578072601712,1178.4077421792329,4.174957846047278,-319.7370570632013,-766.7515482892032
3101.5859292256982,6217.5741515410755,6145.965685869463,5519.455380677085,3135.6596652314115,5334.427940237585,4064.3846269625465,3402.7212209344484,1036.1504846098414,1456.9150945903289,1844.788585666056,1627.0365960547708,440.1406414798382,-160.73177275102682,-675.3820715642099
1774.790175044083,2064.178766863136,2119.4374198599426,3440.9119241735916,2940.751876405952,2722.777864177277,982.4442238765704,1647.8001767995206,1342.3153695918752,817.413440028695,491.65886691409696,910.4176295223099,550.8828182532798,-123.10590509620657,-736.0269715463135
-645.1319208035093,-1667.9895121430309,-1640.522256508203,2048.940382669946,3194.4787853075777,204.77093791933663,-2169.1182328698,379.3373626282596,1971.408853524849,-5.900472343924889,-1038.1708936256478,153.73014126393932,761.3536072751788,-160.5694920645923,-839.5691559596233
-3453.858751262251,-73.77283471314014,-362.93997444417647,2159.3378914032523,2939.1220115739916,-335.21861967620146,-2874.8013977190567,37.05800529148485,1969.5902077491155,-771.9686027595124,-1739.715286029974,-181.4182589691065,675.6628423664928,-417.02830575125535,-886.5418260227787
-5084.341107279801,495.2767164563452,660.7728080242977,1395.7406634353429,1685.3704192940238,-861.2144277657578,-3013.2049147778584,-567.8200320661008,1237.8343853053968,-1679.3740143938062,-1980.3808814279541,-485.59448369458397,167.1413301330362,-817.496096234951,-844.163130200471
-4003.7956909779728,256.01040253187557,1164.4354028089126,616.0196942559858,643.0527692156484,-453.71285274159254,-2169.184176313164,-198.7169455492526,1225.858320905893,-1660.7469306758198,-1848.3958084510512,-334.95778756578204,12.26665724847794,-948.0043892444638,-751.9919282624313
-1657.171914243637,-283.0614940775156,649.2785066072644,1.4880426640852704,-288.4508723665155,-11.353912705933453,-933.5277706020936,360.55523232600433,1548.3813704934419,-920.2237687524232,-1456.2857692841503,468.1049785410253,502.0840507829989,-797.8798976339361,-686.822445384948
519.757632700677,352.44128257680245,928.57203661674,310.8704573856263,-506.09815960102515,49.65496740644471,-475.99289305552963,155.08890536009875,1440.8015089386088,-685.3118903506569,-1375.8647423796447,1175.6743081724858,1041.609672052771,-736.5408962920283,-645.5352281362495
1923.956372892176,1523.2646000002765,1974.7919421264216,-172.67629546092223,-1139.2886163133612,-31.20622025602063,-459.78124584455946,-668.3273003786355,599.1465243097756,-1185.9659377446364,-1621.2619615484273,1202.7922420180698,1077.289046181644,-867.5411040296591,-560.2228794905187
732.593139632433,2825.003939533818,3103.6713172927657,-2165.505299871347,-2877.989858872759,220.80504701567816,7.9687324174098535,-1847.8989036717896,-986.9155315997986,-1554.9206946133415,-1508.0674388184475,602.2778475934194,538.9729045903943,-1003.8870607652487,-416.9408901564888
-2343.2065270793173,5315.600932111307,5451.295665505328,-4497.035955861368,-5044.227435916242,2141.9551095177085,2057.134683387196,-3079.3277049012395,-2821.7665361603385,-758.1200823783831,-485.47493901544357,-369.6856233301402,-391.90733723199173,-974.4433062029527,-243.628677885436
-1770.3497066566542,11226.051125589202,10655.801117974046,-6863.823997744084,-7328.816760326232,5893.306948766851,5430.643003852459,-4462.691159804367,-4251.489687806879,1282.3442835433573,1155.312787446948,-1401.6129608735773,-1302.6932946913266,-659.4243977847747,-35.09763868656344
3895.7965990258826,14115.248744003442,13002.716522136558,-10223.515171778048,-9722.058763948102,8204.757312497977,7158.51504921941,-5817.598395439172,-4676.119713806194,3204.4144528906804,2368.205080946141,-1879.8682189382325,-1530.1254896268906,-190.78799837400288,166.7618843479253
7974.399373516309,9370.391564907823,8915.022608800526,-10548.695396401483,-9270.099881583868,7159.7155469395275,5851.9473897385615,-5656.388799399445,-3687.0321197569424,3618.816206335243,2476.9826391116294,-1308.6019161155298,-914.471290380049,-4.820563194528518,267.9344349427709
6449.346691034083,5174.102059966755,5120.671217444199,-6598.635945450132,-5628.366526117203,5144.897967614562,3828.8508858698833,-3791.038776446957,-1987.0846087132252,2650.7382492179413,1856.163855166322,-175.903595738047,-153.05499661846798,-168.85274566960703,306.5230937539525
3404.648090385696,2905.0659913626787,2952.312014374549,-3405.641470666378,-2790.8255405378013,3423.186627094758,2253.941548844361,-2144.459674981045,-1042.9435673519179,1208.1795264673603,1068.139383203301,444.1924698879858,132.99188905980932,-279.2174723754497,405.6754938729466
2768.9422376174407,1465.625189385201,1658.0898866364437,-1887.4448892189139,-1401.0721109718165,2019.1733500809669,965.4742695421284,-1419.2919359538937,-1175.6903741457563,-93.4851629060961,252.14994638427652,217.69705817598754,-43.32208967054538,-193.8129593826381,549.7041110209148
2689.565551419701,568.0843162708502,1003.8020294607688,-1141.9234521052792,-596.5206248828855,1218.4284993179008,314.6419212806139,-1011.8991282235031,-1459.1739188807953,-889.0470274131171,-414.2802765706441,-222.00785418446725,-400.07029456677003,-168.45345422871873,619.8795674079563
619.4090252498434,-75.19181406298118,314.89974258744735,-726.493123135424,-314.43820535118164,913.8197058008498,354.8130403630264,-593.9985802886971,-1214.787069077897,-1052.7912750812297,-598.1193676698208,-252.1872415337744,-676.6032517114052,-328.1809153431,607.1070069543678
-1261.2325945077725,-185.09397155347608,186.77445225031897,-446.87343437806965,-87.83567014462758,1244.9039107070753,906.8210587670605,-181.1745848924548,-529.5778772885271,-554.716736549067,-112.80019352677829,147.73015925740185,-588.6688011544064,-406.66908955867814,645.9102620530771
529.2603108468038,504.2731026402155,923.871750255384,-903.4159676690716,90.29280250765194,2572.2678322244537,1972.6189363251979,33.98372092917742,517.1160251824647,748.7413413981125,931.8142528944811,684.2926350368847,-12.116611288552349,-117.25036323932983,806.1235664854044
4055.6431713581464,3290.192431412325,3226.525593885144,-1512.6542972182058,832.0487401374224,4763.556332688981,3397.2475011315873,257.4395172555028,1685.5730411060308,2142.8961323075278,1745.2223644195483,903.3285264892361,557.7913580035294,352.1854779391982,936.2937385177717
4587.853578314019,6258.311858669772,5289.823269394198,-1173.3452729039825,1615.7004644647182,5509.259329671089,3630.3362784446745,143.053864639301,1837.84055782503,2444.467116538451,1454.7917905024651,433.95644102353015,546.3564257649797,564.5157320827204,880.1881929988234
3558.5083171534725,6447.211813516098,5322.587753302093,-543.5534725160288,1876.139201593111,4981.3387709860135,3202.775054150776,77.84846556188384,1561.1648611064709,2144.3096009478477,838.4955707622926,-88.16299068824401,344.2092501540452,556.6967251950582,763.831059526732
4786.812483700415,3012.2758504568974,2827.216946481872,356.6922977646357,1762.6068716225327,3257.8784316005263,2946.809140190986,1091.5588733391853,1564.0906751756545,1733.087603252953,924.4445291890888,126.08326401484393,452.1913103697493,669.5368824011734,756.3175982918603
5338.908946172443,-507.0689339803155,-1010.2588052802088,-1798.4626272225546,-988.3762360254495,392.49330423653737,1008.1384835404044,804.0593474764484,339.10179361046437,629.129611575088,665.2197478671649,207.92151018481115,380.279324638831,752.657405876718,763.165255900447
2208.5190229856257,-965.4476464395943,-1638.0846572849116,-2596.512647802671,-2366.2270497465565,-759.7764644373563,-802.3260163824349,-832.7055944736077,-1307.1454371231614,-686.6911117715584,-663.2012902383141,-727.0451859015361,-263.7629828113937,485.86647891434717,677.269393750849
-1266.544277169141,-871.6689152889269,-1417.573270263593,-1616.3533160186614,-1861.3742822085496,-954.988353177601,-786.7406718619242,-1185.0001159310973,-1771.5970741850003,-1371.201886066365,-1749.613161503119,-1776.8531591888682,-1007.6359370736956,107.90028826621437,578.1011363921027
-2193.160290069654,23.403861709988362,-755.7223603272341,-1228.1196420740944,-1171.9565014219281,-740.8653869397435,67.07489322019816,-335.9114757223838,-1182.1156640018166,-1151.5278477704076,-1500.195541134742,-1864.7489709000042,-1324.2026011678659,33.98094894648386,525.8340355084675
-1420.1032471448045,388.2621305251037,-100.79368083502969,-813.2566401594524,-673.7298364028068,-241.03152526209925,750.1207627484125,492.2074733432162,-3.479432706509442,-72.88859854854503,-315.8409982084829,-1116.2977309907117,-1171.3032143454748,250.38900746944915,465.58036272420884
38.96253312878228,503.98152402729954,229.75061026336684,-427.3870916979487,-612.868451110407,97.19654898564613,916.1541708843554,891.677788611316,1249.3117232106424,1328.0223444897695,831.4561595299442,-267.1961702398687,-796.4860413274005,470.11823948745274,349.1409947847433
1891.7473570297966,359.33348541078146,115.33492643504766,-725.531328508687,-670.6033968097729,450.07632441665794,678.3189524352454,884.196018061751,1999.7852951401303,2319.593098263083,1368.9665746842375,201.3988215822102,-419.66325242977933,526.5454556225334,188.4194712472833
3118.026600254553,287.89821013841345,-118.17335549974135,-1457.923169481846,-571.4341226283913,882.5250083839652,55.98537391775983,364.73570074368047,2041.6377924283588,2567.7723088321104,1272.981466451693,294.88823768011633,-86.25713735305897,452.11076090644195,11.63551605327541
1748.735451964655,634.5998116216148,-173.90928501360108,-2270.625904861159,-474.38943670302706,1211.981194514758,-1070.6948746763499,-755.7151624731566,1564.9120505979397,2154.377364965266,747.3889301858567,206.4383648827095,217.24907214499768,295.4515700039699,-174.7453114860458
-3286.93800185355,1328.8622800832597,-60.911912400657755,-3140.918647960143,-579.8657358761901,1197.150273425122,-2698.0807290142916,-2323.028465695382,715.2669877254682,1224.792285563229,-74.15152283933526,-61.96879566247918,330.3697282621242,19.910626789726734,-373.0814044869326
-9813.599535692725,2290.5413604949863,147.2965971064848,-4201.666130665363,-1006.1314632331921,698.304769510818,-4490.195123272341,-3910.3818224616316,-261.74353672417095,44.531430962375794,-1043.1469551871373,-517.1241205983116,120.82140418710021,-285.3915154316263,-551.5208236874611
-13935.298257609857,3469.853281395478,780.5070708030315,-4658.0043460939105,-998.555703193657,410.27599604161446,-5271.8408350523605,-4561.97782894599,-676.1062386247634,-684.5798610643357,-1617.6216364667594,-647.6491390478568,0.9049216085586345,-392.180152975543,-669.9039065937693
-13012.09554288389,2459.7140914760284,305.9986820086938,-4201.563235115732,-820.771647975033,234.3577853854743,-4389.330019802137,-3720.864885463808,-350.15027709753457,-300.2467901506048,-1161.1993274717038,82.18198125579056,470.822098685428,-235.93846900862388,-707.8670611251019
-6372.176596214417,513.2214628797512,-1622.2478485065394,-4499.559621153691,-1597.3849781324666,-661.9913808967322,-3031.670778343814,-2427.125306787208,-27.903555727293508,724.0465734139243,59.70458969316877,1141.298638828959,1232.7151531669988,138.91251318798663,-643.2539630219406
2585.6986646740884,-607.2477430615439,-2577.130024674148,-4465.447310201654,-2025.0821280239916,-1313.7329726794505,-2327.5280943866633,-1958.016066018974,-176.70841452825354,1133.6823992443506,914.3522014712224,1455.6962881179466,1580.1013393085786,572.1530980103314,-548.3127922486905
6494.576641549694,-1759.5791394250195,-2504.5979660612106,-3382.146435161223,-1484.000943978628,-1028.0323079935322,-2307.1999254596376,-2211.02296868227,-265.43303056008205,466.81030859797886,464.4893319059884,877.5398832798516,1209.1100301441677,619.8452737878356,-603.1133669269435
2127.796491012341,-224.45543548864802,-652.2365739014933,-2211.055494221543,195.10188395203554,392.36896494705013,-2943.5733258548444,-2513.745074576943,527.8214136990009,-983.3836097797299,-1271.0240382534798,313.17415873268,410.7813955292608,6.526065134408384,-816.6375970753357
-3749.463929033475,7125.573780817191,3381.776944584711,-2595.758326547853,3180.561889928623,2627.8832167399705,-4936.27273065834,-2899.897401494971,1943.7702274964854,-2803.762581202948,-3202.5897892813246,561.9183825828961,-178.46092556446075,-839.0738640869664,-924.927968199811
-3183.990306059691,11360.815358810427,2007.6462285277685,-7064.856895167238,3412.243620507068,2449.712435144286,-7879.735530019414,-3728.9863856430215,2452.6860787358387,-4306.606092732979,-4076.355529725259,1252.0835540774292,-208.94211703820162,-1163.4401970168901,-772.1235218630092
1162.3012847989596,3407.6389857220784,-4644.951073177803,-10064.27925600711,-613.6505728103245,-943.6149205540446,-8745.025279917008,-4502.398487664951,1135.1477631330315,-4671.389062419075,-3696.731843466066,1272.4384361680188,35.63079837740304,-829.9479114092577,-573.5349131393272
2403.916639456751,-2027.101310028179,-4714.3354879637745,-6226.510052012581,-2737.0988127100386,-2681.2043987973684,-6152.591756512223,-4144.3235758731635,-632.6192066439821,-3822.2525436180586,-2896.756188431198,430.29223507798434,130.50184921997436,-443.8168030524214,-550.0585772078941
1346.776658858447,70.53887862217391,-935.1190349310538,-2060.9887499681968,-1083.0744757742914,-1365.2612989575543,-3303.160893939178,-3016.143515577511,-1314.4835231523243,-2899.312565244876,-2510.2639538429585,-360.74829225744145,-63.093448457515024,-470.4047060545476,-600.8954931467554
1148.7077389103092,2691.021172081511,689.5140700356479,-1289.884237813658,1866.0202080830577,908.1780354471589,-2007.2199567539365,-1747.077827667622,-988.7940322064096,-2628.194163262767,-2626.143950313751,-677.3372976605609,-542.5406288768614,-801.0489654709191,-577.9995160561332
60.68990202221301,4696.469096452927,1077.33921288475,-2169.660838630409,4733.922006712492,3141.50773292996,-1627.8087887374381,160.3906259594561,313.6161817356849,-2413.229183618133,-2621.8322706427475,-818.5511524181875,-1053.1940161418306,-1104.20075013935,-520.6736018459582
-3450.7493800340035,7790.913624777735,3529.895211773847,-1050.4508627087146,6360.371242494409,4420.616093649799,-1504.266615367317,2186.013610554912,2068.5318758941853,-2119.55410719482,-2132.7315705394694,-791.4825081491134,-1157.4614576476934,-1163.7297098810018,-478.30053488847204
-7098.752459793133,8774.61955755497,6143.219810053588,1916.92273955995,7058.712349619276,5370.8567872868425,-567.6998270402597,3574.7924399436824,3173.15026537195,-2020.483996829225,-1502.992737275994,-516.4053104148602,-939.7600518693672,-1039.9679977671458,-402.6790000889739
-8772.794842457504,6311.360264066148,5897.1831655579135,3620.7933551832634,6603.311313758749,6015.128168171961,971.8423333851123,4570.413217044122,3784.057383781709,-1763.8876618041584,-931.2838889301152,-192.68328526597725,-848.6566454476668,-950.9403905400035,-277.4977580272726
-8523.46704588831,4374.818290845864,4408.816983214656,3846.0562731296113,5594.364037177067,6285.546137911295,2495.0757160919807,5500.29708252988,4552.461500693452,-1090.6924663906702,-125.83386102949936,233.05923947033722,-869.7193134186025,-914.9848222962869,-150.14831355090723
-6131.56249266209,4836.04264128265,4277.705780386514,4140.670974207544,5537.567645048536,6937.269004523948,4053.0422906432077,6494.594346831194,5624.111761783054,13.724307823279275,1211.1920124230794,1106.6687843891477,-633.2977988139601,-729.775558293132,-33.9766835699679
-617.4554762706277,6975.965688055515,6774.179060241107,5876.032074291414,7102.503116074797,8433.176462099185,5780.879814873671,7595.644009657492,6939.131193858989,1566.5529443918836,2980.6270968464955,2443.0561311873607,2.447617122354359,-334.74429674884703,86.90039207597486
7472.691847830919,10241.47561879933,11388.26606881858,9225.173137055519,10205.660005674723,10714.096076155232,7401.461397831087,8700.512085832452,8192.833901004418,3225.3236180040453,4594.200545841685,3752.402038532763,838.7266098813518,75.54964209273237,213.54656540245725
15049.110199675803,14984.580126031708,14844.269699180042,11448.286874809568,13542.022660755616,12416.561280678938,8040.074379128821,9405.078489487587,8784.67803089318,4334.543819681234,5422.63986336952,4552.46903796968,1587.0354995882515,343.32163812925637,353.3781410868969
18383.679631453946,16881.40534524037,12413.336326634972,9194.374986298377,14503.966771085674,11539.209530887645,6917.842552086903,9099.875438109339,8232.768576167526,4440.835151816413,5382.418357550192,4747.16216717882,2078.0697042094225,434.28429541822254,498.17139304228346
17095.17654946036,11495.833375459919,4995.946847535542,3540.224318491407,11405.108648858459,7543.283525728013,3982.603504550125,7565.359824158855,6565.700710797756,3600.9473133145448,4792.443180997807,4407.706172972279,2158.760982632052,334.9627063116782,615.7748573145905
15171.729361471176,3675.0357297424034,-890.9333752047531,-1295.2460661725825,5798.955031075951,2307.201751870097,324.58004937072633,5359.30952564794,4247.110017912703,2122.632539879067,4012.615534392938,3687.96912749458,1772.1975131646286,222.2352185793285,723.9442881069829
16281.411748910183,420.0836191949642,-2173.501676037131,-3097.2751220355667,1159.185744995333,-1745.398835079135,-2797.923391405553,3170.0050011461813,1685.6938375041216,241.80396230603048,3560.4974746006715,2967.1435567742233,1231.6142243836048,373.5102118746769,871.6009922570829
19526.039434399503,-41.93096261409528,-2687.409098263288,-4255.605308413531,-1487.235614843591,-4693.5703761450495,-5519.396817928806,1557.7263666016552,-896.3469407745512,-1795.711769178903,3575.0364027815776,2273.7909419332127,721.2264390109193,769.8529242814849,1021.8607054522915
18959.018966270138,-3850.079323230096,-7898.988235479421,-8688.66146286915,-3117.8487674556336,-7971.257593128838,-8431.502376426182,296.8247428646182,-3855.9731609932255,-4242.5630721447205,3091.258505044964,769.0420590022763,-245.1480913669673,1037.7227675598956,1000.2742116425774
7075.092602178977,-10549.184255506234,-17649.34307676326,-16738.088011159132,-5667.216767579651,-12951.860932137184,-12399.704076721946,-1888.8669267314203,-7914.047652434564,-7650.611000580735,907.8630539240145,-2213.7394835629484,-2118.11503716229,645.0355942106597,636.6226121634274
-14409.813612821126,-13755.665651870037,-26976.890973143734,-24828.933223172025,-8854.799089115479,-18793.57067708821,-17006.732643811476,-5116.131034533606,-12286.133431172491,-11248.664278463091,-2868.344930497359,-5603.049445054611,-4280.136894874667,-605.5245204236417,92.71003294361412
-29701.148482737928,-7308.9576006114075,-27390.27403514092,-25635.39215901349,-8574.307580677583,-20961.18807927658,-18988.249522741957,-7522.018438128723,-14529.504805682076,-13048.927776157481,-6390.110305145142,-7148.797960093645,-5381.884188481728,-1994.568806844284,-151.60516407964792
-27651.705260604067,1694.0680790463166,-16925.84833489704,-17020.119357031563,-4119.438840236877,-17017.43439325656,-16172.428819398025,-7309.287653459831,-13248.323324361061,-12031.597247334359,-7591.730475800912,-6100.332770072042,-4884.319941508547,-2444.792904618149,75.85807625523432
-16927.0952911248,2984.701612734041,-6041.763671966902,-7135.2197290989625,-76.13917491779442,-10405.667541235016,-10682.193582005284,-4976.8239287667075,-9753.005781047983,-9219.574746617756,-6350.794595330415,-4064.015305602122,-3631.769279218611,-1853.619021759226,401.81477360615753
-10460.371005988232,872.552620063895,-2369.7569750114435,-3150.468951800772,743.9256273852436,-6092.330490000839,-6464.727756742912,-2784.619353551683,-6508.443437554639,-6480.248244043179,-4347.230241690693,-2720.202972776774,-2655.91531331253,-1041.0932268702556,504.26160334697613
-10056.711070367179,1816.0740272768467,-2858.217804905464,-3506.008243747415,123.63962341724847,-5330.316942635668,-5061.461792042255,-1990.947574995677,-4803.000540688229,-4831.895631824538,-2901.788039793609,-2251.706721006938,-2159.7255905953684,-534.3506107563089,438.203878382735
-11636.115818688417,3751.8299251297553,-4260.057134393604,-4749.825632074009,-88.93690682791942,-6325.782898924268,-5274.371112856965,-2092.5626019173174,-4377.024410030061,-4046.2076631336718,-1988.875072500055,-2067.5249827574885,-1743.8704465262008,-196.06846874782437,346.0136798243627
-11662.871216183974,3589.8859008616905,-6466.758933320121,-5783.383649542099,279.9959249871888,-7101.834842065904,-5428.5079320936275,-2108.983132648316,-4584.225353838496,-3503.498592895967,-1123.6307623855007,-1711.1664610308364,-1051.160559399355,219.21617754259537,276.4693784918884
-7763.578132476084,2091.173512598863,-8765.257615393886,-6341.822266778322,621.5306281022674,-6877.989987580922,-4799.627381440392,-1485.5722406932186,-4813.555728517932,-2633.880488834814,-78.60685938931715,-1084.2535140348796,-210.07372010411717,657.5243588846752,237.9895416658627
-431.83059611367486,1366.5531185233322,-8993.033404921971,-5846.196260746887,578.9576861723252,-6333.544633331558,-3860.2855362561404,-328.3209253109673,-4425.509110300308,-991.4135209749415,1207.405099388334,-330.21185605261974,369.23347362199445,893.3527304087388,192.8148195400618
6627.304597156415,1329.6464566271347,-7101.117120640117,-4754.066026633453,358.9249517528821,-6092.831555101113,-2837.064223157718,1111.0122609927398,-3284.5204621553994,1184.2659730972814,2641.6127418251785,449.85816009143014,671.6160877342787,899.4173507679748,67.57917820309828
10691.533249574357,602.6928142537657,-5471.461745082569,-4274.06305758589,342.9575786258639,-5956.174209918015,-1388.7901729031396,2684.163365987573,-1868.8986787800368,3162.315852347233,3963.390749235177,1269.9931292377494,1043.7228223927914,899.5195849116576,-126.61818001589522
12616.218994152927,-719.958433865049,-5503.823914436541,-4342.1850965892545,1025.211572927179,-5651.811313617329,527.7820160163086,4239.239225932501,-606.3016282170055,4532.415437164228,4883.2734013102245,2005.5010167829962,1531.234417668566,1039.487100552371,-284.8320133406918
13564.988763161784,-261.27264719467996,-6258.35401754164,-3448.7766490068334,3007.2221621806502,-4936.172352501176,2611.704994915478,5474.14124747122,309.96535387115296,5197.546201456286,5155.714876254595,2265.786371478704,1840.4437839429731,1178.4272474393401,-370.810610483657
12065.033403319656,3579.3827225526084,-5545.100307773482,-878.8805394411268,5593.215203214829,-4125.861663096196,4049.5369322861293,5904.558018676128,599.757041813829,5272.5724684218385,4698.811136728123,1666.3828066681594,1780.7353080500845,1019.4268261189058,-474.43213731256543
6555.833533694286,8844.32828935154,-3681.705307601096,1792.793342917143,7342.39823576083,-3698.625101043242,4726.444186594177,5859.74049192468,300.17795753567054,5259.803172162276,3631.679820732876,268.0812639139685,1383.446736028404,467.91476153751336,-657.6903552130753
-1810.3421886917588,12559.63870511293,-1605.6305181057946,3905.2188337774037,8327.66676452511,-2307.212908059354,5977.5372932942455,6419.07008885071,-16.314785093914253,5552.604916594028,2285.427336687295,-1257.0108630141297,912.9633654190449,-192.04035847148748,-860.6756687871026
-10428.26209150347,10561.941392065382,351.7374508325706,5317.337226958572,8872.252199675599,740.6966927009486,8087.256299767967,7671.457512287686,85.494731534045,6088.917547882798,1099.4469830318312,-2278.49184027554,665.47593881187,-702.5650714966077,-1009.6279978563343
-16969.78649562118,5626.823147160288,1964.3031169352357,6267.664605372165,9474.590713749318,3496.2890400475007,10016.190954352862,8582.693865465564,-10.60693357015244,6347.658335078257,-117.82764177859178,-2937.5844213663677,477.12382364900583,-1083.4562320670875,-1096.6696094713066
-19731.67207486702,7882.911930271133,3709.4536839911284,8082.727977134078,10808.011716481713,2743.501571295935,10252.97702001148,7333.681392276158,-1472.4441309049753,5468.369938807338,-1717.7363883076046,-3494.360740076886,83.85407725481534,-1318.9591768099904,-1125.666271885303
-17518.572815207834,13489.851509513117,243.8071951370386,6774.706890626642,9341.93266403088,-1898.186537777226,7654.370484956031,3708.5749491960314,-3513.0864223701087,3699.623303938489,-2895.196459204867,-3543.1116819789413,-185.36987723945572,-1259.5141112684973,-1055.8330315667426
-10781.308696224443,9667.971209465513,-6048.840399843724,1980.3374226537019,4883.260869923625,-5507.310468635379,4323.68239205049,529.7644228522939,-4280.662671587686,2398.5545303404524,-2797.3455355062238,-2709.420984088145,78.51963147647243,-855.3482740338789,-863.2509906926562
-3771.2565693596807,2776.675312536584,-7548.319682286824,-935.7478813008993,1730.0941802986192,-6242.021493772026,2327.9686978895265,-1046.8257060603626,-4084.322623592796,1882.048345536535,-2104.4270427451956,-1554.8778396028658,625.7227570225145,-352.639348609029,-646.6196818144915
-298.196813914947,-130.6262190766199,-5486.18141565851,-1661.897291669377,20.605865096524525,-6396.340229184931,687.957332965903,-2617.020382057901,-4520.69093536434,1317.0661418713094,-2088.603682872966,-942.9744575193912,988.8576408969143,-113.73167808040478,-504.8635594479683
1804.9873446973031,2448.9759538129483,-2289.3391689301156,-193.69073987244488,-102.41096418000507,-6097.453302290642,-850.5606458947436,-4414.300343000099,-5624.173251878401,461.85771859510714,-2824.3128684476715,-803.8841768136763,1184.8321433396795,-136.09099319881773,-382.53347424753645
5516.29906486874,5878.090067466898,-1903.4087708887193,2258.865492325801,1436.6506619574652,-4995.318491233853,-1182.5904254629959,-5218.576395836633,-6184.6912253179635,-113.49281286188932,-3341.1972303148145,-453.57982405128314,1474.3200157379154,-77.0635366415919,-223.98153176581195
9011.129361023523,4907.45538404426,-4385.496784423755,2709.3330500113407,2240.4078335203253,-4014.6997458909004,-550.277246452184,-4808.18384797911,-5653.0919779369415,-153.50487291480925,-3051.8549412736465,195.5459537362558,1793.887492209522,194.41801509256953,-108.48782132363277
9524.881215919924,1824.12156720678,-5717.379134829618,1067.3130587534372,1221.680979355653,-3686.365360699644,2.644042008021728,-3871.004724684677,-4431.833025463365,46.00834788793766,-2246.388336299761,573.6549002991611,1816.0610737532006,416.3773400492426,-110.88031342296733
7877.018174431341,-230.30984348308704,-4937.805521454889,-862.3628787195075,-480.10847285275713,-3825.6195767885943,161.2195370780514,-3014.1766996967463,-3157.3861855670507,258.1101184337328,-1517.2268162361963,408.3473147142132,1450.55849196898,336.2229869119271,-169.0991945653645
6900.13520555851,-994.6252024015805,-4037.5614061365777,-2021.8895799871875,-1714.169272950267,-4248.832625075398,391.4895014235875,-2443.38073606058,-2098.8643156333164,605.1561522541704,-1174.263499373541,115.87812884987272,983.9314304606633,28.71210604170622,-159.8060289893961
7707.346492132254,-849.3290019733779,-4629.023042217825,-2247.8415884940896,-2275.2308424796615,-5011.0422579839715,1302.9690738778663,-2051.0654706667265,-1005.6655337065351,1348.182146082637,-1138.6121955887857,170.756078349959,643.0919450860343,-292.0463558931124,-46.83279752666803
8289.515640693622,1769.5285877978426,-6214.496545467237,-763.0683561091025,-1758.155991893511,-5438.6145698601895,3078.852953664999,-1614.7951481930143,375.4530553868552,2476.737383898835,-1241.5678597793958,529.7321430510207,349.36894529838,-548.9270354522948,85.78790543122827
5607.179920780793,7907.83649539232,-5995.424063358862,2875.8241807384293,479.2134540424023,-4202.110460870034,5429.27424164882,-990.5548101120607,1814.9729910697467,3497.353533823524,-1462.5638039664502,881.7360021965735,67.0140192474787,-728.4135731258741,155.63740294074336
-343.46202189118,13180.282032174711,-2165.8092596771444,7166.227153168304,4060.2875018088985,-1184.576976171444,7768.723504017356,-284.7702186246312,2941.877922437558,3943.8079301832754,-1775.7347779413453,1148.2719887590163,-60.861603904427625,-761.675062643858,202.56060251937447
-5781.622969194797,13143.568463107458,3095.824764601359,10056.068428072847,7488.813049084465,2216.715056085167,9539.234245591146,372.7039772475965,3791.151835338991,3947.9739215946,-2049.350727881406,1461.956964082318,-62.850184475792844,-647.2241374172139,312.7891662829022
-7135.999221828876,10636.94292060889,6382.170616108117,11495.655159982798,9719.576101735545,4610.624096551131,10699.796664497124,738.4672988930452,4507.672518224252,3830.774634708743,-2187.4862081561487,1885.5548769627262,-110.46695696956101,-481.34703283062424,478.23895299447713
-3452.86784618106,11923.185549818332,5644.473707083722,12812.80500719931,10096.316203779526,4858.996193729719,11124.287918787966,184.6627287968891,4858.935092032039,3573.5521432741425,-2160.6603633805444,2457.0477153270585,-145.24155114633675,-257.84071188869757,649.3595799481728
4223.707657251644,14411.858869562695,-387.9756250251312,12535.739454178587,7300.762635554994,2299.559878279001,9994.186662316382,-1789.9908071407547,4499.998082836408,2988.369438741868,-2020.688046503156,3245.680280449324,15.547092292677121,134.05159486386765,832.4117419775177
12696.385013589863,9159.924112252123,-9001.473175684263,7046.692815294167,551.3770892966537,-2955.9994871031836,6627.541333761217,-5197.547488995863,3315.5993379637653,1794.8048397019397,-2057.0245726192043,3956.3133247845726,179.58326490210902,595.1986775131141,1014.949538826725
17673.629585894752,-3351.2599800854837,-14585.578926124088,-3109.225725150893,-8079.646100154506,-9362.592059443232,1430.8223843838477,-9359.01309407304,1056.024731060615,-643.5975412269588,-3025.3512638120865,3899.0688588644216,-305.3436247607039,820.2663664275447,1100.0963870335154
16459.615852517625,-12762.71415165004,-16092.859512859166,-11864.935304167615,-15032.403923012209,-15064.316338753892,-4230.99236773733,-13860.785414910877,-2189.300462763712,-4528.980318707946,-5331.575696836496,2940.029816970063,-1747.9310510103273,723.1044093892284,991.8615615289617
8346.056025356522,-15698.034510731219,-21832.199754732763,-13839.94183155944,-19073.587824558614,-18687.199212660078,-6758.545354223845,-17631.4905608,-4211.5643740926325,-8183.690776381144,-7663.763231438931,1607.297693218935,-3508.773620938817,383.7234654006834,676.2298454791714
-4269.866850909675,-5665.8070177275695,-26021.956663498357,-4698.109054862209,-16589.059066053058,-16312.52497241739,-3782.109998837766,-17936.38516528423,-3424.891081921555,-9671.66258894772,-8434.512886953384,220.33107491091693,-4660.142511519798,-194.95528834512277,265.7804377732546
-14131.718905715063,11378.629700598018,-15620.512390710304,8333.354148894889,-7568.267600702605,-8236.661965922838,1577.815113530516,-14222.20253935929,-848.4723450324191,-8625.897447543935,-7321.309001775085,-715.4290525018736,-4716.609076418825,-755.5483363233673,-4.2380621665327
-15728.735432391608,15269.565503696775,-871.7120897884084,13285.39840993345,1550.6862166300955,232.4575665943949,5638.684772051004,-8165.471800644865,2276.2260628258387,-5565.000072478621,-4623.681350495001,-439.6405958192738,-3790.7891883296343,-828.7962691154562,-5.257607868470018
-12203.383564587182,7895.186602506639,2738.068873569689,8833.610660498813,4215.057016083594,3660.5277716620303,6348.883594014046,-2632.6904757746315,4508.577966675912,-1926.3846564057562,-1351.6238125937514,836.8157870272578,-2505.7795031182536,-392.54962636469486,119.0359252447787
-8819.477894650141,5966.503531715811,-312.9096017286053,4541.125466552817,1550.174539986696,2099.551069567196,4484.283698481423,-81.14853373868436,4949.138530395309,634.6948993343359,1146.9766209650643,2067.042415317775,-1419.319047474661,120.69653596255745,193.69156800104554
-6034.2623343297,7665.467921010024,-949.3334559741215,4505.729217676566,-691.939021485538,259.5961372668532,2812.8318858871257,-53.33453263837776,4319.918632240505,1703.7861699895834,2372.722429801485,2676.853744537932,-607.8976614678638,430.28820181555227,216.3293329859947
-2852.182393002987,5770.976213608604,-1158.2757553206502,5010.615950494676,-972.9191199732313,428.61944169614446,2721.9780025894233,-539.4390495361275,3829.554123923607,1853.474414331655,2672.700075384329,2795.9322667371216,-5.650544412608383,575.4091919895251,229.6806125121779
-161.1273356792869,2250.6122804599677,-3486.3113357300167,4320.420157006125,-960.4963605220139,1498.7064631774342,3556.374340995111,-517.6542054440494,3935.1919655683814,1570.3901190719378,2468.975804213318,2559.9911765339,230.4304434614354,621.5549928252549,206.9976303872478
887.5506289372933,144.16047463228205,-6231.229179610161,3402.7985425797483,-1464.7406496214192,2166.8891330684573,4219.1327707941455,-306.66954327072847,4334.086258265396,892.471512810637,1926.4543516220672,1846.0980049738664,-87.72229604414571,518.7631879782568,121.33138042318177
304.8769052103354,-411.7726413845257,-7418.689248009456,3040.2658602816787,-1963.2090904159606,2438.42397217877,4353.038991657549,-482.89643420448834,4564.001042127912,-263.8649498013055,1162.7391196430167,689.5300855029294,-794.7767242928082,264.2491824751819,11.689905493977022
-1407.654760124929,824.8447088747067,-6157.935778568923,4167.823543187998,-1705.1250429151742,3004.7181502637277,4166.11675370638,-1167.7909504294025,4411.647713173117,-1740.0340944020622,488.83524444949114,-424.32339132822096,-1386.1274156481425,42.849580798759206,-72.83156902784516
-3631.072871771322,5015.528637723199,-2708.0403262469054,7358.969757757853,-615.8311324223922,4040.28998675376,3746.6753314308876,-2162.9763760879487,3960.9383753512516,-3189.309593814284,279.3080611321604,-960.961447061861,-1454.7572808669452,74.56180359934666,-142.1742920491994
-5186.037918477327,10944.436342366509,943.5389983360158,11071.045919170636,418.6015308337178,4770.374379202297,2835.4160995781226,-3342.650065251372,3418.009541390414,-4341.657248874094,658.6666405038782,-883.8378216820447,-1023.7241453010593,356.43025798424134,-235.36353975818975
-4475.452893289256,14557.403252256052,2076.445087599363,12393.266361717402,-141.9162233949886,4094.237349511585,1085.571728478164,-4637.736158548348,2956.640110844988,-5049.838959148372,1449.041816078392,-567.7024349597372,-413.45007082186333,679.7552156813074,-353.75116521273657
-643.8238324719472,11689.827683248564,-1090.4848534950434,9356.629997924956,-3314.9747140568065,1741.5919957082176,-1292.2861503307306,-5663.639859874925,2760.7199950299437,-5234.322613783106,2351.350100739945,-327.06438969643807,98.16188389100512,880.4686037881454,-458.1981509102801
4299.490748870463,2194.1683243375437,-7909.55932610824,3245.341185145104,-8018.865352163434,-1010.4622322103586,-3310.0720940454844,-5855.922967627093,2906.901420943495,-4972.946871485878,3075.9863588480293,-332.80197361136754,331.2187970005692,888.7546518924347,-548.3723458911081
5032.117992581822,-6842.625302987209,-14457.788829824538,-1785.9634055073327,-11439.070822986792,-2527.0865981231623,-4118.406924610523,-5080.8489871888505,3240.241762561648,-4691.609151182654,3468.489145333723,-925.7245744242634,99.56031184187088,566.2282145297296,-713.8882418977772
-1175.1886297454084,-8710.736021826768,-16237.081169739213,-2755.7428131394595,-11268.739359770047,-1695.9241147585228,-3363.0468322352417,-3683.094050879798,3717.8639716397524,-4994.182155010151,3548.101679747925,-2265.2224465471927,-490.7899327095836,-76.66306562733826,-973.6974895081037
-8907.458046973705,-1230.5862855425949,-10144.06269177851,2867.6833083249567,-7067.08003798324,2438.5144522243477,-1236.267818739579,-1895.5073909366872,4277.647433818278,-5390.41207164969,3521.465786068086,-3425.713601146252,-799.3265096386092,-568.1132919472825,-1146.6857003188993
-10891.287879756737,11717.556146715857,862.684189687109,11488.20579925389,-1267.8370939584613,7411.821131137374,1381.414284130316,511.88608448103406,5020.968276436063,-4453.301698744726,3873.356770825349,-3350.394615194467,-347.04348871461934,-522.7317493448123,-1093.833332154151
-6377.636359664369,16782.947820318295,6338.596479072674,14952.00217887017,2247.1896191688857,9786.301311328587,3356.4180075972668,2936.7139694299767,5946.16559262963,-2470.0844706953562,4680.987219396561,-2396.4629959263525,599.933935007266,-117.95648114548771,-881.6780649390813
134.4714238878472,12206.625788550717,1599.2484620133032,12788.00697062116,489.3948290022,8844.546645109984,2954.998240521396,3712.875718487831,6091.027818035827,-1109.5857206118117,5303.52546728568,-1578.357294842931,1468.45701738367,289.68226726737316,-636.086594867375
3624.7256591183923,966.6553149342011,-7559.073826261689,5499.07904608735,-4908.931057519695,4406.640601182808,-282.9269256975315,1938.7574267370665,4300.161849139013,-1379.0809380052783,4837.991381566744,-1564.8463247439277,1733.148432904818,419.70878901920196,-476.0525516851599
3078.3862482112727,-5317.660396478792,-9161.862547719236,-1963.0888618883378,-7170.379088000577,-1108.4370377610855,-3344.8899314218543,-1017.1582076081738,1103.2993764764487,-2720.36724202815,3053.3897161567825,-2256.414908979183,1276.5452507844493,217.25915392729144,-448.65783616709
2188.9519961504916,-1584.8997929176874,-4576.407006517121,-2579.6957428557475,-4939.339391392461,-3193.762868068461,-3485.882478331825,-2648.477469396067,-1249.2013755050477,-3707.8749252581556,1068.1642261941784,-2925.361817228061,654.5228711117509,-59.48727733645046,-456.18243545997495
3474.933415623926,730.0821011171465,-2753.825169941818,-138.050428734064,-3053.671817861292,-2242.0835462037926,-2195.0106075520175,-2657.059363719248,-1920.02064403355,-3730.5264870525366,-28.62470362726083,-3021.3208460367996,430.175094571821,-153.46429168348925,-398.0946447125002
5219.948500761601,-260.6422892320076,-3151.488931996633,970.603269096201,-2623.43807268581,-758.8688378099067,-1185.9134254899518,-2034.2231396741279,-1557.6003813275388,-2967.708426648457,-114.02507702402835,-2452.6590961662732,625.394875839112,-39.67322786179426,-295.4821082055961
5072.790625184761,-1068.505130222431,-3147.3732886707007,924.7960484033766,-2355.7109837863895,215.69141057409053,-667.246459600661,-1435.5258304352478,-852.9135411927446,-1832.776239219033,439.38639297749194,-1453.945372332623,970.8314331606379,155.63096890540263,-216.1359300170551
3158.681446902041,-1086.1095667726836,-2619.7596996132597,788.8694159173168,-1827.9207448942907,643.6647919977427,-400.59465605481086,-1098.1996438854176,-217.65982544550752,-797.0348126622123,1141.9961633048217,-475.41590969658955,1232.0744969448167,282.5081050074681,-177.096823844238
1208.1955819696152,-879.1906864745814,-2137.515451684732,705.381956897191,-1541.9211878396043,601.1743331802523,-383.9941673606839,-1026.1101760727718,180.97578675456987,-205.82292953327072,1523.7938818812568,1.0702069371006928,1256.3453390536147,226.57013548338574,-144.3314007309013
381.4041463965312,-727.4477693352303,-1927.3747744165314,430.6802308965811,-1891.543746877314,81.6814734277083,-804.4027299102952,-1179.8497783572732,274.08517654813943,-187.55763695961792,1288.259419544202,-287.13497772152635,970.5524003842538,-51.13127015700096,-76.41405751753602
387.28649703233395,-861.6906977056219,-2083.4473280908833,-64.42092999867077,-2778.9359366999925,-725.2761623636774,-1585.8975537327217,-1484.3814375617271,51.566768116506296,-665.3564189287874,469.77675518360866,-1154.3784627572961,484.3265470612571,-452.9621996112933,45.88730013051807
349.3009218089326,-1100.7294937506554,-2546.1521593793955,-651.2717342319448,-3734.936213336203,-1414.812350208744,-2236.0096638030527,-1777.5452063108341,-322.7863423691334,-1375.8472190510072,-477.5663778949795,-1924.0856390636245,154.13568265747344,-727.1365263430166,208.3172739362866
453.9227211635659,-1433.7013479494967,-3184.746466239107,-1331.6573021961717,-4113.140183589982,-1589.3089474597816,-2224.323543011053,-1956.4487040883178,-519.1285112789867,-1953.7418714084026,-862.2907466224842,-1850.000260274796,351.5203529774798,-635.87683585293,370.2000632236604
2061.613792038394,-2538.689466553818,-3604.5154149163627,-1726.1233518995336,-3514.492965714619,-1196.1879990156722,-1554.1875758214387,-2165.8116277298027,-272.51074619233276,-2152.52950740524,-351.5733828099228,-928.0855850682618,969.9459591680079,-277.2013018941385,488.4018478109847
4903.784349118621,-3042.3034829270464,-2878.0760652103286,-1200.9940020881186,-2381.809576702771,-1004.787841704253,-830.1730241440791,-2559.8644029721854,355.0975626121808,-2142.0883589622513,452.53372371266676,-242.31048714826386,1230.0812254871698,-168.73552149211525,521.172163091378
5011.589486524962,-1305.7024376554705,-1303.349763022094,-1017.9020420639263,-1845.0585995931476,-1645.6555341796527,-528.4415032073837,-2952.5623318845496,898.7752962789789,-2592.167889960641,449.18496504319205,-948.9714693224316,413.11031212957334,-724.0171186367706,419.3186263157454
-1046.5799848952806,-349.371933886026,-1009.001780524756,-1945.801087029565,-2245.293649508023,-2311.792505370837,-512.8701221035527,-3448.7481527508544,975.221496527703,-3810.2302584476397,-281.9274432069095,-2572.9446524851055,-913.988694796253,-1556.6069230874164,212.85637593922058
-9322.11960090008,-2240.9696112051565,-2882.9100833616912,-3202.4098436841796,-2766.63475638473,-2936.481226503169,-105.97135829262339,-3884.222009436874,1583.6360810893825,-4313.593741403284,180.7118317565545,-3141.5555631655516,-1134.6531906989762,-1784.9705818754765,101.93624108063773
-11583.479573664257,-6252.116551910479,-4508.259498260164,-3736.732904055607,-993.668728993131,-1925.3826887565656,2694.4757387474797,-2225.2726485040394,4370.883940866553,-2652.8757490333437,2656.5682543205503,-2047.1966943330176,149.99978305395797,-1283.4219393999626,251.59256379587316
-6390.815520412914,-662.1668784518446,2380.6337338780977,1789.6024728768436,5702.498246400202,2106.8595607064485,7432.031890170889,625.6477110466437,7280.8788049410205,-708.3314468783669,4681.015955368064,-911.0761091315219,1482.9571848199644,-759.8577927493235,545.3204023937185
235.31523400089847,10101.378597688572,11568.474505513332,6520.044708691075,10242.599331541553,3871.2250784874,8609.744223332955,1564.320962563535,6971.566521978041,-81.43272714331903,4561.680171394634,-530.8277477445163,1931.9873867479619,-555.0655543658252,766.68045719446
3472.023639736625,6267.106348883249,7938.628877840628,3557.4487552722894,6632.724811050994,2348.8623897118505,5099.40322694565,1288.5410458228137,4240.59958006636,11.361837517144238,3257.594629467086,-511.46769339320855,1766.2858492146997,-572.7154971954385,834.4294412685513
2542.1597435262793,-3473.3914326756785,-2634.7326659584764,-1790.5709295010604,-1260.0990458953952,72.65716970548758,-720.7236429978566,817.0743939996094,251.2176993450957,-25.128232881680077,1215.3293981705879,-727.7114974480617,1143.642455017301,-771.3899878499869,760.1044666515951
-985.6840120673129,-1365.7538890991204,-3442.4161543200944,-1110.4981712630445,-3873.53191653639,301.7279144854403,-4174.269110823019,1306.6992668055107,-3220.4708526087543,355.53492096135864,-1127.4257886776304,-866.3835132853329,184.38509985047642,-1025.8037412691044,593.9782245352395
-4462.9454133386835,1596.698134076475,170.10114442837624,1403.3129108161809,-847.8565529763621,1760.752771458496,-2942.5313182691516,2416.285833344145,-4095.426397208431,1239.7422206116803,-2660.671925704243,-651.1351916888564,-696.7695206041205,-1167.2004788961017,415.02530296180004
-5910.689137384064,-276.2634625546818,-1042.4178488904777,672.1374111899904,243.13999636502615,1487.2275445450186,-676.9341838083137,2623.1214573678308,-3010.5111369773645,1963.118878893954,-2978.587667768451,-176.3550252332679,-1166.8551345644241,-1125.1463259768582,287.4408886780065
-5350.155762604683,-294.5047585406254,-2182.0872029671177,-120.029126661704,-962.6234138577261,412.0398397183801,22.778604525782185,1833.9604511922046,-1689.3325254751924,2125.9243658108285,-2517.2284289451077,350.92837753967126,-1211.8627227011057,-916.4414705397999,220.6943061301783
-4101.4114304271725,588.6843788689857,-1305.040168783201,338.0571818696499,-1609.2393731397763,84.95597193863877,-282.0819779366092,950.2517929746914,-923.1994306149919,1850.1363849823574,-1862.8773004155933,772.6229775005747,-1035.6698957883912,-623.0159245137652,178.24296493642674
-3172.7388133889312,548.148238308929,-453.7193675791242,783.1107552190226,-1304.0551731253834,389.2441846206523,-568.4684082512764,482.3584341419819,-625.1809473671761,1437.9166754037742,-1330.4392733757938,1032.5230792770767,-833.3712344701598,-334.0057532018188,124.73407350348378
-2697.4685613905676,196.7181282695533,-261.35227549925344,746.6446053574339,-805.8934447300522,718.5418520383373,-561.4195225908509,362.93485070639355,-515.8567057896227,1073.410340455891,-973.4630388205574,1143.7797310869835,-679.7960496361851,-95.78665228724613,53.04377706923137
-2388.8806407118273,47.681547795466344,-320.6729830267717,496.4583670815464,-487.94718464170387,828.3075340390396,-374.7329120073007,377.06977353890284,-417.91364048101565,802.2599864866363,-740.2293772450408,1136.0678785821563,-569.2978580086638,84.30458022372767,-25.84968890686514
-1997.4118611814245,56.172300966224086,-352.2894941580284,262.7139098490579,-344.52457220761397,742.5195223213757,-147.70741965096784,388.4712689235887,-259.1578858474185,607.4799419159168,-564.6318554157776,1034.3219209965916,-481.2607956527355,214.98080612739798,-100.15102326575122
-1428.8798699655151,91.63463919195958,-317.3165321039715,93.02977843224534,-292.33960656588266,536.6842544715396,43.51273233010852,352.13137136798304,-23.584417584498425,455.2562494140724,-391.3069487484631,855.8283282914779,-406.9395672340894,305.9825951992749,-163.90678488727147
-707.0934172985378,113.03023103377312,-247.86542474387488,-51.455738444087814,-294.4148289987271,260.3277752410968,172.32443121936973,271.9842680448528,283.7309063373548,312.45927213889166,-174.21997237385995,615.7549857755284,-344.1131415126104,363.5340457950514,-215.97301241262852
102.04521171852738,133.9373745550582,-185.0667724313016,-230.66388860743157,-354.96423568542923,-44.922709252905236,248.122468635321,167.34500379618046,647.348734479089,151.11862153949482,134.43366594558688,341.4061900389241,-269.2850739397149,398.38944252860773,-255.78404581722484
1129.3879957539316,104.12250209504009,-212.33714215751507,-481.9588807377668,-452.3876424228219,-293.52895541928933,302.62870078106016,35.894102587357,1018.9825897343321,-65.31082475470123,589.2298464711255,93.85488129671927,-97.2313624134772,449.93723830844704,-274.9413239572686
3208.879245321867,-183.58961536776224,-387.13746367496935,-680.8369240801233,-492.4982144132105,-403.9177460924873,275.5675161349475,-267.07982511475177,1244.942016324974,-425.02016092412924,1197.4369455158153,-35.460827961659845,313.49126727061525,597.2809844139975,-245.94098052579963
7644.143651966764,-574.0782933507819,-486.82602063883826,-596.060767580468,-622.7388191290953,-741.4490609305415,-268.5075348839519,-1212.5455646153646,944.0176373604793,-1120.6812195521757,1720.5824265394222,-47.46549031555088,981.9032287707789,876.7047010458695,-136.7170308394393
12844.523644667805,-444.835953454864,-775.6858202739022,-1100.5225742746024,-1966.8868326092918,-2571.348122147516,-2205.9050578375027,-3406.869950420593,-499.99270260959395,-2402.4031101241294,1456.7118339649028,-233.7009067272403,1452.9077928831941,1108.1683826874028,-6.017114713168326
10845.926461405988,-2063.4963167458704,-3688.8095321683545,-4645.6890437171005,-5872.350174025149,-6630.749865584367,-5815.762856431038,-6530.668890474119,-3353.229393493343,-4167.404190885463,-370.7661722408468,-995.9709651758632,835.6827338202011,918.9832732787336,-87.61013511840827
-2911.6205804552146,-8201.83804531904,-9580.63138815727,-10067.077701504371,-10434.395317271681,-10225.240144158028,-9208.79971607218,-8509.601063310407,-6402.2738289654035,-5424.505485157335,-3193.1156714794215,-2061.266768788971,-969.0912344702678,271.90090934162856,-520.02147185536
-13064.250114651286,-11145.476908256274,-11259.16592094371,-10378.587864190737,-10321.787749013281,-8899.21237528423,-8668.69351916467,-6842.800475960225,-6508.726427873508,-4433.934505783421,-4168.67295393346,-2014.569224758954,-2113.3266695052753,-72.58381399778682,-911.929088200143
-2271.7437965683425,-1527.0039073355042,-1765.4911102151978,-1277.5919090222242,-1715.7026493864273,-978.2882554429013,-1598.412045724399,-630.8221936650793,-1418.6063722766244,-241.9417557253239,-1192.0028579832779,167.90341965052187,-958.1013731779078,549.2052404791781,-800.972555213825
13809.404961618326,11058.618767165492,10335.521384031716,9818.310783442266,8793.723877860431,8275.7152232821,6926.0894382384695,6508.3258199333795,4835.825457038097,4630.07749016493,2689.2606658884674,2823.849957296734,757.2811098001756,1390.334781971526,-546.4133371210559
10232.50573103176,11150.26592653452,11503.949649838833,12145.21546254468,11299.779424620428,11617.626362453026,9452.783375568551,9636.21954808562,6415.253807607304,6673.76979688831,3043.353087934129,3563.3175215522333,388.87599063776076,1325.3967817077105,-740.3500509362051
-5003.855277297492,4300.437638165568,5568.927749734079,7226.607215061517,7334.9511423985905,8970.811063474865,6708.84788479287,8466.426810260364,3841.77904129891,5867.687587646488,441.38955988028215,2615.357376468246,-1431.4077323708657,599.0095594815439,-1152.4245624231928
-11387.982016469901,965.4019840969551,1187.8506301697287,2390.7571129372564,2607.012975966304,4416.13223225827,2693.218117595211,5283.944998731401,587.2431346108502,4000.2967536562564,-1925.0515909740902,1568.6621368678434,-2484.726714218236,122.36417819157782,-1254.401217976867
-7560.558713527977,930.5898601472899,317.37228925901366,1068.5853037848249,426.791272742273,1721.3124564536008,77.93021310349553,2553.6599141264956,-1409.0660151742527,2399.646233614014,-2664.291058945865,1114.0802753222913,-2213.613354601097,131.73094277630196,-1029.1624926643628
-2377.8602138431934,618.8735968421506,215.31093028683517,1119.8436261346485,57.20891180318466,1023.7942921751657,-834.3638894328642,1179.4806184604806,-2031.213052369733,1438.6950232778631,-2279.6870233650216,982.6444429763187,-1432.7010101739982,291.3863267103177,-735.9564928364928
394.29296822172404,185.07099923470207,-21.916445858738896,963.1141309846696,17.648377432654257,894.7627363635437,-942.4105025374342,689.2689476208747,-1898.3723181935272,913.4089994237434,-1598.420840403046,790.5238281504896,-803.8141648824436,331.52084716022074,-498.5467464723289
1629.5460213471576,72.90393159765229,-128.91887730366201,666.4512159253923,-91.47618067190015,661.2883528891903,-877.106207606583,490.4806986158176,-1504.2198992806457,586.1346315421404,-1011.7817748784425,452.36426243992133,-434.57297357564465,235.31811718411006,-305.1243931640495
2462.329424136526,79.15691128102799,-96.24571403529109,438.3171212264655,-182.96455968621925,330.64437452590874,-791.3995345638403,337.8396931323975,-1074.4150740267037,332.72425630568813,-571.0825120061186,50.18898649515745,-195.56610118083546,86.6664836132056,-126.31285159723645
3206.7458864043847,87.61708472628322,-31.036661644811943,269.86887085478475,-207.3933338946525,8.777213118380502,-659.7219788715973,200.60336147234312,-685.955070088696,102.91729599600183,-229.74902124725125,-339.77966687431126,21.810339661926548,-56.20077436148182,47.101270153239625
3823.028970604819,106.97500280649963,10.836437693589971,97.0953436619959,-171.932059264224,-252.53277342976037,-459.31918774425264,97.68610791892942,-362.65246703826494,-131.87490872839516,60.41931196038621,-679.9424537185184,255.43271697078796,-172.22235087118526,212.18163695119756
4260.989367630714,121.355775905641,-8.89335593764693,-132.22466144543,-58.228344811163936,-410.6985583621713,-203.64722406933313,41.27403267481154,-114.43305607758582,-402.8530702082307,342.86638959452307,-951.3484290698495,507.88343919215043,-251.5715943264899,364.19244590686526
4567.911609628721,20.929148282071637,-93.2085140113568,-409.73352658844965,209.89026748771047,-395.4170193318155,48.75189061505537,6.638453040640712,62.858918812426595,-744.35582659789,668.0863654169144,-1136.2134295470557,781.0175720157017,-281.87175982868024,502.0893684650364
4940.230853390819,-319.2390586233485,-56.17179906007608,-564.6287001318498,696.7174426399382,-147.16873774615914,172.74520373979078,-110.77123451445527,215.71683163157084,-1181.217429857919,1099.654273154214,-1209.519968341909,1089.5651940786356,-249.08709250715276,630.9927226592731
5685.117942394592,-611.1281742761998,558.0198906793014,-272.62958578526377,1194.6283646924915,203.6620194437791,10.923827478565926,-514.3443838426085,481.9919036687074,-1694.113899244618,1701.4416675008074,-1138.7558685248496,1447.2273262817823,-148.88554361875944,759.058400935292
6884.200972325525,-6.506132866272452,1691.13890411993,362.9729428630197,980.7314595931384,123.69814938154741,-364.55744605573784,-1369.4050546458918,1125.3567597894157,-2147.6423745441557,2474.0077869368783,-896.8710198186484,1812.5054963427178,-8.324339843003827,883.4034683097416
7841.771604376991,751.00007625716,1473.30160562904,99.96653779488449,-274.547213834166,-872.6633377572163,-163.4894201613855,-2390.260648373309,2378.4254352570833,-2251.548986146844,3209.3599188130056,-505.8950561114183,2025.8921488312344,98.50985438346305,973.8899909421764
7190.347762993695,-887.4233526544682,-432.36998325449116,-1180.0883826265367,-380.6767965535166,-1787.228385617275,1677.422371867093,-2669.079942503291,3843.843913804389,-1762.4791538074455,3389.918054474863,-88.45285794228636,1859.2734065566979,81.45151191950538,985.6259074918734
4282.530223440246,-305.68930037131975,1537.9501942189827,92.23112319058066,2587.755682833953,-839.6076576576087,3884.032150359169,-1739.0427744980611,4009.2096386986077,-879.289313591588,2444.0141178776184,153.85496582684289,1224.3104137165785,-100.46952496902009,905.5709939538488
462.3252873258374,4277.24096107762,4128.97696356099,2533.2575618837054,2810.172308378297,349.83072813436877,2356.706017040152,-786.3777885725319,1502.728768423955,-280.2776005594036,412.9610752643018,53.243234498750496,346.57579202498425,-408.6721084615283,779.6657494161506
-1626.791336035728,-1867.752706414048,-4202.9398291720745,-1060.4199283900066,-4133.647247329979,-1154.0516624971283,-3098.819491888431,-950.5628124628521,-2452.509624578436,-256.0219373684154,-1717.7975748000606,-256.7139359305965,-339.789794714088,-702.1603992573129,686.5686147411776
101.8777886744038,-10201.42649223737,-12062.579567203666,-5830.325187845651,-10007.86650127713,-3201.236582920044,-7630.2458658375335,-1358.2511732426992,-5592.415168424281,-280.0918939550728,-3182.704217000774,-398.37778436725387,-602.9091335723707,-816.4038609140335,688.6694949214772
5869.127701677535,-3489.156635141433,-6455.7023496567,-3831.0795318020655,-8145.14778152241,-2850.4016923941213,-8197.445078533954,-1080.3837803579877,-6884.808686818017,-20.44751637752171,-3782.9914298276894,-250.2984425264583,-376.44079916054864,-703.9562757528287,812.4671930756354
12347.329504579377,6317.981565684037,3240.881906698437,2804.986410104177,-929.4658965007404,919.0790435966719,-4054.9300904950965,1158.9789601768425,-4870.855780148551,1361.7031086655584,-2453.8638566390528,545.1199613935478,681.1435706101905,-268.55577342804156,1021.5951567489208
13040.465264925542,4045.2943319580813,3684.02842830479,4067.355808850442,2632.665512192352,3192.332153471944,-123.71886791822703,3514.774153608488,-1536.7129937377163,3340.465954984338,253.2206279923627,1808.3829877882501,2164.308872972058,371.04560673718606,1137.5867720644435
6059.077562716938,935.7352461310655,1256.8214000786008,2676.721257769319,2481.969018532043,2738.37226360295,875.6045340991043,3485.4324471047134,-231.51196652575084,3466.1485760584646,1512.5890341425452,1857.919016011965,2506.7628441920415,516.3859371943371,973.4114918638419
-1644.7079579926865,920.285483078581,819.106527258395,1609.2547026093894,1942.942127516813,2121.1342066336542,925.2120454165108,2823.616302007377,-158.0087477794985,2151.7620154517567,939.1307699457894,353.25746825474334,1330.7696208240113,-97.32602847071377,608.8364831463977
-3562.4800466846787,2790.5998237954445,2222.9028948300142,1254.837179326974,2159.892570658497,1308.7709853848876,1119.9571693200458,2381.6568607494505,251.43978337875092,1332.9703293337811,554.8540056175265,-837.671756545007,111.18263287675552,-720.2175165983247,274.5829437941495
-1084.1964757939916,3146.25251827233,3416.630263562618,1873.0401359823331,3247.3612278600044,1138.1241677713292,1751.7669118574986,1894.8681773213746,940.745881899001,1223.2407885037096,1168.2137821900446,-534.4737893206441,-58.7796680315339,-685.7481909323791,64.15378537266261
1171.2905516699861,1981.7922991301314,3274.8038105959004,1799.0134853055936,4150.136781806079,1529.490576833773,2552.956397873148,1556.8900369455278,1368.3351255166835,1107.8324896044787,1872.6096300040695,509.1904626185765,435.8510767085899,-185.41728887568658,-55.865126034870286
1644.3756170574077,1438.5147196906082,2628.3992713402213,1145.0811101888016,4099.661810220676,1536.7033243456558,2856.7573849539194,1334.037347392284,1323.4328995105316,622.4270661229708,1765.3695666249582,995.874497463167,703.9453629618906,207.59659568555054,-126.51631281577957
1545.6997209348822,1187.8080529182885,2108.250494558934,516.4911939295042,3275.6712360494776,950.4852762267842,2415.3446756780368,1025.227971664132,980.2313898406813,-98.90736297286367,890.5462353611663,530.9803294231363,391.1815292983703,228.09787335517882,-183.7660627456118
1612.0983409542087,930.5945863827684,1860.462434367078,-59.114726318135865,2310.9643570925273,96.83080485676498,1632.9532100431702,655.8457396625865,677.5573941358028,-701.1027763956083,-100.98074885188612,-304.7834034377663,-237.4062383686093,29.37104762389852,-266.8194004048571
1168.1496056489318,970.5672878342632,1962.9666362838398,-465.94475831074067,1764.4503757471246,-595.711293425878,1081.8822584992236,392.193651908283,648.6921149584624,-869.934043549802,-629.5647095863447,-735.3791548970562,-772.2025686625834,-114.33733113879384,-396.09765149044847
-451.7716394156938,1181.3613392583845,2357.6097462200432,-619.7040470042082,1882.027027052471,-843.6950292498107,991.0082740162759,336.9727949126254,928.9703683451871,-460.7190295248723,-514.9812849032967,-392.57706343455584,-1012.1671904206504,-51.05184135242661,-558.620035947709
-2585.8245285837793,1302.3711201478736,2901.0174518586286,-712.6032547837665,2439.961688333281,-618.8309971198912,1206.1910405687934,529.2801301162194,1462.820223136287,473.34579159511446,47.57798638832128,594.0831343613962,-979.8060977653217,216.3857483872599,-713.8638807588453
-3490.2358552143105,868.0910687150996,3170.5829621461567,-857.3626346588763,2860.400730388022,98.7998638617187,1609.8975372231127,997.3146978134905,2140.9480471296633,1664.7083693423456,633.1692042400418,1789.1683658650009,-802.8612127097379,590.4764703854636,-816.2609806577909
-2239.18491320667,-314.43480155438556,2782.3156526147295,-308.1923443453755,3106.9047294516163,1389.609016579164,2398.815768433391,1620.9399753133712,2660.896373023178,2672.805264386328,745.9616278310168,2704.383628848966,-681.8957886261373,925.5695368790813,-857.35980495086
-461.6284906262611,415.5248586109696,3422.1521163101393,1859.8211046032716,4342.202036809279,2715.2374483087506,3672.5305581532007,1929.6021810801176,2439.139458416611,3054.0636315166394,-50.18244994357357,3014.518669606093,-893.5623944331303,1072.6605164291705,-890.4791647646756
-646.8594815379762,4783.776613149259,7584.983034780281,3140.667236180102,6908.500673341549,1992.8433985898,4345.897393261146,984.3330077943997,710.3167910247594,2512.9067427705836,-1880.7441837871627,2679.1353693599403,-1565.315413262818,983.4966758559306,-964.9482671590121
-1820.8250292091955,2937.2800167348146,9394.329927194505,-2117.866713233397,6717.55362893749,-2647.8068035363144,2314.286052306467,-1657.8898306205806,-2411.671531227284,1294.8464259708708,-3993.961397982249,2077.1964686250412,-2304.964281670003,838.0367976653175,-1017.5464268544517
78.47017628042838,-8380.64251396668,1917.6195854676394,-10596.343176580798,1779.9593336371427,-8046.219359905357,-1273.1431259877784,-4075.1389284942447,-4897.664606636477,651.1760717359025,-5075.010216220891,1951.213948511016,-2447.2052797508495,936.6070288654394,-924.7609448155025
5999.828343931383,-16013.220943448205,-5510.082681443524,-14787.999714741396,-1720.013482776961,-10308.105310221052,-2748.725454531713,-4135.636095363278,-5375.1595492907645,1615.8854064696498,-4855.474060956082,2681.8077817658873,-1857.8083454769028,1342.5558586307013,-681.3830260109122
11835.968405848273,-14654.662103819486,-3614.7125667636533,-13515.303663427421,101.56754752256526,-9125.313456708123,-1443.5233756452285,-2085.6956038906537,-4636.7174478640345,3665.5072482231676,-4145.421838846759,3824.3129732967973,-978.9883705552625,1826.6000458087403,-395.72318600282125
12388.873332558916,-2996.505692521572,6600.399652414149,-5924.619317475201,5493.2535637305855,-4755.292164747177,1098.4537905555449,500.05325893295606,-3838.09008005048,5195.1627073723685,-3728.4342250317973,4418.436579632543,-385.39311596077096,2048.3437397814278,-193.14226307582987
6072.843453379977,7708.799498075635,15221.308132593535,1844.7284291710769,10611.046810851061,207.87424845831976,3508.1539096261763,2504.9466564340873,-3293.946760480919,5206.494044564122,-3800.7116093156496,3717.7184681982044,-517.1416467356037,1711.73938235799,-181.30309102388242
-1615.9614389777703,8788.070089432833,15841.414453412806,2857.9111885015072,12267.13475227769,2159.724291347171,4822.5499977325435,4075.1969108291837,-2827.031298395555,4797.253448669073,-3914.6218560368743,2358.2050734648383,-1146.8289484381207,1007.764316425615,-298.25326394323247
-3374.23643431786,1842.8705822027423,10601.18249794126,-1175.9097656079052,9955.054821715665,1240.1385781496044,4523.125005110846,5161.357643167462,-2519.3145463097976,5004.889576587982,-3750.39549456661,1543.0154644689615,-1573.2667082025912,478.1250630055795,-341.7006555748533
768.0189125812363,-8608.828039252126,3413.780899501145,-7529.807970679866,5422.945689332674,-1296.5375912526847,2838.974905425529,5376.95526545459,-2382.0068091576663,5433.7320634897405,-3242.2263532177108,1433.637097444329,-1490.06704061041,294.35046937225326,-261.0229430878215
5421.001364265356,-14251.058541130433,-1256.1390418386097,-12068.565643820946,1493.9564245266138,-4031.1393535580505,427.87489495916685,4646.614147776467,-2555.8063191550914,5518.695706680252,-2475.7598538529114,1648.0708598084316,-1037.9034365194934,318.79152178948914,-153.5281789910873
7210.205418869131,-12538.890496510636,-1562.7209554201825,-12149.250724171281,36.45377459779547,-5333.939617942328,-1635.137374797515,3438.8796450524487,-3047.7032288152177,5078.353470997304,-1707.3410413314596,1984.607795261405,-399.5877236033424,471.71918213228025,-57.35272396004524
6261.902641160614,-6765.140891343742,1468.4513899272624,-8849.656685278022,665.8250631165595,-4956.10275074989,-2823.478518587649,2254.596881744303,-3673.300534216262,4150.998960750115,-1241.3183825517954,2200.783562674592,194.3851779982997,638.3329214307537,60.17512964540223
4100.889820013625,-1537.0769574853819,5249.94646627947,-5100.920339310119,1858.0061567924076,-3867.953241339967,-3373.688354790166,1238.4448015286973,-4262.36255676245,2857.9201559754365,-1317.2360533935907,1895.012660645757,405.8477929807673,601.0438141426716,211.0337665702515
2120.2131919538974,637.0582916394025,7331.449187199918,-3212.797994411214,2438.722428671334,-3081.7696727918237,-3634.837379927768,466.57838409155255,-4617.481558876647,1417.9932391532275,-1927.0507017286504,915.3659839481377,70.83158568084127,267.95459020916235,358.53604016624166
1087.8296447829305,515.619197781953,6901.154723771283,-3244.5726748429097,2147.2606604173275,-2768.2330759120828,-3651.75810738244,148.91547660384262,-4592.198803283301,175.77660818433702,-2752.998635348818,-337.0701514190224,-538.3348341079046,-193.38569573755353,469.6800225328531
1521.4207512772675,-1064.3357983397345,4568.772275832499,-4139.454687510379,1580.41618192201,-2288.267231495652,-3200.4556283190923,318.71976300598465,-4293.320277442536,-615.8384449667959,-3426.457757130369,-1284.3771623809437,-895.5045792763283,-550.9084634073967,571.7258908925294
3715.682882019378,-4333.33179407759,1900.502295562751,-5121.159233273196,1462.3075664121916,-1261.5883920453116,-2373.641354998717,523.870406781206,-4126.133971311313,-977.8945415902601,-3772.2464628757834,-1732.9086256647586,-689.7931389170144,-741.4031049265092,713.3589048086761
6897.799076315101,-7357.8167091751475,1065.3850278551006,-5102.962584468351,1511.597884491834,-580.7714924649695,-2080.6891412976115,226.4820112313713,-4515.961000769227,-963.8226159308356,-3675.7277661464004,-1810.4885720556758,-22.025345432358392,-820.868982319066,885.0840222580891
9794.944274708623,-6647.8562698783,1124.6941456235731,-4519.502967187586,36.50260062467274,-1771.5375194600047,-3331.648650365092,-78.99283415033017,-5308.878620813185,-243.1573824088951,-2797.6371205619744,-1483.0918485086186,890.6015045844078,-762.9195896753865,1043.6097968816562
12818.347721305507,-6266.456846356253,-1598.8974023658977,-7262.971056172637,-3048.9991129691125,-3963.8459898737506,-5521.590621167542,1490.0670042668444,-5457.470662647188,1830.048330734497,-684.0518482877856,-537.9940832103796,2047.5524309852744,-479.40340350295276,1206.5122298784647
16675.286443288715,-13097.623583446155,-1705.241592954134,-12841.155411435968,-2775.6385843876196,-2583.139870605527,-6001.064824845663,6254.9867188879025,-3860.0618789260475,5297.0803802740365,2526.4096883875604,745.7175675809249,3479.516427947127,-120.19290794930413,1407.4275112512441
17562.47926712102,-14726.067110918217,10293.327689679205,-11635.962442987506,4717.136074300968,4719.909889961786,-2944.4322094454346,12602.783011200218,-859.7142056942091,8819.681940917839,5669.496927718077,1358.018434582754,4785.545703103418,-125.68325757683738,1525.6660414664257
10357.209560877362,-133.71941970185313,24447.400286747274,-160.05564449115946,14726.907982439732,13701.31432356081,2352.066419869336,17422.244167136385,2056.387565025389,10691.73781816174,7478.959016351739,669.0329360658639,5279.2383999142485,-681.6955971131198,1365.5877951180955
-2273.6562746867676,14395.048399159008,24591.475912154805,11813.475075041639,19801.030295499648,18391.883061323635,6659.157043438037,18604.50164119644,3618.913084363141,10107.089627961208,7452.398894277472,-776.6612496085511,4636.64638522698,-1406.0157360225708,958.6558316882783
-12481.398814162883,14870.838834974871,17272.898805688612,13499.248331159817,17456.755278046174,16361.262138772125,6022.938659926549,15760.154944776916,2510.721516796197,7043.446192362649,5623.478154072992,-2291.421209772061,3140.2289917734893,-1909.9532834859592,538.981788871297
-16102.111846929885,7628.1603442598,15334.109579214344,6509.40963489736,11386.711118564654,11117.903130616938,848.8727068980704,11316.604350885089,-706.054736502697,2930.8985893229765,3167.145224969625,-3589.966829338172,1607.5378733988364,-2149.8090599677716,272.6080570861337
-13082.416517292024,-4678.985733245664,11841.798401238402,-3785.232572216164,3187.9254380085636,4953.743112190804,-4833.5876029464525,7126.760159812612,-3472.1032619936373,-116.80007164231563,1796.8571754765376,-4152.637770150262,892.7526162846142,-2073.0499536319508,185.367177343357
-5374.1729845637665,-13478.217632528113,3700.7566767412736,-11479.148871923127,-4670.856849850345,-913.4651341062626,-9044.353496357004,3463.8265190811358,-5025.50158339158,-1713.5792089105803,1645.5520239937682,-3792.695161010348,1011.0691961331761,-1665.3185663922254,206.96069151925354
3051.381282325353,-13117.944816006153,-3911.9691318959644,-13436.29563130319,-8976.977237762343,-4483.974440875764,-11040.92134536642,1021.2486451838731,-5691.145496674757,-2532.464199547676,1890.505094217426,-3119.5805083495793,1306.9799391752845,-1196.9873507065395,230.55016580509576
8332.90148273892,-10589.710418491512,-6495.91431043967,-12433.102574464085,-9641.139969334274,-5199.628406223704,-11122.238806648662,41.067479835188806,-5561.565437952911,-2955.9617889962146,2084.854950151124,-2617.9362651603155,1390.4594863862474,-873.8118975266236,216.9108360417003
8731.494889414429,-12179.587569556894,-4228.689110768654,-11055.862443678005,-7920.0361539522555,-3401.5127058209364,-10182.622597023263,183.26714755236048,-4912.712539717045,-3179.241727949654,2117.9219940014254,-2284.586614725621,1367.5382313288405,-622.1685584274292,184.6347975359482
4433.607300484035,-13664.37520266007,823.4421381670466,-8680.254725545949,-4763.336476799407,-154.84739008639775,-8612.246692940398,809.8831190900326,-4079.2813143117514,-3313.684372283561,1996.7361107451966,-2052.4404156472897,1384.3064401362494,-378.5988750573771,105.09377068389648
-1858.8749832725036,-9989.87507653255,5546.874648447362,-4643.23299261741,-1020.825817680471,3215.118503255847,-6399.645329776652,1532.6572584274775,-3036.4840560798575,-3137.03038911975,1789.7487401213489,-1887.9331930284686,1318.447264649922,-229.32508309088075,-54.99157675983319
-5914.83296411982,-3524.255743400503,6816.242505995488,-581.3696868531653,1751.2048558023257,5151.6214796801205,-3978.3846540422073,2228.998706567972,-1643.1308372972678,-2367.8733102979145,1631.4847530250224,-1660.8487230713704,1053.9385082870954,-221.93590975922982,-228.40914258720784
-6195.596085991655,330.1717417190823,5328.263408905859,1610.6681118625052,2742.944007256879,5156.007856070517,-1993.416622112211,2746.1936107805113,-163.01993600550418,-1291.0002989038803,1591.3096502290518,-1344.2076692305968,714.0252388302341,-294.366953945795,-335.3734238433127
-5109.2789581327825,1087.0539422519387,4180.905114926966,1840.9749356499128,2437.5702964874977,4394.330370332635,-842.4652687687037,3144.197615179534,1049.4040671049404,-483.0134368613657,1662.5880594330122,-1205.89078038983,346.9335749198961,-417.21263565052413,-416.8398383196492
-5432.667606515133,784.2903756318682,4771.661856445795,1052.8424118075943,1448.980251268619,3920.9159968431195,-513.2512166397428,3643.228914160968,2102.148660952107,-126.78634652285064,1969.0140074674905,-1444.3106641144493,-161.31660630434817,-561.5574042147109,-570.3865402791052
-7148.696451090499,-607.0807144742589,5977.48434246246,-565.0291004375929,-137.54390244814135,3780.3778263910663,-495.8476001016202,4403.528933518348,3332.519031182357,-0.4476704067517048,2665.826260484947,-1737.9398517719576,-696.5898753500608,-548.8049371394001,-802.1444462327145
-7663.863376473524,-3519.1033062030633,5557.2890325262815,-2496.2715645609514,-1603.2132214656453,3980.0380517357053,-185.25578399084765,5347.973310609972,4675.169704275263,112.07725367882611,3594.0903261961926,-1551.6291772676268,-930.9437918964536,-219.0341587996368,-1001.0674991525566
-5037.571390806214,-5838.333157917055,3021.0691656942063,-3025.5661862956513,-1558.7237301919424,4763.229745499086,449.38995945852423,6012.68326433941,5577.070007146756,109.80789131448459,4217.050482962063,-900.918943865782,-802.8608219132402,274.24300853015205,-1063.077110270882
-1001.8976010849536,-3938.373645299472,1882.1743853382475,-1153.5518320303013,-76.47928209131038,5930.839470329729,552.7501663633495,5683.484598264972,5478.736185267624,-352.4866988987023,4054.2560428023776,-364.3293908078142,-611.5928842494484,609.7854569812516,-1017.081560064079
1545.3725661064452,-194.70442406023173,4450.370371102573,1013.2241974322618,574.3222251573847,6607.531421908221,-612.4099163459725,4149.499903269617,4542.849471301003,-1266.1689968232463,3364.55643761963,-158.38929278321598,-555.700381913233,761.2666487291053,-961.9948260565404
4054.2883764989415,-980.2580199484926,7424.330865260219,1168.7300945117495,-586.459046578063,6632.2972238096545,-2274.4456217435427,2427.716749583715,3893.231528365339,-2067.6769623111722,3122.1208394900827,299.332675858273,-442.5304636824678,1055.7346055981984,-887.2089591309949
9990.68804695206,-6824.104935362546,7762.190229662899,-729.1649465393643,-3071.5507015298895,6424.369214092887,-4011.030631637621,1012.2444109808448,4112.870088401142,-2627.9182564294456,3737.0957474147685,1418.4747379157973,-96.34471097162873,1654.4356395436928,-707.8522044451937
17456.764359919158,-13199.283632635115,2733.4105192029383,-5370.46237450361,-7533.308379906157,3936.5709529375854,-7040.92507548685,-1635.5326656645152,3916.097790988527,-3734.751809281037,4209.347062219634,2567.3835195123684,147.79331827056055,2271.9495687567232,-471.82669981901546
21464.469470199372,-10249.761124952449,-2961.2381267363244,-8535.107236574024,-10576.53827188614,-1053.9135784894304,-10363.142872954711,-5577.529234452304,2221.1747648452283,-5599.583388511225,3432.6709096303857,2924.929056918545,-132.501497826401,2571.4468340389967,-304.97183040625447
20319.92458897415,-5145.0095100838225,-2436.752608896753,-7187.469974471197,-9714.397487621636,-3468.544463556337,-11120.407160257257,-7885.262447691773,394.74415477262335,-6988.172365528502,1808.5429279629789,2583.502486747846,-719.7540908611943,2508.693392289015,-222.33204976626638
14923.406386751205,-8718.458966893537,-544.0681647341789,-5842.349853106389,-8698.958933149304,-1470.2783678839116,-9485.409434345116,-7504.326168075982,-21.299491470557538,-7085.618033980357,415.52702010326095,2076.900294393047,-1137.88740216509,2228.2144257082323,-176.46558674346505
6791.389988872356,-12654.344834685719,1273.6415928114664,-4664.945427605948,-8213.683279897627,1909.5225473313785,-7201.395552216775,-6170.860483486927,236.20158530152293,-6565.307091476805,-756.1450514776972,1355.149077430678,-1473.6472722558558,1805.3345378842546,-160.53775329172004
-1963.187636095261,-10372.813559678076,3429.3466680012075,-2676.2684799936233,-7344.531784352435,3974.561686468377,-5514.816890156574,-5294.499996291486,125.06615205909081,-6162.128772401283,-2124.9342199041607,97.85861532677745,-2022.4734346913822,1191.3121141562606,-183.41191792370932
-8722.328824714952,-5148.19116626233,5303.8932205046385,-291.9254048423531,-5997.8586564721945,4451.424628807847,-4806.899715814715,-5260.909740736193,-199.4936327696027,-6092.372616419152,-3394.37486652245,-1308.0374035215098,-2610.0556186225117,538.3334826378809,-197.13455423813514
-11559.236707422999,-646.2319765905455,6519.959366315133,2393.234909706149,-3726.859044149259,5022.528427496451,-3776.01467283442,-5169.765531308718,-104.778922236505,-6129.642047743331,-4150.860937431717,-2090.6199314619316,-2907.7372705559096,185.43320040231578,-124.21119819964099
-11195.120891060451,924.1912017922309,6131.725663762484,3895.981496304569,-1463.8687398557176,5843.856871311702,-1862.408313575172,-4256.705020432519,679.1581375130638,-5724.608086099348,-4214.647936490418,-1963.9641513430984,-2806.290473985938,180.26895774653798,12.448480714316446
-9615.70235739199,-101.86541329182756,5704.727838564875,4038.605839688892,-385.0006115041233,6340.361419639478,168.24229033980737,-2842.2188806271793,1915.2128103503555,-4616.802295275188,-3592.0078181250415,-1206.9481335631779,-2415.57607699218,252.47884407822534,105.89026896829728
-6515.874145174311,-1108.3832120002105,6909.445459989631,4363.323483821538,-201.5500913612223,6635.290945588379,1832.6608969871725,-1334.014724916654,3390.7713034113326,-2844.6898722477704,-2486.435680761112,-256.20866887210104,-2033.2096801290427,179.0781900604274,136.98967541674435
-378.41150986486605,-1297.9577906213037,9062.990020755582,5422.005452726771,-411.77457717904474,6913.726479696417,3019.7321443152327,85.13017920611495,4779.726548803903,-667.3953842247943,-1177.7721578857443,663.4951832129552,-1771.9342699442755,14.493165518697538,201.70968845312154
7339.427688778921,-1833.7111362817955,9731.41991212705,6231.653978958027,-666.0342739175713,7430.887129158347,3992.2682919498716,1263.2521382361062,5527.305880888904,1231.80031600255,51.71084345751132,1550.6554025567011,-1324.241800099529,0.3189000280983123,349.67400620814027
12690.86983763802,-3452.518621539753,7781.241100340921,5863.000993526721,-612.0716736114966,7867.33691777362,4802.1784646885135,1993.1851949584925,5504.3640290340145,2353.199221573192,1043.0359989033223,2355.8016057313876,-518.1793175963893,220.25610240264302,518.0898817217482
13846.001728320924,-4431.315488440741,5187.418289620669,4826.877592049205,-301.0418353153958,7375.770568100125,4887.923941572341,2053.990320211689,5245.8621263094665,2966.3623486811653,1819.8386108837115,2917.7404545343506,309.06498233663615,484.4270279146994,643.7580954256164
12456.503130856858,-2984.264551698074,3488.9065722761943,3577.7982740951297,-322.3616059462191,6198.94652877651,4504.9411624185295,1763.7951235019516,5406.731905853667,3641.902762958054,2536.6312127788115,3223.519986101448,865.0487290244973,645.1886818131908,719.894422091891
11691.27904242831,-1104.7525002375107,2580.5112300907454,2667.7727267939263,-924.8314458648409,6051.115027723475,5143.5236992788305,2037.701891178778,6621.509491663781,4989.957405974051,3620.6522533875723,3606.663679656919,1365.1366734074873,866.4935561586199,771.0013563943708
15735.529366186009,-2402.4373636636224,4263.531600739631,4731.892903929574,-927.630227260012,9077.519567953983,8441.179500518265,3717.2536250427056,9428.186262175173,7488.851665030606,5399.6828278076355,4671.651788600796,2261.530106504175,1401.0582677633697,905.7128857776684
25964.074764960493,-3421.3778256501228,13000.818542715515,13085.094194808467,2071.4984688680597,15456.738549263297,14029.368397850372,6260.957354454467,13152.934877430003,10588.73798104087,7034.158912830333,6640.129891127733,3624.7017136286877,1983.1054732748637,1248.436923446944
32757.091616282316,3663.8475417896084,25368.466988105687,23626.743411525174,7168.499108197747,21110.066682785655,18380.619552310287,7459.348295046458,15517.076348728,12544.929965740583,6717.281528021473,8311.642578844458,4659.745419172793,1770.4160026779764,1611.6075659442656
23214.369454767428,12955.790270588275,29385.41367846836,26579.3204816035,9397.74267434037,21164.946397167132,18117.32336531705,5906.35721282622,14487.682190498237,11808.743066715571,3762.7614902940372,7734.174532179584,4275.987945310698,441.7866229730747,1557.6248429306902
1738.070420768077,12979.80622688211,21979.01994247878,20012.09820921467,6996.150457098579,15925.413019988011,13946.398107952908,2706.1223765346635,10529.21132572374,8675.156394414385,-267.32042403545597,4736.252935260825,2486.5225639849573,-1141.0388242576219,1042.3430471032902
-14503.038039267572,6331.621384948782,11330.12357605356,11063.25554128128,3779.4414804116873,10148.235429219729,9443.197239792395,-2.7765622351479067,6094.913340113612,5069.185963658397,-3190.59469369016,1356.7733562811513,535.1515884336095,-1989.206446123786,519.6156151506652
-18328.892626654568,947.785863242999,4128.416278627012,5113.689683414669,1916.5861248234366,6292.784682483149,6216.827350770297,-1520.8333079283611,2749.740395078192,2376.0989296756507,-4250.882873589913,-700.2996624248888,-577.4022651424833,-2013.6951028361036,302.5983080425831
-15518.01290460504,-274.0027470340813,2325.1949560762005,3091.2238430297443,-236.03077460064696,3390.4484792094418,3539.4711127096425,-2960.9232901562486,97.95193672752606,351.8031802849358,-4337.796342669992,-1617.028323100371,-1005.7328114797172,-1706.748382131038,302.14305153774905
-13297.172380022621,-1823.7339871652928,1997.710014628263,2029.594971539698,-4056.5973545568872,-59.98196767048586,735.4485757946304,-5024.016965897993,-2483.178106877481,-1492.0135390862904,-4669.1675039506845,-2368.0877771172027,-1362.2595662660935,-1525.0071633009097,318.35559396641565
-14402.24983471621,-8362.416282852404,-2119.3984393732762,-1646.1744671518159,-9573.864211039127,-4953.842381884674,-2676.05612660014,-7316.497939406293,-4928.848981259647,-3012.0908770834108,-5466.320105638602,-3230.8745096208277,-1690.3879368206578,-1621.584794442283,268.6523142778392
-16480.294181821857,-15454.570433829007,-9539.218839333436,-7289.330277314261,-13918.812307171194,-9636.878445640968,-5921.44550123734,-9225.839109920624,-6916.162486994361,-3980.3599655660414,-6224.818103189075,-3843.99533297639,-1626.830077599056,-1784.969700003316,188.93369059927548
-14975.84630215095,-16120.215754601226,-14181.534336656236,-11023.715927547159,-14433.15080903828,-11702.225953491852,-7655.952897299753,-10067.485552316768,-7965.736350098128,-4120.253720200307,-6539.030197243496,-3967.4792222500573,-1109.3519157094552,-1762.2349496937395,122.345694890315
-8535.481492088593,-11747.981338693142,-12452.24273936843,-10175.317715881658,-11765.70938664997,-10829.233470698538,-7564.397496321375,-9751.534510331372,-7843.347336217294,-3235.7861212713988,-6063.190958857731,-3518.641295810625,-297.70811971595816,-1524.1494341032885,50.91282148888577
-174.07370019041804,-7893.909662559256,-7753.166208511138,-6836.238764293622,-8442.485461746977,-8650.487532874435,-6187.637983459705,-8809.807630314943,-6862.011149314957,-1611.3386366078314,-4683.198635566708,-2492.702594780169,661.1005998129309,-1099.1975207611579,-42.03264472690735
6426.802439939252,-5418.933684869303,-4391.779219119822,-4481.211076136216,-6355.695451006989,-6913.161374776813,-4422.149295725589,-7732.039401617117,-5617.158899119695,113.8223540137285,-2878.0497496597563,-1242.9130579801292,1509.9204115352743,-589.9714867419708,-143.74758614197148
9813.687267939564,-4326.02633179736,-3754.836958694625,-3837.9227897491205,-5940.0655643567825,-6043.516647254143,-2754.9258709785468,-6710.03015919353,-4531.637293213445,1448.5445982625588,-1327.6318307050328,-325.8050704520565,1981.6269305510564,-216.48438769610794,-248.48215237827822
10705.221999475405,-5618.068877936479,-5143.21606711481,-3777.052222841973,-6822.243628588929,-5735.960649334878,-1148.4261554607262,-5743.634670420053,-3722.0173226382476,2329.5610523126265,-313.69764530334226,77.30050047834862,2085.237047494264,-23.880093380591518,-339.6700567944326
9745.558438260765,-8406.994006807208,-6159.194650272562,-2654.24185206504,-7632.182590325551,-5264.6448685246405,518.9756854230544,-4752.137905711657,-3160.107969264499,2782.4668463418725,355.1468039490434,268.3017182482249,2160.487345795077,181.05455312728287,-408.5852696239056
6673.412364851876,-8805.969977036293,-4345.953789731178,244.04401552724093,-7229.574502577139,-4337.649965127459,1834.855121904161,-3502.9236299600066,-2356.8034267761004,2931.9088340983653,1033.6053517875205,452.9063576663898,2410.897346928369,480.1274717290926,-495.41798624551575
2751.430559440491,-5690.308421984496,-1168.9885262797739,2426.5276865273654,-5891.882026356034,-3274.996376675122,2171.1712654189446,-1625.762992019896,-783.5195071539999,3206.6501464624453,1716.6834676900353,452.0315168903128,2482.304822911571,685.5506512063469,-609.7914250482053
773.4568149761963,-3355.163291215795,-338.4271215903872,1829.9293982186882,-3400.584817585006,-1378.7530837565985,2320.224356912069,498.81417396204336,779.1551933738547,3540.6601032183635,1997.0140369250091,229.86264960536687,2072.885986662108,644.6483924582451,-694.115198885132
626.5988335019839,-1251.167604216213,384.1989162641564,1580.8159260697919,-308.82494508629685,983.143388592993,3204.136417915732,2006.1886639800043,1409.037804364619,3766.1406626591165,1955.6399186895335,-106.31094978988807,1508.424942110577,483.5418123597833,-756.4575489267737
-257.8544767352233,1569.4174713410227,3649.5972344093007,4573.29025741986,2051.2440495756473,2832.7924216533356,5551.040752258244,3248.8907525658033,1079.3285914364822,4519.908527505534,2252.4953117344035,-835.4687325690488,1160.9196353718785,516.720370825339,-865.9664068021409
-294.6300624107669,-377.76215720513875,6153.082189872018,9649.516960984294,1537.8545420248586,2375.221547381862,8782.971330345232,4058.6468386650845,-474.23661070802655,5598.430691649895,3095.5051566276493,-1881.7288021335523,1086.5950742246173,978.0860541004979,-936.3925652056255
3470.5517687046704,-9649.534767065741,855.2259696517389,9234.172632381622,-2625.9437906115454,-1104.334311245286,9321.916093265925,3609.5914104404337,-2327.2422518385465,5723.244306543411,3851.436828277649,-2323.427097617147,1215.4549176652654,1602.8366974996334,-800.6660277105458
6196.235427868852,-10065.00596955005,-3657.6193879491625,4075.6220372728744,-4284.189017656427,-2803.8204667123255,6693.353560422726,2650.171358388021,-2619.4467199987494,4500.571446025485,3564.3869981451576,-1846.834913799556,1214.4109378049652,1721.0602946922702,-572.5800463002429
2065.504196822898,-1938.5635498004162,-523.7622151810597,2195.762000147153,-1629.5952768358493,-1012.1132662440222,4135.323653747105,2102.2868917147566,-1464.2954325091555,2630.3684603561146,1993.3304081658619,-1413.9877636782712,673.0359594504621,1151.102679456998,-532.8092364974834
-3983.648576150266,1710.801516778755,2529.868558403945,3186.480118608848,771.4272507928135,900.2297569230535,3100.762917643297,1822.786481792386,-454.41306409926136,926.882918833783,130.52858884876494,-1796.7549011544052,-279.55324340283187,523.3296370688175,-657.6697427161151
-3090.9629791849616,983.2771982066893,3037.405382514677,4462.328718396354,1659.2824411896936,1524.0816755688688,2965.1906160020662,1553.9192509773818,-377.85461707373554,-111.60057734940938,-718.8504158806537,-2528.9074979642264,-1021.5936554219031,471.7989665080041,-665.9619871663334
4964.523351582006,-285.5308808728345,2443.3097385934348,4957.864476368818,1543.6508601026437,1103.5812846741062,3458.00801238565,1780.760587547794,-666.2988954268943,-123.9527639944904,-131.79038572147837,-2582.7784691005163,-1087.9854162998367,936.9498249350721,-459.0216225879793
13072.742195418065,-2044.7793783282807,477.54495415531085,4488.456677384078,560.4818947450034,-14.221359726094647,4711.261207417479,2980.7701817456714,-545.6583199196222,781.0597232806631,1223.6062398430868,-1666.3556558342875,-568.9466127141955,1448.8767867182278,-197.98524833430497
16037.390095652989,-3919.179990167957,-773.8803347784741,4835.7290134053155,385.8553285377735,-515.7770884374331,5990.978968083992,4271.3583325633035,-145.27884712989564,1477.5683351879359,2154.631497415555,-664.9133558429396,-91.67905332402468,1744.721705026729,-11.895662526674016
13450.343543859743,-3060.383391990241,-106.42969777799284,4897.661663801709,688.4529372886678,-663.0463574085669,5837.31584540551,4245.349667140381,-270.12731767082164,1052.964448582587,2001.3068786145802,-463.79806730727023,-199.9649712881628,1764.1736108531438,100.6188309543819
7340.753356166369,-1569.6728565139213,449.48510341901203,3883.9385228728415,398.28866455462725,-1153.9950108586843,4209.47210762061,2911.2622983839137,-1134.7085359559976,-130.82702524701676,1178.5219134769698,-823.5252685006104,-616.5724581679403,1510.5005497446468,156.93876945264938
1370.8045618853885,-677.2035542330451,613.4684406806635,2858.9089824461007,167.4671329328625,-1367.5475218245367,2379.6262553232395,1279.1003685959495,-2089.5914752793246,-1273.7233545285555,354.66997298328477,-1096.619163353839,-779.0347724861381,1179.8753384515664,183.65344207884962
-1290.9343880789268,-272.9701801555539,543.0825617354571,1977.9180259705101,156.18013958840925,-1195.7269078514703,987.3101447748286,-27.332535776104116,-2723.131819443628,-1973.5179676645278,-217.49203495189062,-1147.474591399069,-663.1256500100064,937.5476716734366,217.4195234897325
-730.5978856710124,-298.11913016353896,294.4833533180532,1260.9563513274738,232.3081198171953,-884.9431340134853,138.7478506850054,-747.7958356615226,-2916.295827529811,-2076.995467570101,-432.05579815015653,-1037.0499715022377,-476.1454417620454,760.7461824122623,259.5779219689139
1077.754851542704,-518.7443477687385,64.05105241797561,861.8639482046506,248.27314752508,-561.2415797922005,-237.3941998853582,-873.0125826019998,-2438.766448806305,-1443.1080672357798,-85.79581488755252,-610.9293351836843,-244.56159020763045,664.4328613572733,303.8827631200982
2713.2373950547,-565.4828561747981,192.47391559573012,1127.8934472756055,280.1781505462005,-261.65502475527035,-210.88529501697775,-548.8206827495684,-1317.5273250501864,-226.19891894365426,922.8572408955649,253.57833242776957,35.86197497092678,714.3293761035546,368.5206924155725
3769.5244114704647,-449.21793254358084,699.4928358517111,1648.0892722065623,720.0310562425767,249.1839950889963,334.5154161658405,218.5739036238392,-44.8007708524687,933.0991349883546,2231.8824162334213,1251.9203499961982,204.23393112632004,824.5288207535484,472.7646962431055
3607.765954692068,345.7979452879608,1466.268044371703,1957.0613843034664,1471.9710647538984,687.2813258277276,1238.0688809802973,1254.6534383597889,804.8440992015857,1359.783793584703,2939.8103189710555,1666.8716165197154,-4.919702058093208,719.6194532526347,586.4546845383143
917.9257646033013,1024.8244385016833,1932.4668956252253,2786.264718979076,2182.409986458123,624.707747719918,1706.3904355017658,1567.9510374505974,788.2832611379529,861.0345587756104,2299.269833121272,1040.2542320498462,-686.8397487045236,245.6477683959365,638.4254439197405
-2885.303364485012,857.2069760346392,1864.3764193142313,2999.3748027815413,1725.5042042576315,-70.23485808432582,527.2482695695237,302.5673868790055,-483.01984170952574,-400.85242232117685,876.5114575208102,61.90459760685345,-1469.4347381752316,-295.0407769695983,640.1122937558589
-3628.3902610194414,-1442.0494101081447,-1049.7606515070486,725.7948952118613,-1042.9587658887262,-2603.7159247832546,-1729.4986304605322,-589.4643419072761,-2019.0867945113412,-1779.0221648654056,213.4667112198279,-40.59447711640633,-1745.888017834151,-507.4256830731564,691.2489683994711
-2023.2590942601494,-6015.631767379558,-4783.445918084695,723.3522800344894,-2056.733747638699,-5025.217558111666,-2452.012719813449,407.5345747361621,-2211.3488902655417,-2453.73276795874,352.99457872394714,446.52634835207596,-1591.7017863772733,-550.2314824938763,751.5642939082114
-2432.5616060659136,-6741.516035306655,-5295.680800112263,1639.5554341511017,-1669.364397345903,-5735.5064529476995,-2725.060034790271,776.5164330123018,-2237.2348322760026,-2816.657578737874,-78.98268434413768,296.6878522249772,-1652.767779587326,-732.8082949071472,674.9554093517045
-2991.5680539804735,-4774.413668395777,-4142.506320764743,1731.5715937422053,-1401.0508626374665,-5652.869103955878,-3095.4202997006632,435.4683741205565,-2409.2355352781187,-2921.911102469117,-726.3756637351976,-199.26703901882826,-1761.7068795045361,-822.5547092619277,546.0718668932669
-150.69516651454506,-1420.6040192825126,-1545.0157410972397,1398.5494992635345,-549.1113719504725,-3781.9697079710495,-2063.6809232146784,541.5018842587383,-1498.9574548931826,-1912.5430497133214,-344.607515368887,-103.7109556980551,-1293.8436088942533,-585.9727836911112,559.1442775339267
2787.3295421844086,-177.18239557459867,-332.69950143290373,741.2102254832313,-282.3215772984282,-2111.9503887758356,-916.7397383306246,690.7751815389953,-333.711414997114,-512.4129431756944,647.097096129518,482.7641851096273,-544.9945859466771,-356.6566394993385,644.9193406057642
1957.0959228867694,48.66819650939284,-61.59410661562614,976.4542501794604,49.240406880040055,-1530.4926166369285,-279.21399636347644,1055.4127673083092,490.566108794189,184.70558907476442,1257.5379557563006,1059.6094829025383,-175.27140238053465,-479.69111031739646,609.1178948210239
-527.0777384987219,-437.3582384349854,-642.7931741515615,1390.9388079039927,326.39697414065563,-1645.637537087478,-66.14572348076693,1540.0530318882957,991.6230938524088,176.4835614208826,1189.6379360391034,1286.1048986980502,-243.7861208334825,-795.8820605464473,449.8029793244393
-1216.5944472522679,-1293.0499556341604,-1362.2770165904637,1960.5519896862322,956.945279457002,-2248.843139538452,-454.67111228683274,2001.5953749114142,968.2600654613733,-437.16129662954756,550.7844760702307,1024.1701271728978,-472.07167868010276,-962.3849745309701,312.157278861151
-1245.2591620551177,-2494.2938288821856,-2358.247384532189,3170.6223766390535,2171.224870028635,-3403.268205125612,-1532.2087121689167,2632.396577707581,792.3933917070109,-1616.2943781596935,-355.0602965663519,695.2531452263501,-601.0951957239213,-961.9995931590166,251.92259982000763
-3611.0820756893504,-4350.882881506908,-4132.914089192816,5801.293639874151,4530.702334339179,-4965.047075617839,-2979.8372302612393,4023.4453303930895,1446.9440164593734,-3073.9784922418125,-1272.4074010629438,1050.4486955973493,-348.51250306764564,-1067.0604423227862,171.67080382855187
-6358.477250646715,-7365.625611870292,-6962.4817770188265,10217.052413301883,8493.26462769148,-6811.235815895476,-4836.348550856659,6120.533511436054,3156.634245753117,-4315.205100274,-2115.9046028647776,2149.372965657636,445.922739642004,-1308.1566223658283,3.746457144524669
-4246.826764706137,-12702.033826326413,-11631.121306888324,11938.036882038394,10529.287636125706,-8514.36190821004,-6757.968344834357,7056.480128029093,4649.171154309947,-4483.59248739326,-2473.514054734786,3042.206766356836,1377.9024941691207,-1292.7531028938993,-153.7509493076575
1771.831433408894,-13024.436556970004,-12015.229203795703,8903.88394540783,8683.712844442662,-7496.813933764009,-6290.440972095802,6025.293244357023,4775.030258531715,-3008.266471605229,-1763.2104581120766,2903.8983069796604,1643.9649051799104,-868.5780594815349,-204.00732687178117
4451.785095251902,-7109.511353702765,-6958.883361762682,5895.4548226540965,6085.233910667127,-3850.090081182468,-3216.13980183061,4484.232184428805,3664.8802450398393,-817.5557871206315,-280.38302968532895,1954.5354911275717,1064.8580395700455,-428.5416985363023,-208.3221247351328
1958.699607135969,-3547.460423744423,-3645.3761983709132,3477.373366921514,3780.546748462596,-1177.3256469003265,-615.4709488131996,3139.11581667203,1924.6153151173378,480.30709682909344,910.9441643519361,870.6322369108135,237.5155480114498,-248.06383424356977,-236.0750297264854
-284.99132684168785,-2162.003135454704,-2389.944841933038,1122.6720159317188,1730.0813491105143,-522.2356657851576,223.13217421213054,1823.6248628196254,195.39754641164916,440.0278126382552,1193.806611686554,55.00915044039118,-308.7109832109549,-256.61156143786303,-279.1924571474678
432.15073939466504,-946.5547510414347,-1304.5033614410595,90.83036824183763,724.9138629697267,-598.7055995599726,218.39056994930934,767.5475363563457,-900.2085425123745,-104.45899222519188,883.3279229890557,-232.2389563487278,-335.91666827833495,-302.985618915715,-351.80313911855137
2456.665359975134,-5.284491275137597,-665.352857393473,335.77500000493376,534.2953104572065,-639.3667799866586,379.5000882157858,263.5555391207753,-1190.937684746232,-104.88905359614046,721.3192236033964,190.32572609987136,202.55719581707933,-186.1992811714136,-460.96543840800985
4804.243440806782,-140.32556704627524,-1110.1653579229173,25.75132966945506,-175.86694981455776,-389.72599896194555,1347.1736609735499,566.427466528641,-885.4083929239432,665.7820096523733,991.1107306774925,974.5928956074845,918.826294373016,123.6708263775123,-543.316167476824
6572.920621030606,-754.1036737134964,-1062.666075352691,-969.4995975263431,-1314.0458377906339,217.95353704262135,2514.7101215848834,1218.9363468748509,-550.9940147808658,1171.884405895443,1195.2455575049141,1288.2419175873683,1119.8787701895078,289.7503686747671,-558.4488053295308
5851.550479996938,-410.1576117612041,-84.76645245630927,-1627.4333134755525,-2345.512657605991,76.19730102867754,2606.8511599349094,921.262143369145,-977.5435148755323,595.9647802582024,995.1935800435695,944.6713672010121,726.2321286916213,122.14710920569289,-563.9447290622958
3168.8307490315406,1121.2083166181794,1439.6427505272216,-1759.308956925464,-2978.9920437148894,-313.73483053056214,2207.1700175607925,469.4119390132373,-1255.5824160117916,-177.3208011753693,436.204953313186,498.0158087699944,512.2315699125132,-31.93333496178512,-621.6987181824454
553.441518118834,-234.4729994300667,-343.3219776875379,-1892.3721244917417,-2243.8860020844677,-1834.8510338716737,-140.0390624409081,-285.5999929308361,-547.0735835944731,-807.6753820978518,-899.3166165575925,-233.3827506376428,732.4254101843214,69.96162921229484,-720.5710965421521
-1326.5558840979272,-5757.696532258656,-5458.738621154709,-4736.855950908008,-2770.5991756211374,-5112.453217754281,-3851.889837212379,-2373.3765097889323,-203.13254803588927,-1626.645833741228,-2572.6596367306965,-1281.0580021091732,878.0831615649906,278.5281901266123,-785.5345494582693
-1088.7263029355256,-5813.135861493242,-6609.476616820793,-3503.840081965497,-731.1023714871426,-5168.304074400124,-5371.272034496032,-2867.7620978941422,781.894514965752,-1128.1933260034023,-3078.0309454136805,-1452.7483056993406,1130.2236465831666,587.3459364243881,-690.807599091783
676.0233953787805,-2823.0192910263604,-5318.836405827149,103.18425911082899,2899.7426414824918,-2941.8720379139027,-5620.585739739213,-2084.5419348122587,2972.626629826221,945.6269819703322,-2329.012165833181,-555.7930751334544,1802.724044622636,932.7674176565448,-447.11620181736544
-148.53378673211378,-1309.8485243586765,-3672.096637390065,2566.2155085724253,4399.589093524987,-1126.9202218837333,-5160.736636021041,-1900.2337596334403,4108.733172657138,2412.254953305923,-1384.8290090614519,271.0814492208385,2166.1647399668714,944.7787076475868,-293.43101153923567
-3520.59413595968,-3255.330915794998,-4323.266934683747,2301.7524839157672,4237.794461589241,-492.73053229761405,-4773.937437215494,-2148.6936721093857,3660.7352233232114,2144.107198189562,-1073.9266243354446,312.1531144244569,1598.3221542003953,599.1521674173378,-354.7744488242041
-4323.371001483469,-5250.920548483977,-5431.207232262793,-157.471550477976,3160.6240176459823,-621.8808355508263,-4966.100172776468,-2535.307909748109,2603.715153509782,786.5159502187482,-1763.2958554068227,-465.34925734566957,474.8592742688788,363.2708075268609,-449.7280130446706
-474.95786747510755,-6196.308917459461,-5862.066355835984,-2083.6639580650904,1930.1260889596917,-801.6435107918433,-5084.169824384518,-2898.2772755299216,1693.4376535855868,-378.79193285837744,-2877.0963485677344,-1547.8489994113506,-489.66813450680615,496.6288493985734,-384.9673265842
5504.81417223654,-4905.726019158399,-5096.163667591469,-2427.246167096259,1128.2538510008087,-1175.5776511461477,-5360.890891297059,-3238.5900708250006,1644.7501224242703,-199.31739358247552,-3139.92340461635,-2102.1957711803802,-752.497848828011,828.273002035375,-184.14301204123566
11606.01285503118,-3670.7431228365795,-5183.560638329406,-2158.616834389644,2417.965841485388,-565.6244265814817,-5981.058955532086,-3191.803949619976,3033.9267657984806,1559.2092009433857,-1992.3995654322416,-1920.5593596528497,-224.9035958652695,1210.6966928655797,44.73392650093339
16250.441018861124,-3500.892017767775,-6864.3503158907615,-81.27976757870599,6927.004745256475,2586.39916459627,-6021.752034331007,-2619.495561410123,5335.552244752149,3946.5839234218506,-315.3165807578465,-1741.580219475436,355.32860453310604,1598.7303560520088,244.88420577824985
14903.111411505108,274.81399744344486,-6066.545852027991,3982.585778363099,11710.069703249483,6507.879418927376,-5332.083157265974,-2430.6828548321873,6831.980311655277,5630.569680157945,563.588829715788,-2234.4222980101713,119.86369356663944,1759.3877070337917,379.34426665911576
5933.5592399074585,5536.111779304908,-3131.813679797801,6689.734827399934,13860.224228566005,8615.929788961606,-4917.598315211804,-3229.8650238866985,6488.157048564637,6026.737106009178,255.28869321808293,-3274.1714315509817,-822.4757354281252,1577.0782001165762,465.3947381481398
-3224.205539371709,8103.283389448656,-1230.1561107062466,7334.801537928558,14430.755532846038,9492.566786900732,-4563.4701549932315,-4099.340248382916,5140.876078295986,5645.6091198677495,-423.08813877785013,-4258.0963626946095,-1738.658724553157,1314.9843800387766,582.9557034674116
-5398.983505306577,6553.326397054134,-1334.5916425153648,6886.325153301704,14091.383383406343,9951.379546513996,-3054.8948933781467,-3728.7629014283325,4199.076369507454,5390.613352045429,-241.07633810627289,-4476.146023340335,-2058.3599196805253,1182.5222813234109,721.9670003242779
-2802.3666657315625,1532.6343847730332,-3947.5469116146933,5108.562164510513,12054.559371877278,8723.70437895197,-1417.3601858355744,-2629.3214165203617,4087.843517412191,5710.004743474724,1239.9602005486563,-3453.024575414929,-1584.8678416165956,1115.672515334999,768.6030873269065
-1325.0944156391838,-1523.8151460226381,-6428.746365866782,2211.3630347106546,9290.002996824516,6499.89913777717,-1404.1457306785626,-2292.884474803094,4598.370768762955,6416.409444839169,2982.6103342329748,-1729.9538994374752,-721.755238720455,965.7539437857645,686.2752456452777
-1853.1026760078257,-5048.089396967616,-9556.647963252402,-2115.9390764098184,7247.491168545324,5398.125679224266,-1693.6659913859366,-2547.2370338701776,4806.6353767084,6843.432613701877,3484.404018753821,-1130.2917372261634,-532.088457711728,709.0751013623801,639.6493724838788
-1996.790353338193,-8360.673440801014,-12450.742606233034,-7185.973661655154,3267.142404439028,2161.490235275717,-3981.036923533733,-4927.299032040251,1921.5770008067936,6633.862920567347,2823.6711398653542,-3074.387689100843,-2033.5473691343202,296.7383515680865,840.6012398908829
-4729.786374021462,-17049.30974373393,-18469.9563778001,-17784.333223866448,-3855.283512214881,-4023.7845469614113,-12791.793901856563,-12868.628589914078,-5287.315785660383,6171.430651951971,2366.887803339047,-6605.731310844569,-4950.804281443105,-674.5236059212709,1151.1660376704103
-15201.799688728222,-32559.70690306044,-33029.84596377487,-28391.986544659292,-3839.1451726397404,-4039.634740456555,-21845.814164553227,-22299.98181494441,-13167.504873412741,4649.340143085225,1765.8479023609814,-9470.55570552698,-7400.142229379102,-2310.043169893309,1078.3906061706375
-26866.145954095406,-27523.48569548352,-35998.642501575014,-25604.29885699937,2525.3977731996374,695.6540545209996,-23727.20381676233,-25778.355850830154,-17740.77421731173,813.7469946121333,-414.5412371837507,-10558.78872531229,-7565.531005532476,-3496.6639884009446,494.7047396268277
-27911.29888600879,-11353.21974434348,-26299.93141116026,-16938.397772151646,5758.610408511415,3022.0152588791225,-21088.229165113735,-23708.602829422853,-18113.05609558826,-2940.9077830063275,-2671.7048627329286,-9949.084285323666,-5792.556986763182,-3134.6144119080973,-16.74473317964714
-21814.73551564188,-2504.803362064479,-16552.288070674018,-9620.46480923566,6903.41160024539,4905.226735914429,-15656.268442820512,-19655.992581965398,-15024.978898950623,-2582.5585665460057,-1714.928336070953,-7826.214488693646,-4203.138652787771,-1988.57810956988,-4.6839684284101395
-19563.343255328087,-3520.0604941799356,-13886.341046515296,-7018.722861097316,7052.062486642677,6814.499869388813,-9175.747815151097,-15261.488868362658,-10405.745950469975,1759.0095942705266,2686.1062017072554,-4409.621052328425,-3983.3058552567736,-1529.31162245293,243.2668458305643
-19243.223481591966,-5411.906566224118,-17856.241306244556,-9494.098602217333,7436.926419711506,8495.577855344824,-5458.603062462996,-12409.605004596746,-6968.901970843848,6193.350960959084,7270.402486147618,-702.7945472890126,-4310.174874945553,-1841.4203810108038,301.45001415259605
-13659.284635920942,-7134.589017304467,-20914.216005174938,-12678.923635008663,8070.112923607658,10497.726967071147,-3538.877047887575,-11263.794842431833,-5560.383966270671,8523.778397843991,9774.689625403005,1768.4027562322672,-4424.278912046258,-2230.8633568715263,118.19048646988364
-6190.934848775885,-9726.656444501796,-21544.907472977742,-15127.32763590115,7095.652181699714,11327.42508696627,-1526.161081387511,-9778.723313086291,-4618.52775868443,9777.531127552495,11071.418456118596,3071.8251596486543,-4697.179764708084,-2639.390327590661,-186.53940513440847
-4326.067352089557,-10670.930118422615,-19546.956769288932,-14938.70118252172,6138.9409047741365,11688.085873063037,671.8318828795316,-7928.849597057425,-3641.7686452922476,10721.57775558226,12201.448021952276,4483.598303969774,-5068.063719725356,-3245.6114470916664,-499.31941019960175
-7148.656919469579,-10042.308643337365,-15440.741020608906,-11132.019934961805,6217.0815498697375,12126.880929413457,3544.7083934425023,-6532.286303006512,-3675.5446982908743,10496.40912002747,12679.630675776461,5765.115640444958,-4951.859212541879,-3714.517543890594,-703.3773185018831
-9550.380447572934,-6552.317249166032,-9242.920220838581,-4191.9747957734835,8779.650894090571,13276.976392304412,6554.585542477252,-6132.482213055267,-5440.955795451493,8024.9128177176235,11805.45916034277,5685.382004427252,-4678.666853827881,-3704.409300946122,-744.9290784167815
-11469.97542252033,1633.6139729355668,-4211.583345458539,1127.1794596804193,14078.61326779758,16542.819451472285,8020.327034871217,-7930.488860869163,-8827.513932106767,3327.6186221034245,9648.505139991907,4368.232943180685,-4899.469515912775,-3436.080110345316,-687.7032532210271
-15076.512216511683,8042.8378758592025,-8663.973614737422,-3000.114180316444,16169.130130344924,19521.230607794518,6862.260279490173,-11570.179962483673,-12512.482388321176,-1787.1325451925538,7272.342282204947,3373.3216730218223,-5099.632098486025,-3304.4007853477706,-648.9258444371192
-17578.937934533995,3171.997168593553,-20171.902524359863,-13519.167014595498,12068.471729620978,19465.905876736106,4999.033046562185,-14325.348598907516,-14846.908654221244,-4933.740557466617,6243.8757244075605,4008.2393802879255,-4055.9295982742733,-3300.8445884857515,-692.730286875594
-13709.10412221422,-5723.153495571445,-27833.1192683575,-21097.878183951223,7083.86040553457,18642.9401644351,5047.022862305196,-15022.652031984995,-15936.440444588787,-5764.779905211498,7212.169757136446,6143.983530030955,-1624.769007310608,-3159.2917685020116,-802.6093900171586
-4512.0209529061,-12032.30917468169,-30029.396457757364,-25669.667401416787,1752.9135190620723,17470.801030180926,5590.538497606313,-15167.646240311691,-16998.153570217037,-6068.194552907245,9284.407275301808,8779.64036767805,987.1616861876627,-2960.8544876436936,-983.5138462989149
4058.338991340355,-12316.06323409138,-25951.995405091453,-26434.650856152704,-5467.206650776937,13410.160685899904,4941.825685103702,-14900.398394229409,-18186.25927588923,-7152.343664392663,11093.31226115918,11118.201556760814,2941.7843585232554,-2910.4066042804693,-1250.4109259389352
9625.578419820773,-8415.305486650255,-18313.017533472357,-21269.734822120427,-8903.074810245473,9522.77628761416,5775.629715035772,-12964.830685661353,-19464.52762878244,-9229.889722761342,11821.88001043545,12726.233687283617,4214.808784153248,-2870.1490331932177,-1519.6893186915086
9572.198298390502,-7581.014104406986,-12497.3677183994,-13579.122358991906,-3336.2748223237027,12378.986322170842,11433.750293141904,-9924.70257577578,-22286.588050995117,-13103.815482820799,11167.11414042095,13856.994221350858,4856.188590946927,-3073.0186614317468,-1826.1481010181674
-630.5705897512811,-333.50420528800885,-12098.686880209114,-10916.494678407244,10852.417836715502,26498.339778687816,23514.828468999218,-7300.964279302805,-28485.223751165195,-20085.63430483911,8744.084394566235,15396.885701430301,5535.2851215319515,-3948.405185078432,-2420.7994794460537
-12874.315910664627,15537.76891670034,-30747.680743615252,-27789.97883341956,20220.778418884463,46683.06347236806,37952.49225086149,-6830.169659374484,-36900.855128097784,-28758.067403690548,4370.704630554463,17114.051523255803,7280.152410648985,-4446.39021198914,-3176.5937446316866
-9371.14376819453,4174.60887752737,-65322.81379167898,-57944.581030961,7220.435314583657,51729.82803961845,42060.11683536696,-8085.955903450682,-40483.02570787015,-32764.29934135731,135.4729307679458,17310.56201953644,9487.70510061074,-2794.0793354754665,-3318.515740100589
9684.117381089369,-18570.75054542673,-67132.32026797517,-59996.25494662844,-9530.347202579296,36948.023249524245,33416.164407221724,-6214.417990546804,-33734.24864515145,-27835.08783297297,-712.9288684038206,15465.23704779364,10205.000503515786,465.6053697964807,-2414.513959362109
25454.167557012137,-14300.667052031398,-38512.252486765494,-37285.799692881286,-11260.77248537307,21730.24970732117,23253.108953819657,-1659.0329763637371,-22767.0001587953,-19424.258722966242,713.6697459104405,12955.619691857219,9008.31683348306,2850.3309810127953,-1147.3031550369737
29607.442905276184,-2803.549466892764,-14970.693873649614,-18265.673469506186,-9257.952623109388,11205.195364164898,14940.944073134837,-492.4613556848591,-16065.20928976647,-14543.676503115345,173.4209292954469,10639.89612099198,7422.626905861462,3388.8037542004995,-395.332537218007
29879.07738085982,4068.385775906995,-4527.228491753,-8475.112337931381,-6623.578452353614,5146.764495919271,8841.752379758775,-2027.68510421689,-13816.66803530496,-13320.906560931426,-2845.7565300165684,8590.464096406256,6712.263746735019,3209.0463568637224,-179.38840937754804
33107.05155317526,438.10088732781526,-7198.652734182325,-9448.424505813207,-5223.124958489047,5324.310155675049,7704.089078647881,-2119.9572834272694,-13487.25593223855,-13887.999882245818,-6242.629114422048,7290.313592761428,7117.455269449738,3416.159013056869,-28.478400132325078
38066.98465703926,-10092.936679105533,-17730.149520571176,-18575.167794686924,-8234.61946336551,9505.274099910399,11361.711518539303,411.61671206877253,-13804.847810346166,-15544.066722828848,-9537.282337467834,6418.783357494846,8186.341642820178,4012.8367397276347,234.48939964771478
38390.743345040006,-16369.825275418229,-30459.188241417756,-30691.38511196825,-14122.941021932553,14872.838277947965,17966.907043054416,5266.266957166435,-13689.390575283129,-17315.213488693535,-12372.27772711059,4808.268596369559,8793.02796982878,4321.715247344126,429.7428253531885
29000.208589488837,-7385.566811535025,-37463.65541527917,-38263.679735620375,-16140.369843867886,19376.18899168095,24052.823948066984,10808.005501838094,-12812.896056843902,-18768.940564968023,-13843.107776417797,2847.311468083437,8212.10698920431,3899.2301601714607,431.5506083644755
13881.05907395041,13856.222255994398,-31264.831100275183,-35696.817280946656,-10942.642500298583,22326.783407057697,26899.20092905238,15240.924776142672,-11013.360293687423,-19823.362916627684,-14207.016293078495,1828.1938944852914,7218.212870779212,3114.358887197277,358.3124426125895
4008.7307937234805,29005.461233540063,-14448.370690265217,-23842.842398421042,-4368.504615781838,21476.603005335874,26352.9344729412,17943.776502189692,-7977.272347158114,-19703.199508111345,-14031.036582799328,1562.9170467686126,6804.210913816699,2657.630736714141,368.823433827728
5186.2167185821045,23658.27598738913,-2902.953078420714,-13121.259255526551,-4193.817704980954,15843.082468317614,24000.310191281842,19027.78744908059,-4198.407285386533,-17849.400714706306,-13186.709150890674,1117.6365835800373,6781.928036333715,2699.26256496709,471.02621916572474
13534.496463566076,4474.943182418104,-7080.928394520143,-13407.967908278104,-11325.065864578011,9292.44372507937,22253.555001769884,19132.7078575067,-936.6070015713827,-15062.538032856597,-11957.013580289768,87.3142505278366,6619.828341088363,3034.2103345764663,624.6404480892201
21505.26098420981,-11194.85895202686,-19881.241738959958,-22164.32899415047,-20171.689177015996,5378.485839781851,22116.618203121005,18904.949812156534,506.565056528744,-13291.900028456339,-11581.980530462553,-2033.4705689765115,6078.005769046418,3607.1940514840508,856.7167464969186
21527.833407329777,-15272.1749359929,-31276.201710431054,-32290.539552668226,-27465.226274810546,3279.9881110280085,22829.117205970073,18788.622726391062,-197.9524921658786,-14158.940673006087,-13057.023619449064,-5673.96968109043,4685.083398296489,4250.240956332042,1141.7542431691877
9846.72030423097,-7928.124137802773,-39178.09289706375,-42164.76305109991,-32923.80427897912,2595.837668351259,24049.16691639041,19492.87464802584,-1461.866009499068,-17427.257129262598,-16221.244709660416,-10047.867690697201,2396.355604308336,4593.08808636678,1374.3889663960895
-5996.958918176765,13456.937446868997,-35421.8063352072,-45679.627208430575,-31615.189049054385,5125.676999516563,25165.364862094968,21187.477840403797,-700.7625662365607,-21002.485464297257,-20239.542753958838,-13801.866609684466,345.2947664625776,4784.896157655621,1586.8410305312689
-12993.713693938786,34626.24466676501,-13397.494363133856,-32359.38475078705,-20437.6605013071,7644.309967210351,23880.54254201884,23053.248251165754,3641.2885981848117,-22024.797191335005,-23906.29382205892,-16217.147726401778,-433.45512192179547,5352.502949492042,1908.765137401446
-7654.800550999237,27508.898803901597,2687.9617735539928,-14344.726482681137,-12885.021355328361,2853.770707379098,21109.7502792697,25864.78556264047,11815.350864063947,-17925.795822015054,-25385.73275533227,-16922.58263587743,45.984270936840375,6308.508518846402,2299.4644625152077
3921.446983930044,-2563.553425692125,-16676.821989335174,-22263.080092492666,-24607.286761986645,-5375.838364658207,24048.61941252782,32009.19247522175,22729.508826935547,-8321.643106700945,-23265.903981031304,-15970.757209928635,1021.270776123127,7264.635582522261,2649.1355327758256
12426.009461604195,-5004.310067507312,-44107.14153351314,-49117.39667963829,-41670.22038123822,-3795.964741401677,34217.50505988683,39147.97646975321,31914.518456079815,2441.2446214086503,-18785.326136767784,-14667.36197416511,844.3913216892761,7643.7786888073,2969.6131347725022
6414.143068051095,27728.976532723194,-35563.1209762471,-55325.62572288543,-42118.71200050781,4202.577753381507,40509.46977446857,41101.37161273105,33876.51117908298,7147.048956185917,-15796.973159304453,-14671.689041591435,-2161.4079705294766,6270.279462795942,3116.7779314539134
-17000.3207476169,42534.58257633409,-13506.571303932194,-42803.69159701522,-34665.109528177345,4277.713978778717,36920.366524076504,38059.58994283772,29857.291211832293,3980.1943235500485,-16689.46036788204,-15848.511962420382,-7065.410467030311,2474.3246699615756,2659.014009727136
-42113.22993168591,37609.81421614221,663.5697453666928,-30112.876607824266,-28676.362407988687,-93.56977339638605,30097.86686139619,34357.691351561254,26223.498808419627,30.62480895214415,-18985.81353955964,-16522.97533946744,-10466.623134700447,-1908.9527458556943,1579.2546771271168
-52353.77954342659,23170.90210465851,6143.059725944659,-17193.529424596276,-19465.278768019314,-779.9097775197221,23357.32377050683,28981.08178276873,24118.20856724358,2170.912572615791,-17670.000983849135,-15633.0987799228,-10618.505347482911,-4045.322308925961,646.3243439001385
-48578.004808847436,14052.192270294974,-3315.64487424816,-14159.074465954161,-14127.018875995604,-2642.888712323872,14556.202832775729,19948.178872120152,19378.221868891233,8025.623321109465,-10639.07062968473,-12938.027084312902,-8823.517165290903,-3527.817723481636,471.483869884458
-38781.28283714973,17455.772635923087,-8604.636326954105,-18278.073367352652,-15928.000944587842,-7027.671183986727,6667.910149947488,11401.63873235555,11889.260084287926,10454.523124953374,-1381.8447132701763,-8479.316947824804,-6622.358757905836,-2106.0275565460656,781.9549960510988
-26705.907662151338,12425.738298297156,-4862.753975452597,-15209.738246650213,-15118.147953095819,-8097.532416907175,3618.7181315979806,7633.164152843077,6383.612842222285,7787.728343244873,4292.779618514099,-3605.6510860469416,-4485.975576221948,-1152.5250602416982,966.3555200853491
-16198.098518578858,3471.2310210797823,-3600.5596366239447,-9461.136970538942,-11214.897569834557,-6687.477091030392,3161.5165711146533,7311.239706900085,5116.873540666991,4416.000968980211,4300.464489810573,-908.6410239864911,-2927.818167501734,-948.2790924536625,768.2740107107219
-13359.559548852283,1572.2995170710687,-2790.3272106712325,-8118.776352876575,-10541.350508553018,-7340.124031878251,2311.9247182198833,8116.95443238888,6713.8270693434915,3997.236084160475,1754.7796578657253,-1688.3895685972122,-2793.223311704065,-1380.8067215395645,306.85586157461904
-19445.186849170117,7309.5367483999225,607.0920261560683,-10124.259671757362,-13868.809910487802,-10303.61741687961,1514.1101778781951,10068.478029646823,9728.183573261256,6496.085953863857,870.8470545250591,-4183.425950129432,-4156.132325776678,-2256.1994123099716,-196.437434627315
-26416.70440657425,18921.16538284544,2485.838650749697,-14556.015899142063,-18444.870330474958,-13400.139364042801,1419.981867323249,12840.869770947022,13054.303387090287,9686.61093179397,2736.4480617149247,-5075.562524324487,-5585.050936576658,-3084.5292821710527,-550.6274162583599
-23547.325801682102,25828.096059254498,-2082.5208831759455,-19743.543355178408,-21065.632186617375,-15093.479641734933,744.0239803764093,14150.104324465146,14992.224502791152,11151.995998759658,4736.219262170836,-3111.338938544563,-5150.467086735165,-3118.727274370584,-626.6976417157973
-10243.254377430756,17282.291456245926,-10129.798537154247,-20758.83813319581,-19410.236980678903,-14979.313521840153,-1949.3996631565933,12035.914671416233,14469.214284245378,10129.034671389527,3870.7439666506093,-880.9701612535305,-2748.0299188710114,-2079.6401293479266,-449.536042597132
549.5454944297117,3262.6240025673223,-12125.286019005269,-16648.05060693416,-15776.923688635603,-14491.184777785178,-6329.093417551111,7401.77083045662,12582.940203058895,8435.355471420175,808.5723812820883,-1586.8781004294096,-839.0699395136135,-806.276198703755,-253.35967170600782
-2043.179423127727,2669.148097586195,-6233.808409703645,-13869.053785395987,-15558.154118241224,-15801.92382667368,-10520.47972831403,3281.559758696269,11433.312007906961,8555.859979714432,-441.0004543207036,-4228.1674571910235,-1556.0484397775472,-576.8493797688333,-304.3520831096274
-10521.97447878923,14356.53406569193,-9.262502130434754,-16095.728383977317,-19508.336937461434,-18517.29909304416,-12536.30597095354,1815.4844552869222,11625.25748564888,10517.31130188459,2310.9458501181207,-4560.959211294633,-3568.7136590404143,-1500.8733434508158,-594.1213336944278
-8453.23747057514,24009.661602564323,1554.775218422018,-20143.055376564807,-23478.596706252705,-20313.989547460766,-12310.599443397785,2200.4713756202377,12000.8253895825,12142.571667375445,6370.664445874,-1513.5902083336377,-3876.6709806649596,-2165.8657278192127,-778.4170863617217
3901.842934701666,21683.271661740062,-3931.5877792943757,-23032.613193826837,-24233.51149252106,-20364.39968577553,-12371.108724262422,1633.9601529191848,11828.690787924905,12829.08787752497,8313.63809017599,697.3912133326257,-2845.3689391417056,-1660.445141832301,-600.4425501578105
7635.0732331794925,7040.048280582376,-10698.220075488447,-21693.713440549192,-22113.19995308477,-20312.566426000427,-15200.664765318194,-1544.5226858767774,11971.137047021684,14877.37215198396,9380.73665185322,-617.5143783907739,-4151.993655196681,-1433.2541030437633,-391.1769765108147
-4424.988116606295,6061.162395323398,-4150.0531900553315,-19298.81605864208,-24169.908700508688,-24257.864580724032,-21313.852646268257,-6759.847979219564,12554.332340517583,19147.80749063127,12743.435726496527,-1738.5549443190373,-8086.2956188947455,-3277.966293665325,-748.1930714769385
-14659.191188911202,29389.68537455066,3444.917001616001,-26998.079622488574,-33325.64431492398,-31236.374067004275,-27732.905680455726,-12493.222266137454,10972.843146055748,21750.921643711492,16872.535363885923,1067.9634838992647,-9773.686921125991,-5857.685105199099,-1573.2086567576043
-9766.945636766997,31834.1493198163,-7130.98608322276,-34911.00926860835,-34905.40951472921,-30332.62996663244,-27194.69135411005,-15703.860090594299,5471.7820209497295,18591.259004203886,17162.244949351523,5129.828986316395,-6805.933762998294,-6235.546994000877,-2047.195230254948
545.3843063775269,7429.000223461838,-15612.91849359666,-26002.869246877657,-22586.336594956312,-19305.092078728576,-18212.380035949467,-14157.144370084448,-1258.7767228618272,11425.348383109918,13333.098093414465,6441.559904036742,-2782.955451059453,-4481.068132161467,-1834.181515211399
5171.934732197594,-6161.742543298743,-10185.879776529116,-10793.207564192222,-9740.40995050765,-8836.730942443859,-8872.403431712257,-10777.728317969622,-6239.364668032373,5226.4471795405425,9690.49410515592,5977.777988289491,-847.4182680808024,-3155.0246885214247,-1538.8079721685776
7100.376637838568,-2726.720580542058,-676.0863477603438,-1123.273858123846,-3584.304485007997,-3773.389429111016,-3168.3085010918444,-7966.069929756044,-9643.261440195463,1314.5529751879362,8466.706073419526,6463.731504214476,85.15999609835839,-3036.9965074656834,-1646.147594786239
10474.413493395448,5846.2398472142395,5490.758735555455,1111.4062432060355,-4258.927047599968,-4312.783794134016,-572.405862475377,-3800.0196179809627,-10923.44775764534,-2229.224530176105,7712.859154101019,7639.845647100843,1464.8619202104173,-2886.406312594686,-1886.0836187780228
12621.05018142553,6590.066235043074,4949.092130582621,-1089.8058509853329,-8085.174567264405,-8746.224793605805,-2112.25871855453,885.7254591517861,-8457.62929862307,-5550.4537367698795,5460.669143476453,7797.445818569741,2841.663224124234,-2057.9987496157178,-1859.731686376023
11213.24353318159,3620.1346444422275,4572.7487392071225,-260.26450137143934,-8687.543624331041,-11781.863069558163,-5773.663570109329,2967.90296842017,-3579.2573999232163,-7046.050483086855,2301.713578214371,6687.427456264998,3621.6593112272703,-900.5588161456155,-1539.275007456898
8338.029849003302,3388.5489576169884,7490.955358865292,4057.9840584274402,-6147.4400917977855,-12009.69898003758,-8402.366159929254,2641.5246100657864,929.5950945928824,-6464.657129366452,-272.28360871969574,5322.006849864796,4052.3058823299934,231.68298269253864,-1097.5359706177524
6740.896861415129,4863.465089920737,10929.96053818748,8412.131517921618,-3417.772857755212,-11541.313428807916,-10054.107521162086,1354.9922938735278,4116.5405272026765,-4917.525864262301,-1933.606130513308,4358.437704517553,4494.3067247571025,1209.4097914849262,-679.4910796859083
5856.647279003893,7196.811690980736,14127.891203205221,12292.553806783566,-739.4790480835142,-10815.403454523052,-11205.884425007567,-437.31651283403073,6148.795586278734,-3177.3329786085255,-3417.3898639700237,3392.664276419583,4782.323376419358,1902.2842882987716,-358.00401071179533
2908.2130596227757,8584.471095636944,16974.266086800224,16361.526725105434,2504.3533365063317,-9471.620738670003,-11454.45522594259,-1976.066512168429,7423.86599316104,-1188.82023060475,-5170.70673891573,1605.6295193572012,4415.9487631399925,2178.368766727744,-138.65694947558427
-2528.3746341980195,6945.186171083146,18769.943733649874,20622.295190202294,6085.582820892806,-8183.390425042157,-11394.404258793482,-2752.6544519532918,8686.602711167887,1611.3468621306629,-6520.236018163342,-1047.140369173359,3244.1410040796914,2098.0536621371425,35.29740951891259
-7302.607641409554,3712.3832632570957,19662.34243404163,24602.615523106586,9349.665437479012,-7844.994208419323,-12409.21573574481,-3741.423047805155,10004.154027502902,5484.871690269599,-6344.854683991482,-3552.4015306836113,1809.706739120451,1955.498425043935,237.12145715626505
-9497.459262840453,2268.3318600740436,20960.68556622659,28320.87043036601,12325.34898234803,-8186.764665849259,-14702.59553918788,-5935.155305929716,10514.846381343203,9700.03976582422,-4590.385255632016,-5161.118524507398,663.091306295579,1942.9756670035495,467.9728397268075
-11400.69356619924,1700.3699565946893,22993.094950145813,32636.95551580558,16114.751179492456,-8000.169678725985,-17227.35732728169,-8877.711415418098,10078.921176071639,13648.23022632484,-2073.3576881961426,-6434.090384483281,-621.0708188415492,1759.3917049285747,621.4740578926047
-14654.274174761624,-2475.303959567704,23972.37343242372,37755.866592425846,21299.71976167305,-6941.4877476716465,-19737.63789137696,-12233.586524014638,9099.701619465326,17843.806910855,1642.8729211602517,-7653.002233674365,-2827.009321789341,907.764767467392,606.1946035652525
-16888.053547225423,-9118.336885089839,23487.147806480567,42702.618612417056,26810.47233372797,-5937.857575132625,-23076.499527137647,-16906.868146161163,6599.95135425136,21835.99688218116,7717.236405079017,-7199.339896015494,-5334.244208154873,-462.038954745988,497.54089887768896
-16993.00078192415,-12812.379492994662,24284.34258761058,47780.86734771164,32305.549756949884,-4851.207048991636,-26866.453975991415,-22890.622148205734,1600.720126328894,23517.839449931784,14992.249168182669,-3927.427214697736,-6695.381717290678,-1709.5903500843951,397.23253046160454
-17317.231653949388,-15616.84510101401,26686.586701695844,54773.30480335228,39915.6755622416,-1666.8143366859047,-29418.54320334146,-28807.50620621618,-4942.0661825775605,22375.777953537232,21511.706061201854,1124.000924257541,-6894.741523584798,-2940.2462985153434,127.19784174722281
-18519.81168206546,-21977.51350417547,27363.287734759604,63270.19680260715,50734.909963319486,4585.225439143029,-30319.20423833883,-34583.29408713903,-12744.424646653964,18836.905829194002,27259.059222256717,7919.4504823574125,-6047.4417586256795,-4616.6167137169205,-566.701665129601
-19688.990509265048,-31074.66719535489,24565.013757529723,70117.0419194553,62285.34710666624,12816.435816668509,-29871.48234560082,-40603.36434515318,-22774.763497751745,11045.384624005854,30531.273479412466,17138.49193097542,-2197.308539484371,-5652.7216789796685,-1412.4013416176365
-21717.893562987927,-47586.38040751971,13439.78021484878,69383.7382885823,70379.56967143343,22355.477111026332,-26348.052396359726,-44503.44973055893,-33207.54015582863,-1681.4688547558312,27022.149029220873,25411.942301200725,5471.93550063459,-4093.6759615950973,-1701.5066282239463
-25241.58299148418,-64661.68905847266,-8668.20827338206,53247.07109266958,68740.21506099861,31771.29721529641,-17610.801748374124,-42772.6952807127,-39696.92874774704,-15358.785801642089,16005.526714268728,27312.03112267764,13656.85774422507,183.4870086562255,-1048.807200884783
-28809.264396559858,-55438.205836757574,-23386.326550950023,26277.230567070714,52376.36917284621,35789.42663377443,-5289.788401798817,-34711.07782478651,-39796.64248734081,-24976.548501187637,2015.1077150907704,21380.207072292967,17893.618121076463,5100.942045708716,285.1022714322138
-30721.516625760545,-27452.439858900787,-15853.22634190585,8360.228040674561,28211.604554233363,30108.872612428673,5494.254922943769,-23048.14537909351,-34453.21205040824,-28468.361452939884,-9511.385054277845,10969.495224357812,16399.495576471756,8178.991147575622,1645.3021459428264
-30816.88762526076,-15345.445673194763,-3556.3456751726326,7645.089462949158,11457.6450122778,18468.834497975953,10905.846986254995,-11722.452380052307,-26580.20680279638,-27043.547998211958,-15854.972939568244,1005.0212665455922,10948.476801596953,8318.124694320459,2418.069268148558
-30361.888068389893,-20025.93734790654,-4841.231001239972,11470.911531044863,8024.181538150684,9147.596750605251,11494.171898121434,-3311.8910834687435,-19051.961975121594,-23528.282563887184,-17783.158829646858,-5597.0973698896005,4901.484227383873,6374.0819398324875,2452.259586302024
-30748.56209067562,-22643.502209946928,-14573.343686761,8600.659655984535,11333.510356002975,6336.2095754691445,10444.544978027841,2022.1027052276195,-13216.899523532978,-20199.47617040168,-17693.49647880216,-9012.461131561078,363.96452786492705,3945.9474784313156,2043.7577697633383
-32712.85147129118,-18831.780488394816,-22214.038278927885,-365.28046953629,13624.031087754558,8589.62132063507,10306.521040753409,5559.916151079624,-8881.846347388826,-17833.587189795606,-17401.503253432726,-10797.08837289273,-2534.6280294904973,1967.8459872346311,1544.2185721551673
-36534.18391627347,-13472.831949492076,-25103.21954024662,-10922.086100970919,11866.799769689846,12729.450907952361,11986.355296688547,8640.658995277932,-5233.153271257736,-16192.916264694786,-17571.36603068462,-12196.214447476515,-4528.826996963382,539.7458861667419,1124.1087738413275
-42421.743005754426,-9303.516072575647,-24976.424374074864,-20466.780827007733,6061.824946805033,16214.206570702532,15419.613436819933,12216.120132642687,-1478.4476496041204,-14733.153392069975,-18189.845876081134,-13783.00612301905,-6293.442316291065,-600.1696411915857,795.4697867598835
-50634.569094974315,-5755.2012872689,-23444.036410676315,-28323.020143410937,-2951.414149455704,17235.430905664893,20000.14684096695,16970.134042757545,3080.184293944073,-12892.555451442016,-19005.23873338954,-15706.790931469697,-8211.362556798786,-1737.0435817044702,498.3207110412553
-61362.82436074904,-970.29232863191,-20694.02555221063,-34487.41934338447,-14281.506676427074,14467.323006084,24540.13573559023,23297.675834276986,9163.35468962771,-10072.713883216042,-19677.725771420697,-17916.00038497581,-10428.908371457463,-3060.393042803437,157.60284847565586
-74390.20320709291,6780.181317925771,-15730.093974993779,-38644.27143579096,-27041.854062879596,6994.1813187191965,27234.848377402537,31041.59677009193,17507.045656302602,-5545.223363742976,-19761.81849717351,-20241.904976502425,-12937.322955220727,-4646.121729073463,-286.7237787700022
-88507.76152585047,18554.53805548663,-7110.627725426274,-39679.034823466434,-39943.07250405013,-5602.7541253449845,25772.328655339814,39158.84519705704,28628.828210510284,1558.8522777141097,-18646.005438362696,-22395.30205384925,-15618.838457056983,-6469.653274882313,-862.9468058203166
-100897.27838961703,34516.15971701412,6205.9634113370075,-35781.44174563045,-50729.30326720745,-22874.628494930468,17665.021502806117,45500.28003794571,42390.23430202992,12076.941175244045,-15533.651789881978,-23925.668555813183,-18252.224582770417,-8420.02591814096,-1557.902312243421
-106960.0688453185,53438.61547972575,24019.507428988192,-24962.99766272565,-55944.455937268496,-42966.37637079856,959.9479975481033,46934.226611184364,57479.15000701573,26411.82568729483,-9531.789890988159,-24177.50880691634,-20484.474454678828,-10306.096643664981,-2314.6722614447403
-101179.88258091226,71779.05911110122,44358.819808545246,-5654.386432580643,-51485.6475618944,-62361.2735080302,-24599.62114928673,40089.14734780144,71035.35847373781,43893.972673782155,49.7377823916205,-22324.249982124773,-21811.034157832746,-11867.791944751181,-3041.250642834076
-79786.84325227559,83570.74663688579,64408.191508666554,22758.700582903188,-34475.364783245626,-76542.49812726588,-56207.700293193295,22963.03061674967,78884.28713540324,62117.333325319574,13122.719322010142,-17601.798729826565,-21637.26046009873,-12810.902098751305,-3629.8358818054776
-44629.239388991205,85299.4942317011,83813.9874348662,58827.26703148326,-6438.750853873044,-81856.99102104545,-87417.14712465517,-3016.4689751739556,76923.18757197169,76882.23722564112,28200.626692544112,-9745.712834034945,-19447.928001684966,-12865.408493983332,-3983.2656825860367
-4939.877484025397,85365.51422019399,105649.664963095,96049.30019462302,24405.08131047195,-77423.52171800581,-109586.8663199611,-32058.858204539916,63399.03439891802,83375.23167535561,42261.32532757337,558.5510585762619,-15048.86231902291,-11863.066049086,-4047.089311263396
26322.14000781544,97390.43659930406,126827.9154698057,120477.00695995026,45923.2187663865,-65070.809909015734,-115371.37056526887,-55788.59164050788,40579.66441293747,78365.19788970663,51548.03473332927,11573.011979314053,-8743.45706387036,-9782.187060894918,-3819.033693021783
40089.40399575011,110032.78124333934,129280.62528270281,117345.67675060117,50488.42110509167,-47322.28737671004,-102176.33466145417,-66992.3002755194,14273.668366064683,61904.15537656252,52894.104304610984,20860.881842899384,-1319.5364712063374,-6678.300055513898,-3290.7147576746165
35738.34518446036,91955.10700707656,98386.95704309797,86133.48718502531,40574.61690046409,-27084.937598030476,-73761.2767500518,-62364.412698159336,-7840.568272773519,37842.19639548942,44728.148525605546,25513.70536257651,5725.7592308753365,-2791.4252594412437,-2420.764592519041
20706.08194984377,45564.25646356614,49445.05223325151,45129.66236842673,24941.13464115587,-9525.218809715981,-40331.5710306521,-44391.4469711243,-18539.181889983152,14062.344796805837,28901.644388555476,23103.446453064425,9907.361524249798,919.9214452706232,-1312.8944041840273
6845.035043202588,7927.9370702765955,12899.294537578655,15209.015676536817,11604.393558287333,415.4463544973351,-14179.442748931395,-22145.273737280564,-16189.749952787739,-660.8882980953957,12162.177646025417,14673.864474883467,9327.881454017734,2899.673869043975,-366.29270482156153
1759.8016193921637,-4178.446196593563,-504.703521519361,2680.9673077231664,4293.171403421525,3152.7869417714014,-917.3073380919794,-5641.672929732636,-7177.453570431001,-3785.9857749831085,1914.187171367796,5538.591324345455,5215.9802650269585,2489.012972740898,14.98142727170648
3862.069259112134,-3198.7120076193983,-915.0554325467849,1072.6221537250906,2436.169041753618,3118.520895339251,2983.0621232123663,1986.1745102957009,577.3351540322521,-354.67267766087735,-228.4823863448513,592.236419497924,1138.119159440842,791.4713614840941,-150.0162461440682
7906.426073602346,-1716.2890961978949,757.3668909869093,2602.133075970067,3377.869653093136,3503.3747054609353,3642.8397202629526,4067.3086079779096,4318.629586029199,3659.1630987449453,2033.3856741434442,338.98404627873134,-509.3251198749988,-544.147900202912,-481.31609789092124
11207.532174544722,-2614.8886034822326,599.2727064406736,3414.971455589097,4691.903723468018,4649.594483361361,4290.589614778989,4576.704132110922,5527.905239036963,6022.003936103368,4901.7339636635215,2411.298323522128,109.89919014668695,-804.9528641199895,-651.4675062899196
13950.411441038623,-4597.015550079975,-1370.204330222542,2556.5940756310524,5047.3716288579,5681.142022282581,5313.565802000801,5243.243200907591,6125.965690352913,7230.642835327532,7000.463578159059,4763.306267026062,1712.4416732817824,-262.3148342814339,-592.487570224391
17213.698503630858,-6069.657967703075,-4069.337637499827,318.3605989972835,4079.211290868442,5921.41514228595,6223.151956200895,6245.667277031516,6999.624426150179,8243.270668127418,8536.46414256391,6706.031231208791,3370.4257649763513,564.2163926946134,-397.7517351580175
21843.914794101012,-6522.968178288588,-6661.9986375884955,-2704.5393436786635,1967.0127536173914,5217.025453563597,6741.289991434143,7464.5667793570055,8421.079473364754,9670.075694254527,10057.439411400937,8335.793620811346,4775.171327930272,1346.7409841824565,-173.9171513039361
27847.373546701678,-6720.695472507792,-9198.811083918119,-6230.156470108696,-983.7911699687731,3795.07032069059,7036.265680231103,9078.688655682332,10670.07194366016,11929.51371365946,12006.35190172671,9906.149815351177,5906.956776217916,1945.9446366326831,10.763895372481894
33407.14808436008,-8031.938650078623,-12469.426797409387,-10389.193147641778,-4443.894055867486,2242.2854337355766,7807.4005714581735,11787.849914976667,14368.058926408277,15527.537357757692,14745.489324571612,11591.17150706282,6751.414369927289,2265.9195691337973,105.89999337831858
34181.40797764455,-11405.04644406867,-17079.780842279182,-15038.771720641691,-7543.431764025326,1910.0221958415818,10584.547701641282,17020.39528462833,20639.621029995546,21200.886118798877,18646.013191535036,13470.950489258697,7201.869567901061,2158.227844400493,44.34353378423222
26848.875207132496,-15948.130641313368,-21861.615319773566,-18296.55481676872,-7697.282713555403,5744.11724834744,18216.58530086394,27134.40361972282,31135.073771857726,29888.574026874212,24090.315090157095,15569.75399435837,7093.0419007914015,1423.3683513913584,-270.8395768621343
23918.39729449241,-17579.797587170768,-22230.13497430697,-14962.549545088192,580.6053365169921,18931.66334219804,35013.22929568477,45209.11977618924,47677.724088226394,42423.69016140536,31321.36322273809,17874.83385450137,6317.066029369582,-83.02014426730096,-933.1434171050935
78512.12540024045,-10843.390432776487,-10988.768802820348,2934.453555928623,24876.201484890564,47690.571146706236,65262.40138725522,73563.56202574125,71041.41687213223,58717.25191452162,40047.44393111765,20277.793061654516,4967.210471913003,-2261.710371564474,-1940.1790943590604
282599.667880263,2720.7718413284533,15183.697512736484,40212.41017913522,69113.22119610597,93839.44924713836,108518.75858980799,110090.0467044922,98441.9487148454,76288.86200427815,48746.87880382866,22366.405026737364,3396.882726258861,-4602.04373894497,-3075.091426089455
668179.6825290556,8044.939339389296,46748.835185604454,87841.59851076735,122731.41505016167,145279.46181872583,152240.25487431436,143244.75059412533,120566.52954554105,88745.82674799029,53982.79356928081,23119.95062134211,2073.5701814747963,-6215.250771028718,-3866.276881034609
1032859.9464415619,-6570.253099547262,63146.253574464106,117959.28862058798,154266.39722995766,170918.46044788102,168924.46235025517,151113.76102173518,121792.86144420525,86361.40710573927,50799.190982165375,20915.372055865282,1276.395357660952,-6186.902038774645,-3744.1805049883046
961704.8789732802,-21262.567585694247,50380.540184377205,99034.45530131295,126581.42573231111,135733.4815830912,129834.63406326978,112695.15403188582,88434.53359747754,61298.95268570201,35411.33860886349,14408.71538602397,924.488764980763,-4114.749218125886,-2384.3971083728597
268668.1024472208,-7175.341895870632,13618.447307383027,26961.041967408473,34011.75323622359,35940.479841488115,33921.1118970672,29121.812091044612,22688.881453566915,15719.764588706721,9219.425706652626,4032.8484650444275,744.8041317925831,-463.6712417517947,-14.401775949186913
-623059.712415002,18733.1008462126,-29431.2352808651,-60846.38154634795,-77815.43147139606,-82811.03492147749,-78424.1443764417,-67316.03310771099,-52162.33750411688,-35574.83937006237,-19983.662200103878,-7459.737994205133,544.834834573703,3562.074138310035,2601.981434222555
-1067459.4919475862,18423.698614858644,-58468.26693687274,-113301.45929235991,-146110.84917016688,-158490.93067507196,-153287.7789571578,-134328.5191807437,-106170.7150703163,-73826.52749792635,-42397.80371450182,-16552.1148670329,218.9978767012734,6583.960752156967,4559.128550840085
-904166.4068242188,-1143.9837115701164,-58822.89740846411,-109070.04579814107,-145665.1004461782,-165133.5510610537,-166658.1691061315,-151805.87136932314,-124183.75889843823,-89022.43878688669,-52590.58594337391,-21301.23225906333,-404.46805239670846,7705.503240110155,5306.2994766437105
-487005.62060055253,-7639.678863826047,-33524.32560462576,-67385.10200783367,-100011.96587950236,-123999.55553879618,-134668.40756497983,-130321.17180101296,-112156.92607136945,-83986.56300681313,-51676.589461494055,-22111.409718603074,-1500.5196561989555,6872.3881187816905,4879.831163475415
-171141.108180003,3507.085185468244,-2145.839250722829,-21799.12319620206,-47749.11520459297,-72097.01597665747,-88612.06301165778,-93599.87930235817,-86184.9871606458,-68305.49134370453,-44413.79594947155,-20619.919139820922,-3009.706607411543,4754.43716785632,3749.572384509733
-41816.80352118848,15174.122342802228,17883.45094956096,7245.400878538746,-11833.412390476966,-32910.23950656709,-50215.486866657724,-59763.18547349981,-59752.61883816383,-50693.80090286756,-35359.50805528035,-18303.542874778545,-4586.91870641657,2286.4866321286336,2470.1450495198515
-21544.667011024536,17828.884005391377,23284.242077244377,17915.724343520444,4715.158196184712,-11456.073232618408,-26056.169538804916,-35863.18974559069,-39181.74098184663,-35827.79942227958,-27153.513766061595,-15949.268554326141,-5818.698811948613,206.24308190815074,1412.352781465297
-29977.553468118655,14240.14688580097,20207.606570973803,17536.000284610385,8504.982473491724,-3036.288839575714,-13751.972911021328,-21542.18735696141,-25383.288909586776,-24987.354525250663,-20723.684014383147,-13822.632013036542,-6460.594381167657,-1152.9835201847995,698.8866452827097
-34017.90798445337,9884.581621182026,15145.763025941458,13246.468712825781,6588.72445103709,-1491.907337476606,-8638.555494230313,-13845.393876312546,-16908.60129289114,-17729.206362533427,-16064.295276760158,-11963.846968277972,-6499.172889045543,-1800.9054511468528,287.02759620190886
-30622.78137591191,7411.143872953165,11093.06935934925,8698.472635705022,3133.4237788485325,-2600.881312751462,-6976.244287470836,-9914.608559961254,-11919.141277995623,-13104.5904679389,-12827.358459250354,-10346.287744277128,-6060.477273560049,-1909.2439762719353,80.56636414045018
-24537.775816318448,6727.052831170163,8232.039517674844,4813.894107103102,-181.74632818283553,-4212.871482102389,-6536.542824486529,-7800.74587085818,-8973.996376604644,-10236.05969642468,-10612.489578736944,-8907.190950017553,-5279.97174515924,-1656.0741659411294,-1.9884661596521482
-19075.646391335096,6559.138396595995,5717.844273270714,1477.966507010452,-2829.405505787882,-5385.988617868334,-6199.147171564519,-6415.9819829769085,-7174.4339591269,-8486.19938516147,-9047.77004031355,-7519.078699769114,-4217.66395598189,-1161.0369492005025,-14.320236562960261
-15132.05667141701,5678.101401021235,2999.8925137314204,-1301.4760059963105,-4513.250708169587,-5707.580294447673,-5511.522327917223,-5304.058617679194,-6068.7400309579,-7407.154506977582,-7741.765091943106,-5959.966068713989,-2868.5680989296907,-522.611916499327,-6.403732096038027
-12256.352368076314,3807.48322014747,435.1909644203894,-3054.840010153827,-4937.775359710764,-5089.211902099183,-4498.633051823138,-4448.258110671902,-5433.6603999856925,-6532.033379233972,-6190.296781508779,-3992.128671901067,-1332.152013263249,56.12071815959362,-58.71583185260516
-9428.050949082573,2012.444071986521,-903.8284821348764,-3207.235508672997,-4085.0519578029653,-3890.247210425462,-3582.104486257176,-3947.783143930524,-4819.17386616697,-5086.00569528126,-3886.5158992344514,-1757.0198578844845,-154.98410857641323,148.19123093507693,-280.328238759161
-5743.8223744736915,2065.272299031817,-134.6334742790782,-1828.3048173314128,-2672.6275376101416,-2956.0881903004047,-3074.6722936646993,-3133.974196296504,-2880.8808931699577,-2107.4253568009367,-1108.8605788881887,-500.18212484159096,-515.1013979544783,-742.7897475354396,-712.8641740864249
-2009.186871244266,4234.571191102222,1579.8534349595332,-867.0171588974838,-2527.9688714614595,-2890.1022087170595,-1614.8300477852983,734.7382995948053,2478.9971018076403,2065.853673888219,-283.68912926487354,-2682.098818675741,-3457.533748072444,-2544.024616168445,-1173.2746286179072
-2360.3525737433165,1797.5111779608399,-2648.889111431755,-6010.315786448628,-6433.510909810358,-2286.2950223667813,5508.471320254985,11991.016147992617,11430.700453089228,3477.7203472794,-5733.858515731942,-9878.99388306345,-8122.853247784919,-4045.356089502123,-1261.815253130971
-11509.329554375534,-20756.665981503287,-25493.413195415967,-25728.380148555934,-16556.206349955126,3011.846210769263,24242.275069081126,31827.563752573595,18691.201174836897,-4359.831102258736,-19460.39690332803,-19598.10791537261,-11232.57326463223,-3596.766715054806,-705.0386227163538
-27291.988305259012,-66359.44208067397,-70324.17743698151,-62276.99242043233,-31766.97483003301,16360.832699258764,54645.37675211736,53606.159996354145,15849.775796489917,-23791.275488435174,-36927.156740066566,-26026.247851883003,-9828.483089511667,-800.3242311860051,310.3062236646165
-39138.769323785076,-104195.7148219171,-115212.91921682675,-102016.60240734254,-46203.39850522698,35651.803257871994,87352.46313415657,66575.66419235432,-404.61829774270694,-48889.254710395035,-50103.680721893346,-25357.379514402382,-4177.368972628241,3099.875831280124,1323.0795328689671
-36268.987191871485,-106364.7307017642,-131707.72681389193,-122503.90417675361,-50810.192470511836,55230.83435187841,110044.10162918344,64251.574046161586,-25373.00206865722,-70494.66078983873,-54224.919466810876,-18405.371705900387,3233.291732434751,6686.733330901727,2055.429295585129
-14449.753974907979,-90373.8883385341,-118560.99105926671,-112677.87738730204,-38692.06440043158,70976.15635011999,115146.12040720669,46905.76486440792,-51179.83198202432,-82388.14748257515,-49220.04731894309,-8071.073632180951,10297.436964334525,9372.010005886226,2497.763864422528
21954.03511378639,-84190.21050130475,-95775.34858351757,-80789.11760542801,-11805.26429543578,80286.95783980354,101695.57375874283,19755.76049972839,-70723.16157731599,-82382.41198463614,-37479.9284419375,2910.13666655248,15878.517455736419,11040.038322772254,2684.336249835296
61321.166041971905,-85333.86567915278,-75295.97379574792,-42791.468461837976,19222.072217011882,80657.84597198876,74577.00051162894,-9034.984428317106,-79487.96741843045,-71922.62027648899,-22570.9785598718,12341.036832974136,19384.390845922433,11652.158490035134,2606.8204958482147
91436.8952344312,-79523.08961944225,-55874.327402396455,-9555.99409668498,43162.908261956625,71240.65802097767,42156.19002839542,-31796.320150858828,-76985.24966996879,-55181.65933256548,-8095.580249355707,18898.051983492947,20720.700294091308,11281.85420910182,2281.440447008502
106099.45539072609,-64205.27019564435,-35440.17409868178,15011.17861533663,54692.24230078429,54257.72365338594,12473.462856530885,-44563.30387597696,-66251.74512574494,-36934.5978691223,3542.1855322628066,22337.797667865467,20240.475510245273,10142.982114642018,1779.7149198976956
106264.5026689229,-45013.72989044521,-15843.127647060153,30567.288461833305,54557.91495243772,34010.856794030005,-9524.967738767646,-47594.43045881578,-51672.774211689386,-20679.741467876152,11513.037221828941,23198.181600196207,18516.08904764854,8520.713700460103,1203.98356856787
96883.92364136086,-27078.02704673746,188.57720490626747,38211.72252217096,46483.46659345319,14753.38253097338,-22477.39566677772,-43722.64690955195,-36963.14117068598,-8024.751047226993,16146.631527782214,22317.42640901442,16120.690583150823,6702.057509676757,656.721800702951
83286.76337381714,-12843.973427492612,11442.708700879812,39762.793711363396,34437.54647314642,-694.639281715628,-27527.711266754137,-36359.373701361816,-24305.92022269045,904.862637705894,18277.232986016046,20469.18965228191,13501.6396443309,4924.886520458515,215.4458924178515
69347.58186574165,-2856.8177106436174,18339.19014880485,37209.70781610155,21379.796449939757,-11137.65186084566,-26972.02622649802,-28265.314973703527,-14454.172793089061,6760.978175728762,18780.311779448413,18224.064000996244,10958.51401285579,3350.9661739568555,-84.09551447886828
57150.272428754186,3460.9138795444906,22191.965884438287,32113.973003026596,9098.331250840809,-16559.833421219624,-23285.040580810724,-21108.257328096337,-7205.17321480489,10429.514930267049,18378.57551552158,15962.724723430854,8672.351618357674,2056.7215330444956,-252.11688895878444
47408.12005352267,7479.85656170299,24353.18070551562,25231.864918193114,-1359.2820478146816,-17619.10264574533,-18586.571675282936,-15516.253307367591,-1905.1689292097494,12728.720333559588,17608.492787340838,13923.276763262746,6720.124002140088,1023.067024190805,-338.3143942918126
40115.0418741233,11087.030490219637,25393.086079525445,16657.476124904966,-9134.136718960808,-15404.8050924513,-14421.586093446283,-11371.319052900733,2189.4851245922764,14323.138460372022,16865.005382168285,12229.919008440947,5051.459273434497,120.36603702463921,-418.3687492082312
35030.97246213311,15820.448894557523,24503.356085621075,6538.1650692795065,-13325.787985307108,-11427.50281638488,-11715.681031833636,-8136.188695977033,5777.737524752008,15784.219470874192,16455.7871937337,10866.510074008544,3426.3142423201834,-894.8745752064292,-571.8558168453601
31920.16696697257,21076.3532190919,19723.123811822647,-3791.921174163213,-13295.257074993666,-7756.588202256133,-10854.097033747512,-5032.988240276547,9582.161353110108,17675.79985100195,16565.152361793516,9537.039358890375,1330.7827258961506,-2329.6154936853004,-842.3511838438334
30578.990122143783,22613.53975973087,10429.31432313295,-10723.107066704599,-9965.886771555324,-7284.134739082955,-11590.025854115886,-956.529231637501,14438.67371474406,20474.088762184336,16988.134250688992,7396.15183249866,-2003.6280101902667,-4355.0537890391515,-1165.5708944316161
30591.561342511766,17529.624252033085,2755.4208862327264,-10254.724303331626,-8396.029945766037,-12931.670649569622,-12379.857121841824,5518.117934563296,21013.184344293724,24087.66884977564,16600.192943628772,2946.445195700095,-7107.266653705859,-6567.972291820878,-1289.3663187827713
30925.606559027885,17632.77886932738,7838.50656733331,-6345.257266487037,-17184.41427899791,-24146.79683965171,-10130.771240338496,15260.489905760052,28941.01483159478,27104.7017466931,13161.134387850694,-5060.156062220239,-13098.140478701307,-7658.669487387981,-841.3762142621501
30083.593905327267,39267.25662812547,21505.993530005315,-13625.47499128335,-38707.77108815334,-34297.54800432404,-2324.2869085277193,27125.52766137877,36140.675203809304,26798.624656788183,4641.451193315415,-15587.951590493973,-17088.215740216314,-6129.893751916492,320.2111052175966
27278.385004662152,63743.171965207606,20080.418281455342,-37785.85055584034,-61426.9888220125,-35879.51097734119,9727.066353416545,37729.75880961069,39491.50550060159,20759.756557790533,-8347.509069604252,-24538.58894421522,-16018.67858323129,-1903.459070283482,1813.6764812944223
23425.85600081407,59569.831383360644,-1020.3452442006221,-62249.528177695414,-71607.86642601411,-28794.826538168243,21048.785455943667,43310.13024797725,36675.97698751582,9045.599040363217,-21668.304530620924,-27172.54389692398,-9535.714848950844,3165.5801493659064,2946.7361263936546
20423.305862527286,39664.20990369426,-19508.346465513587,-71343.09913308502,-68196.29223530623,-18862.0618941381,27533.413123748887,42397.9517762277,28099.215554021674,-4802.007131824598,-29679.201801242696,-21918.09852003562,-855.855165496588,6516.490961145714,3184.7274036320878
18909.32191502179,27018.21426167178,-26113.818702403256,-67816.71074857986,-57980.48621946809,-9816.857895526882,29435.652653911355,37183.121363573664,17444.48294497324,-15544.527199629589,-29731.516510550664,-12409.372846033035,5469.237576434576,6848.773981448206,2532.3055596306513
17690.979399367734,19288.188108089118,-27193.879197913568,-59779.36215839908,-46303.09622640544,-2289.7279576122974,29244.97695704856,31206.047805030717,8465.037419334027,-21103.652914799724,-24791.056372983352,-3987.703650860447,7837.621048190624,5306.598594217518,1597.1470088113301
16715.95007644147,14416.747818156042,-25536.52301246944,-51722.944664887065,-36762.10572340916,2694.249537852389,27703.727694562185,25507.429963869647,1397.4347851033426,-23417.171187856813,-18596.392170845196,2026.799312215428,8178.066207009409,3795.5692211041915,982.1763377042917
16762.258439189747,11932.883354936961,-23541.632239826456,-45706.29904151184,-30357.319172853197,4726.850595023043,24460.786224575557,19462.019268667966,-4571.674853151022,-23338.29421689888,-11526.000787125018,6570.704348373264,7617.532888485466,2597.5290469565916,687.1119950034513
15921.353763882033,6718.404632143614,-23594.545815211055,-40866.78137388543,-24987.598644819067,5606.02717299863,20694.536710829896,13937.730181011662,-8444.554610629766,-20331.91506069165,-4339.937776357208,8762.959215139634,5675.936230353552,1177.0546729055932,421.3287229920093
12882.069865754367,465.6647502744549,-23694.69268018846,-35763.8779041156,-19452.655555928086,6741.292040697608,17804.026141229137,9988.185675912348,-10014.211507998414,-15925.284484920547,807.8271592973467,8315.282437924556,3107.2960276873646,-141.22616466078478,148.1553737233564
10107.675934268758,-1896.127246065603,-22085.24527853028,-30923.026935797596,-14815.128222968635,7502.357392337674,15389.694264429058,6920.2546593519155,-10658.283582738923,-11795.912915439107,3942.90673519947,7031.939114411051,1302.2173071823947,-791.9388849018055,3.29827255910908
8495.476035116939,-2347.85458218548,-20243.70467698013,-26958.73934307394,-11520.92114451566,7335.6840144065745,12866.564242967044,4243.360622409522,-10669.743802259392,-7640.578928522549,6286.268833990746,5766.866464256352,145.49103656286343,-974.8408988485519,-9.622397645868432
5284.298754373946,-4747.009115625883,-19256.474012416576,-23192.997881381194,-8510.478815773038,7163.199274756402,11052.785751738998,2645.105061640018,-9630.332884070016,-3342.3680434022826,7536.362160470144,3790.925678534814,-1208.0993557006245,-1197.2324516943522,-7.279409550579402
-207.86851695761757,-7720.228787286942,-18119.55640928101,-19057.93081416221,-5059.156914540745,7963.118042466174,10653.10836668103,1985.6838226113246,-8166.52690487256,200.37972529196344,7030.104062761729,1073.308743725112,-2714.102113172763,-1528.827669048509,-50.21015308383342
-4807.73816590424,-8065.43354232006,-15860.758867994722,-14848.902261855752,-1550.942645611146,9414.864332694207,10775.885877154291,981.4816798985544,-6886.760560054107,2664.0871325840344,5412.866180777051,-1305.9181504836984,-3680.2581119308297,-1670.0267878291688,-90.88470598529214
-6574.001973122705,-5995.0274225187,-12809.681890263073,-10907.32327397976,1424.1404566051947,10516.823348121532,10150.170723688105,-721.7406757439769,-5278.480879112984,4568.839173762239,3796.2076786931825,-2704.0369353149254,-3837.7059062720527,-1403.5660748164137,-48.68971293975818
-7440.203457041928,-3915.7044083247742,-9531.135342591524,-6916.100582505903,4016.8734577897994,11064.90797921486,8779.341212793817,-2274.4124962357414,-2700.484242178145,6324.474926448669,2364.618607155341,-3615.356136918826,-3567.8990724817745,-769.2038272079833,113.66085960866025
-9724.884416072631,-2968.1481553419067,-6069.53574244909,-2351.5751629792658,6836.755727243442,11430.652770216808,6877.904427847952,-3166.429322824778,1120.262589522017,7652.39192847539,385.52969574130725,-4824.146232799588,-3296.3721521164057,86.513328038052,366.42603686932244
-12381.897310769604,-4489.222275354838,-4338.358229750039,905.3674987404085,8433.420738034467,10229.611276896001,3694.9191942682937,-2602.684126741293,6083.190917467284,7494.612175650055,-2558.819324227691,-6290.861435096982,-2937.490768521605,1056.8846770939,610.9403429073736
-12286.885432249603,-7207.01875890778,-5779.185955149881,-184.47382923805822,6005.107461380654,6085.559755361247,513.0423657936365,850.4283162038255,10335.596515100267,5117.905901667172,-5522.722984432294,-7037.428583170288,-2057.701460508965,1945.0357601942574,680.1221286508654
-9090.533206216747,-2576.465103470171,-3839.75851925969,-1374.988927656093,2697.863739111106,2795.171921611824,803.5790507663688,5752.70821357065,11192.967783252921,1595.0546898362059,-7064.962097008638,-6398.357074281629,-735.0330814912646,2315.087061985309,451.31685254273793
-6304.339227694347,5672.432249784274,4499.450701821988,3981.2309358400307,4782.361880470611,4646.860676566877,4771.854376326862,9138.589747914266,8853.00406115984,-1826.5407976923168,-7675.587389562774,-5407.575939509584,247.50008219357625,2129.4285147003066,120.34734431700338
-4060.676486179649,2936.0621512468774,13296.836408771831,16366.908387850774,13795.490949756359,11965.104329061844,11942.199666536822,12166.39280829863,4980.708563257863,-6469.672455566943,-9898.330346761357,-5615.767411617594,1168.014095393914,2517.6274280500193,136.34147646029896
3370.671462361252,-17938.98095636916,13808.971258931559,31133.889901152845,28017.89718134362,23847.4953075075,22205.006395611075,15449.325661725808,-751.7831764479528,-13510.271251362294,-14206.433602493475,-5843.068309063343,3905.2726853394997,4170.704112660422,473.11564797068763
13395.24750695595,-35459.291149397395,1134.8618314322553,32771.50259244304,35532.86065973396,31649.221393067655,28389.92232709612,15151.98256390196,-7387.763537766862,-19562.068352987637,-16744.214633600033,-3293.9873854354987,7926.486174022039,5181.180441446731,439.59464794525036
11883.13374754274,-18857.639643665825,-2197.7658897133556,22091.198034882862,28690.105741538926,27995.49129418392,25224.398744903323,10477.436943601015,-11260.934436977224,-20110.903216086408,-14496.650790622894,727.4880340939511,8934.951304390468,3548.150018798096,-235.59814695835155
-1870.9478270873979,-2731.7855381040704,8394.813314058958,19147.186290473954,21611.371896308712,21366.570883272638,18228.187582610673,4740.570820768996,-11493.67648265315,-16163.097687565467,-10245.54340769355,1663.9271017272622,5514.6535238979495,848.3471930044277,-860.310789980708
-8224.486400780997,-13526.134560701868,8527.825093984156,22323.970219386392,22353.208019375124,19550.49675889982,13437.638691254664,297.2345530551619,-10893.231361913045,-12667.319568186347,-8151.0317786412315,-382.0828161666898,2176.381417363355,-82.7542690438047,-818.8900997931803
1547.4865725647287,-24240.456472289654,727.7561241314024,21637.36803041742,23708.8789357811,19992.637893066236,12045.530847294302,-1659.1253892881284,-10992.226085944603,-11571.045933959846,-7278.506339836707,-450.7255573950358,2155.4308111776186,559.3929596954847,-405.2323712879262
11253.92789568785,-20710.613074027813,-1550.9907694351023,18121.48769695846,21495.573447709314,19364.312607103264,12589.34257873469,-1406.6644062603004,-10935.240632394929,-10697.267410566996,-4386.397955485913,2608.458673210283,2901.583652665696,630.1208325670417,-215.48084103422485
7433.871652960324,-8839.064609654235,2147.842731622011,14365.346851697628,17077.000233318824,17020.686620632507,12112.381141231624,-1468.3239312406881,-10456.408980886665,-8735.509810071058,-463.14321622589813,4371.848836537631,1555.954161537707,-295.2117283799551,-309.3614542766661
-581.3708953891962,-766.9451871213304,8991.654681550795,13993.72443014799,14495.249269619497,14648.301956476354,9033.90146457823,-4109.285751439059,-10763.92920524876,-7424.222276761635,525.825632477995,2472.494590087773,-333.7491580836915,-753.5497406036915,-320.875055594457
2825.9650771454612,-8263.244623011316,12196.342719517184,18134.8318034464,16604.02028526187,14253.883990779039,4527.631864173604,-8785.70717573214,-12438.732954941841,-8350.380325933274,-2126.5359018452664,93.32559894297515,106.98627661035937,140.6994855090062,-29.726787582196067
16684.53640297204,-22409.851765205665,6803.604988743609,20591.53167264905,20050.55875485325,14927.378596843706,770.1727376891744,-12604.713797839968,-14019.907854417446,-10189.806105541005,-4757.893573637111,728.7574189184154,2601.5443282378496,1609.1461887772386,419.92089291289466
26539.427561238866,-24234.58948698578,-692.8558374139122,17359.501998111435,19923.598235577396,14415.679732339124,-909.7729567521776,-13140.08191312034,-13520.127854352468,-10326.978590089702,-4330.9560359266425,3248.0767086986352,4367.0844583843855,2376.02395003877,733.3753978160191
24327.78094070183,-13664.136405300393,-2316.5853548426476,12095.351787808437,16162.060898137284,12076.622173807884,-1051.6806603208952,-10843.594491640462,-10809.067843088305,-7995.610052079151,-2046.7544409458847,4039.693671448813,3880.296596555291,2086.8277716537746,754.2730815822125
16328.19422442014,-4020.600970028077,826.950513743978,8642.805346302812,11760.839109630902,8814.437350547969,-1354.8426157256988,-8221.959597867351,-7489.2683778903665,-4874.349450016207,-1307.6769012348018,2057.8280537657256,2287.7297350811505,1332.4554763278998,532.5791087444522
13599.169281586059,-1412.2383693102825,3199.955591319393,7719.973246457738,9831.260946043287,6599.327892623151,-2310.503993280261,-6812.634730077655,-5013.831558497468,-3520.9519724040515,-3365.19156949457,-133.59986289509976,1554.631643175953,797.9295882890161,225.18494195435363
20358.727624451352,-6524.428519412947,3498.3160749715616,11054.385884352314,12338.042738550568,7165.624196058052,-2835.7368416840272,-6373.744248640297,-4469.979674294518,-5491.059683281059,-5481.168448859505,508.34156985188304,2477.2539744557603,814.8442867284958,36.288895904821516
32273.421095865102,-15676.690501901598,6534.432311936616,17039.673822943336,15736.903004177388,8180.146477466842,-3834.0498949769353,-7784.50035000243,-7567.632053620308,-9281.024369237752,-3269.9436293891854,4424.0786687375585,4497.322565259742,1528.4293846127398,168.05990933366996
43702.560571601614,-15647.532966005185,8035.381584570443,16484.356737538335,14554.12252354581,5308.772062153702,-8974.574722835228,-13744.134462051967,-14536.084713418233,-10173.626989818424,4442.906988423044,9409.162728525906,6823.208161290025,2963.743039306503,607.6710699637251
51704.915262013776,-15626.736188151923,-1695.9949005331366,13450.607228197148,15027.484379884409,1466.463605198745,-17894.906754385513,-23259.30066012257,-21346.506971898812,-5661.876055730326,13402.299133871034,13193.958012076675,9099.202473722653,4428.426479408197,903.0005628171214
50570.60889497635,-30170.08202460866,-5693.305172567685,22091.825067392423,23480.357357241137,1059.551887082175,-25672.170435660795,-30850.7712439738,-24554.93683973713,-594.8037148158623,18037.502249682446,15131.742247268787,10464.228136149772,4149.914713545752,472.6716606793796
33086.21168288627,-40831.924938428434,4660.023849243071,35203.39972426389,31185.7546842506,-1207.505350796819,-32142.650423248655,-35025.08722225664,-26942.316135694564,-1443.7380420673471,17198.70277519164,15348.853540744125,9114.241889487534,989.687220086363,-584.6251663131413
6072.446464637916,-39740.2969299379,21719.921878025507,48048.511825327725,37231.10216367709,-5267.193300719687,-38528.27491958964,-38718.73670530388,-31441.56851378234,-6337.616420787363,14843.56162903779,14319.064138640286,4830.578286286255,-3366.783041141263,-1439.0350392566097
-10826.466425374667,-13115.021348992967,43011.84048649424,55718.09727689443,43545.310159189,-1016.9758168298142,-38300.30023587849,-40266.46454977237,-33741.94681611998,-6719.595140134159,15546.614497044975,13555.133106387573,554.2490328332284,-6055.515328649291,-1606.998798304464
-9377.970888960213,10330.935697014113,35162.88467466646,37701.86183237844,35363.00386339719,6176.053173681279,-28869.74782916946,-35690.64046663549,-28456.55270034916,1198.402485187709,19645.093236090983,14326.712307148426,-991.2582135438269,-6403.165920897528,-1391.4515102085056
1796.0105547531816,-10031.430565467099,4210.746638395246,14453.584411884296,17232.435424838008,2664.7529438900815,-20975.0814736668,-28303.662329180286,-17853.76188920035,12247.22699381302,23500.34979816724,15827.250035834824,-261.7789538138078,-5581.965371300899,-1141.636531383499
11752.813331762978,-34701.04070125327,875.0811937829828,20243.919695950724,14203.367707460053,-5519.889017568712,-21314.097974726166,-23735.94918263517,-7853.850359319235,19672.66825825104,24066.791132439972,16278.354487832503,803.6352009581973,-4507.971933473925,-881.4191621527178
12275.09679477769,-27407.307550349436,24258.05200483062,39808.69603436677,25885.38243127396,-6593.259246483089,-23977.475393285204,-21614.217988545748,-1332.1873790413003,21305.141053758027,21446.783617612833,14941.987297256588,952.8165439685829,-3637.862175665354,-642.9181309881908
344.1123491484292,-2741.7611895486607,39124.18264240844,45346.542881050336,33268.45367867981,-3179.0964879860735,-23948.31026412598,-19758.81966466434,1331.607830955571,18783.46873164892,17486.06157083391,12047.701333360725,-284.2265284934033,-3260.186466941014,-540.8546061338081
-15351.604876487143,12597.973192379974,36061.47461674223,37565.031954829596,30712.6740509512,-2178.413812781539,-22615.14889478993,-18478.366939928885,854.2117389506111,14951.352498548527,13765.390344906886,8039.854575471067,-2485.3939157170425,-3083.4033054578094,-523.1011440952689
-22197.46311262235,14774.067227374551,26376.681761725984,27507.004084736902,24264.23248233916,-3721.747074026483,-21697.472695451903,-18308.305620150335,-579.8533875212516,12488.66249204853,11302.358410046103,3948.682281979848,-4362.110851271509,-2627.11418505868,-463.0137207231041
-17914.30554568007,5825.933224024012,13926.444934962044,17594.39137309375,16406.024325482646,-6337.127319229337,-21306.492735367014,-18633.35504671559,-533.1504202420651,12814.422010568604,10739.043876619115,1082.488594989982,-5236.08570035479,-2035.7536427971213,-404.47955982510325
-8812.344495761741,-13047.278318978686,3338.091494164893,11536.337655648775,7711.073814641778,-11398.148213843684,-22105.406736001867,-18834.96864308758,1743.908602637643,15265.880190868304,11737.64767459155,-349.4405294673339,-5504.809504511786,-1655.5845676240392,-433.42690750328484
-2619.4369404622685,-28220.766950327106,6000.437784566936,16423.14465414879,3304.622363704509,-18076.88628329747,-24336.591338969953,-18443.076436009622,5345.667451281702,17850.475886248423,13009.326371993875,-961.4541762051438,-5515.5147866673315,-1541.7499709323374,-527.6008228351916
-6115.878021683174,-24310.87876994806,21916.085593130138,29206.06482849002,6842.110889588439,-21809.467307930205,-26164.05709806233,-16750.47073597889,8878.279068358914,18982.790715180465,13647.550522314488,-1121.3051004346462,-5590.507284400094,-1828.8758177746683,-680.9568226872623
-19473.87337000086,-4059.6678310741318,35502.601723529435,37782.51470261408,13846.120404558018,-20673.42508476511,-25364.477095702783,-13342.918067719827,11323.600311007052,18499.793872788527,13713.889084438882,-1464.6258503264794,-6285.557136092994,-2641.6368485974735,-932.4698200697724
-33307.19005025045,13314.60295052994,35409.05728695007,35583.86206076596,16138.587636061624,-16949.12666300321,-21022.464877749855,-8373.932145762286,12612.714957978214,17240.674092593767,13081.719815185936,-2856.5029986306213,-7272.265723027587,-3532.0395797694337,-1201.4802453633904
-38388.49339987722,14931.251020625246,24858.267666624597,25202.048677125462,11560.50978110659,-12017.709757709203,-14327.046242114875,-2956.4132085405354,13099.031093081,15681.213764914193,11080.63495941067,-4735.562149808067,-7384.3845098876745,-3821.8473541664744,-1305.673520801964
-35184.062214475845,5146.832651345788,12266.556498831123,13599.32320545978,6367.474750293942,-6858.148765505342,-8739.413021795131,920.5527410670338,12868.356804289346,13868.158737328255,8031.16592976699,-5847.295471585424,-6475.497557089154,-3491.6199912137104,-1219.0708468336966
-30353.976989516934,-3373.482157170846,4516.094205130058,7569.529812276358,5457.005964030582,-4054.952492327127,-7038.87972394691,2228.564617832182,12620.464317617516,12605.92609180624,4822.0997006718635,-6663.0308734088585,-5651.367031106266,-3192.637260602847,-1134.9765014084655
-28663.11615040193,-2228.5948695862376,6969.797061961943,11126.479270329328,7972.312235214131,-6399.109824899984,-10473.48656480214,1140.2940846273202,13505.80418997701,12714.843170171287,1532.637701756874,-8248.842898544504,-5790.63371844967,-3410.6911722703308,-1118.5846500223952
-27965.586791781585,7490.657657941579,23188.68916468133,24964.355570406464,10221.87320915489,-14603.477226863242,-17809.460760084825,165.04612710388173,17256.694486484925,15263.577983484847,-536.8549110607565,-10376.572805470518,-7057.310205926874,-3661.4769126698084,-807.7166328162725
-19208.220333215668,18656.062349213305,50932.28885054618,47078.35352903839,12040.79794164914,-26591.861813605818,-26654.706665774014,3255.2820429680987,26291.149321521847,22152.369450520688,291.32445197041926,-12741.886406119236,-8816.875125704017,-2580.0873114487076,173.6162123387644
189.28805998065093,12002.429408623786,71914.30357962323,63626.364536530535,4569.576786110451,-43444.07182532318,-37300.12642204682,7399.991200974497,36823.33742851566,30312.85962020949,1404.7444747582506,-15136.411390299612,-9456.046626880005,273.878399661555,1402.543384782791
14462.204196516575,-13379.550334165348,51300.661902418695,45919.529088648866,-14748.149114314258,-51764.21139303961,-41714.86727039687,7366.215806103025,39268.06010061269,31676.148854288745,-975.2923046007904,-16222.064380473914,-8058.866959422379,2954.570356120029,1901.867274654201
9702.854320172648,-9690.80233043019,19121.647835975782,17247.771975907348,-18063.607495690223,-37864.61622260375,-31927.565503362974,6309.4936232225355,32561.715904855188,24878.246377064628,-5610.3199086103305,-15213.855879073355,-5993.362904922345,3427.506483447182,1445.7284860999393
-3804.9284030736826,5181.646867319112,10715.907078828363,10360.468132100723,-3976.1953678764057,-18488.750362060862,-17417.917511416967,7762.411811882333,24552.789450253502,16488.49131650951,-9153.273362729484,-13463.817226750409,-4931.867204526603,2402.4431290179737,775.6442979975924
-9594.281425986032,7718.025894528925,14358.215445133543,16592.03183531613,7130.4365168802115,-9432.922035241163,-8165.375934147461,10635.963579347774,19894.819872647884,10985.484577474885,-10691.1131148187,-12250.564391272837,-4585.216883699143,1697.46434786197,442.22046403243087
-6582.002949630794,9777.370610872676,21321.47238761408,23883.460261848395,8625.67439461474,-10111.45511478413,-4842.472463535578,13327.948576325647,17973.031253296616,8128.704483342536,-10667.322947657743,-11094.876238230256,-3871.8587855540686,1595.345771108009,318.3292804688323
351.3284281632389,12975.440717349118,28152.356448627674,26663.05944723081,2837.0991373148986,-14758.595803871387,-5081.111377575727,14482.999590150752,16842.925836761075,6606.05325632208,-9364.813279591068,-9245.549048705507,-2483.3620849153563,1571.8779302871883,205.3963037828268
9795.667225047615,9797.142925808232,29429.623763531,23902.83000541906,-3708.926889908357,-17453.670294318043,-5270.7272594661945,14444.945796122485,15723.362535125827,6033.889651372071,-7252.992486029129,-6812.768897841014,-381.7288495989642,1658.4892800158518,157.6246754265067
17413.32557982358,2309.0587548267285,25103.14122216495,18463.46740884494,-8351.779552199143,-18160.353106272643,-4576.99348579321,14281.757312693182,14845.012165816497,5877.485508758764,-5443.199356452798,-4382.727346081684,2165.5619196243942,1871.418013219878,215.59850378260376
18202.268012758286,-6357.28956305233,15016.3964251125,9073.004858047314,-13623.791443684604,-19137.5615714525,-5520.7544310499425,12808.619942306756,13460.653332120912,4320.0975629961895,-5281.085877685541,-2907.3734073909263,3965.322099551817,1963.787814975832,346.3221660912359
14545.026906995701,-6507.156224948201,4946.491078688268,-143.06877116110266,-15578.821856651792,-18034.946389535984,-7630.730086841346,9300.580750672807,10502.753596788574,221.94167045703907,-7056.508464017299,-3173.768930031892,4238.346239729433,2045.96524759694,561.9375496130759
11704.71230020422,2190.9446448476406,5165.534056692539,181.2082188942588,-11323.325898219884,-14473.302906855448,-7824.513126941342,6127.997876046915,6759.126711681707,-4955.02309079112,-9551.60224774545,-4662.503517279989,3773.8451453073358,2346.8638227905517,846.7761329184211
9934.961646540141,8410.58386024465,11608.467611858776,7160.7315987674,-6840.440388140701,-12120.930826829728,-5564.073459767242,5315.156050001941,4014.799996408578,-8752.968449677166,-11272.348858020734,-5734.377097231299,3693.6676388895885,2666.574541421528,1098.0276977587368
6978.067848501879,10363.11271316376,16975.405313091505,12986.835294958966,-5587.503607674506,-11472.101393899915,-2490.210684945785,6207.381192739421,3069.5663665317243,-10115.385572489686,-11574.453890496367,-5279.248246004171,3931.612041433168,2594.420093323135,1203.1728826822887
5498.9938670257125,10250.106356050177,20277.969978135538,15309.935566512268,-5932.890605930789,-11002.89894961766,57.07599261863621,7826.063097178838,3664.1775961096473,-9617.484296811233,-10766.184828427933,-3926.131343226227,3757.9034157700726,2151.2068294953997,1142.1429112068358
10249.216759168996,8676.5417950241,21263.835352585374,14292.091598682162,-7024.955959934551,-10586.45158979047,2136.1892177637374,9673.473653288727,4807.38570043993,-8439.285873999735,-9644.652260449302,-2789.888677834996,3319.7721439263705,1783.594471442742,1003.2840261590688
17997.533993897214,6283.8856252182095,19783.929848427782,11571.893145815095,-7266.539427932974,-9199.009999114041,4062.6685295370007,10902.030570703553,5870.015714787371,-6850.996689072961,-8107.282398356208,-1263.3536848643428,3158.708785225891,1595.5395788748929,899.3200445033572
21029.112133469247,5177.866742386248,15917.586025047975,8460.663245399954,-6454.518913907824,-7282.469283676163,6364.624292214905,12639.009774171229,8163.314630703291,-3556.068541422463,-4744.584521328138,1748.0093010765684,2961.181606150874,1368.5493790380772,944.8318624404649
21108.73865778556,2518.667430387567,13871.996540271115,7659.661137829851,-6526.413780270159,-5783.874692705949,11487.255996678712,16461.128870173485,12519.594889363665,1384.761250753702,142.46421528891136,5417.964164826135,2733.964112732836,1492.879945916933,1223.0569423508782
25724.688324572122,5005.433313887285,20261.340948732803,12783.233089565889,-5959.690696503352,-3718.531891447366,18040.1956019692,20944.510147123943,16922.92551751971,4452.838162920299,3275.3865744282075,8236.851554535384,3572.587503367551,2549.9521516870304,1516.0600968367526
30309.261253914156,18176.889978880383,30959.583630630957,21027.08294825974,-4190.997011955045,-1958.485126193378,22241.749166406153,24420.515006396086,18766.14722688857,2785.1586676831635,2489.761984087305,9623.3380741379,5565.125763620925,3758.301026094683,1349.0610582871072
24035.7716597265,32645.509846098386,36786.61595256267,28564.226273245396,882.069753988259,1618.193546354883,23307.060239777133,24542.291845702865,16669.65857078574,-1543.9883939971648,-252.38025302329459,9438.265568830715,6800.771437344725,3621.1434128463743,731.6881304837451
11225.575004542412,26804.07192947549,26348.305451367738,25170.56591235771,5892.565389635784,5438.930561027985,18081.21296479362,17982.77756493437,10423.57427985908,-4447.255371304107,-1841.9083960273128,7466.877855476563,5650.63247806777,2230.0117776890897,307.9453111971598
4153.702366325495,11175.820979404705,14085.389180368058,12350.764223803748,1591.579234631741,1779.4016454539417,7620.045553076371,8115.6819924364945,2229.2076817169977,-5349.262246901259,-2319.250297829391,3998.961601732798,2834.425760029909,981.118056553732,402.45641742173115
3352.7001488986657,6809.318085226851,10998.63371080447,4829.572481498662,-4933.854494564632,-3998.8043209236325,1612.4906643961551,2724.79274123264,-3271.174026754992,-5788.888453221413,-3124.981401453426,814.4292987967717,496.5742102565792,459.0195708887118,631.5850476240764
2959.4570665306574,2930.766140187154,7542.305432020547,340.57036670600843,-7409.053942319936,-5646.94005517853,927.30419293131,1860.00210298459,-4363.823637383152,-5809.201672110296,-3576.5377925238113,-48.414233653533415,-73.56515860933996,273.4557778450535,600.3275072392591
3001.3484834086803,273.1591932157795,5096.254734897577,-3393.768937152183,-9793.799445046723,-7236.856690146128,646.9215067844045,1939.4265941084425,-3676.1615008697145,-5215.650560348539,-2544.883588659943,1270.8075239912187,711.8415214803945,168.55707346373288,364.65975225985267
5473.545992017017,-3812.060388097297,2482.362818548588,-5705.1832161755165,-12555.003228486532,-9383.862633802348,1426.8059014125743,2804.97540068893,-3281.731070287627,-4647.543712279312,-814.2668130374808,2863.1911577850933,1670.2583885600131,155.92495470958602,161.82204011589187
6817.218644897888,-7771.840435755947,1015.1835771592499,-6812.658650742122,-13888.66967984383,-9759.34702380908,3343.806680753432,3885.001455214746,-3638.0730842728967,-4617.350506608202,59.08023787461522,3366.090357379154,1981.969140676594,144.81712724250656,73.16068459488031
1392.1001467938115,-7256.217863515394,1954.2286219418052,-6709.857067308143,-13717.682124212812,-9056.341167103446,4264.262590239537,3688.6011901829315,-4810.9088103762515,-5063.63196008663,-349.6682837605148,2772.692042632668,1528.4477316603204,-10.259128634636227,9.376677243057458
-8914.309691802366,-3451.0991501832236,4341.806276635399,-5393.271495315209,-12689.791063119581,-7940.862298317424,4387.983419162278,2660.9049040785435,-5890.445443820234,-5291.059262630983,-1124.7773753408328,1728.0770834602224,678.4696944395725,-267.45664125163137,-110.4848886010538
-15055.304417896812,1740.2643958149888,6672.246997361333,-1879.0370793542459,-9407.412987900449,-5080.3526338599595,4897.999753816353,2250.0045892248672,-5451.568991546492,-4441.740340980149,-1071.750213280669,923.8141069960486,119.4961520018073,-334.45822083626524,-236.0660150108481
-13223.193732687992,3666.821195509676,6026.520162011004,1574.2945963271018,-4285.646885997895,-1217.8967350453408,5301.6454824036455,2751.378584842988,-3412.272577210714,-2432.282325871508,170.64376845969275,823.3009569045959,438.08035930728647,-84.343442053486,-296.0412175149151
-7573.221273243519,3935.988360067311,4750.386956188682,2654.131663995138,-1063.7822946570914,763.6867433267398,4891.046003917646,3207.0933325370906,-1354.8359175802475,-263.2838209366449,1707.5543760616406,1207.6218214480061,1271.34972082956,248.87393301765235,-301.3628652841576
-1402.0891830154517,5696.2711142305125,5401.4020898964545,2762.4617719620946,-902.0294060888186,683.8584455875755,4398.853058259376,3111.3921521233174,-617.9441294232354,758.3723059060245,2210.91359489662,1225.6607683580435,1636.8228224977172,520.721214731813,-288.50439191332015
4057.8891458234843,5852.473523189552,5586.250678638475,1868.459266208246,-1936.9949641668354,413.3737036980683,4349.2762597973915,2858.403080662427,-1136.6441023623906,153.8129296484857,1383.1716927689101,474.18228888374347,1148.2647515172089,682.8759578499445,-333.1619342983558
6081.370809963084,4198.355313135806,4695.928916345834,-566.5346103735505,-3133.256444619645,296.45694549028997,4241.104814421454,2593.456991162721,-2191.411995813093,-1360.5759532212032,265.62198361268474,-454.26659823293477,142.48649817512188,526.2265559524234,-530.0045644633
3598.365067053652,1959.2643436532962,3606.169470656197,-2314.198798581923,-3918.8144191384413,400.51279725908955,4302.341138465548,2329.1395138889775,-3096.3834090801392,-2484.517571207428,-31.399171961172783,-778.8805376717027,-742.2123281825462,29.567109022177533,-805.2139952905867
828.53505437336,1327.0251227749118,4084.4366208339816,-1200.8650522091027,-3499.097677333133,1577.2690362292751,4901.127061128806,2281.524771572867,-2947.8686333920145,-2093.44623224769,614.0855353981099,-223.3978811745726,-835.1698335640006,-374.1391249569742,-919.3446083951707
1535.0661961319515,4270.057164103003,6176.273857754927,1954.574119353811,-1027.4950451291343,3684.1502076134157,5039.949394365893,2842.6051377010467,-1090.4277189927357,-165.50275715774808,1608.626727914184,928.0859241762493,-164.5557156838678,-361.4647005951373,-803.995420372202
3070.1589602820227,6275.884616543801,6441.024220917092,5239.98874044183,2673.7512951476124,5369.235503782778,4410.466436603955,3505.26242954984,830.4611151248225,1379.1077029003902,1964.7305211485263,1642.1837961093568,388.3692262609495,-185.8550819354383,-681.7576134623583
2229.8638801897246,3493.653990023269,3407.2265356478797,4197.207105108595,3124.4932024729587,3550.865547110554,1870.8496780755936,2141.564139921049,1279.5896461750058,1041.56751721047,881.7486082402638,1127.9796564361,521.5213635979591,-125.28998793730484,-713.2689883096679
-43.44721826542373,-1514.3052986517923,-1355.9272968591429,2020.185624081435,3020.208783554238,516.8448492024617,-1684.0546354642597,506.7116263853056,1813.2735976539234,148.26757456875242,-754.8618540413013,277.63293700228604,715.035795245025,-139.8884555033248,-818.531403961116
-2824.857168162765,-417.76588660174843,-730.5060599803259,2271.4601662815667,3185.370065924992,-216.54505105682193,-2817.337844289728,157.25100864083265,2089.5458039624045,-561.9576746911871,-1638.85396603847,-113.22473250984399,747.7415222564025,-333.7041484258841,-883.4244140232246
-4941.832901273105,422.6607242573984,452.98410505952006,1543.5265998496327,1931.3225480074361,-802.7846134331955,-3027.736354325324,-482.77935979497306,1371.3228997085914,-1516.6608789502475,-1951.173607291844,-429.6514811506236,283.89087398174263,-736.0309171292818,-861.0256315082422
-4447.471745081954,415.0417542151091,1168.623805026928,836.949290193875,903.5127639291062,-602.3675626140514,-2461.6546676062117,-362.2091764597305,1160.9767947676194,-1769.9877473549186,-1917.5898442101966,-439.1356346217068,-17.304376911447775,-953.206315218575,-772.9187332447153
-2199.1993362680064,-258.6849167787318,754.9792494632279,37.68315160973532,-144.90638031008018,-68.15879297707954,-1161.5885170680724,292.19463342092837,1495.5143332239156,-1082.5279415645905,-1537.6349460823535,259.3305343418756,357.6641115940632,-837.1391889956101,-697.660437780045
52.25355719962305,133.42157812257625,761.7978593719736,238.73676365574784,-473.85736738757447,53.00984280403941,-515.4085629646702,266.5486972502674,1522.3053709287196,-659.6068690412902,-1350.5967402064182,1064.3410186560839,950.6636157236971,-730.1495829406294,-656.5710492192165
1757.276084703682,1235.3991425815323,1717.7309841844387,82.62470871483431,-895.6708219218411,-10.415949283774012,-465.3430874934658,-437.90874397404104,864.7727614627463,-1041.535689433138,-1567.4616723667866,1260.8501931303736,1123.4428149388102,-829.2509917396321,-585.7647437977233
1295.7370828182209,2511.8120750576463,2825.7557787856617,-1620.5026868306868,-2405.377207630842,71.67849217225876,-199.96468592533066,-1564.7186333525367,-577.5106803182499,-1543.0188922330522,-1604.3149199411248,781.179228138904,705.3814462729711,-982.1929763836301,-452.99766003155935
-1737.902949178699,4467.1875104012925,4655.907431373337,-4001.6909431034724,-4554.01220743577,1492.6279793450258,1414.0261771589905,-2796.6939543426597,-2415.952517999725,-1072.1613147463145,-801.04944053246,-127.26716054195117,-159.82703736119748,-1003.2752663409879,-285.9152287572158
-2461.225029223558,9724.935677652986,9376.763217228521,-6223.726712372714,-6760.378806117309,5006.2046518551515,4673.654824928555,-4119.107546346608,-3990.629107584861,760.0065553918756,775.5679430876429,-1187.302217133652,-1131.1296208021577,-757.1447985937974,-85.55138984753044
2440.8905747862136,14256.636179722133,13143.445938079347,-9501.226611732136,-9285.652396971302,7992.6110689886045,7060.07798035597,-5579.545973796596,-4699.288797977949,2867.4136729293905,2181.351597699069,-1856.5087532817777,-1563.168187182177,-288.7134133108206,126.940055480002
7540.169693510033,10701.748766412335,10069.864833279058,-10980.602755322527,-9763.218617626138,7592.107641949505,6315.0094211091455,-5887.906326137056,-4025.410145106372,3674.883525252921,2542.3792527979467,-1524.7744091991613,-1100.8131538017735,-7.43367717983881,254.7254154495295
7158.059365975972,5870.645102850277,5773.266760986833,-7594.266517012343,-6517.999169182676,5578.857864332107,4248.229140088586,-4270.725994411941,-2356.4382347591572,2945.1573649741604,2025.8499109994145,-425.2420379855471,-297.23928340886687,-120.48600936610615,295.7700097183323
3938.08345538764,3356.150965984388,3385.400470565469,-3945.0606795389017,-3267.3109969571765,3800.2929037570098,2592.212901493939,-2428.3997058928753,-1146.4374564921995,1542.09022434441,1252.1675438286545,384.7525976208253,116.86935368541583,-275.07082360676765,375.3896994120511
2726.681407212084,1722.183374407423,1863.0084616168538,-2147.906668890972,-1657.7731567010214,2289.8876622590906,1217.597436752178,-1535.0454662501852,-1092.3793520455642,170.23280147845185,436.6978423885977,319.24604996169353,23.29675415664144,-219.38245074966676,519.369535836493
2853.014483817313,753.8486855376377,1152.2337063281004,-1267.688998231402,-728.5440733689479,1354.342281063253,396.91877416353526,-1100.6365797153014,-1430.5170959800002,-763.0933539573396,-293.1781443931723,-144.26417420313726,-316.45006256771677,-155.85295220970295,613.8714835248726
1230.449422164369,39.89838378110932,455.97620274851334,-812.0568545287618,-355.36108216141986,936.6454608301616,293.9907926190394,-695.5069819665291,-1320.2053591335164,-1069.303170582746,-611.807611129439,-290.8763029745031,-634.4734148813235,-284.4631144881116,611.267349682492
-1081.5949976607076,-224.57226518429326,135.99236254233202,-479.4424076627075,-144.7183641942363,1099.938024354683,742.3492600204219,-261.2644233724795,-713.4906645915544,-738.1000401126485,-284.635705195409,31.896082114674755,-654.989446177239,-416.1520459452408,625.4674937979161
-213.0122388013922,238.37492111269393,661.7140556363455,-708.9272990725374,44.906542499282395,2152.9007143125846,1670.700460177049,-5.304981957356972,239.62403927025122,393.3893715486453,671.3603785739451,569.4356100566723,-171.8831759715548,-215.07940039725446,763.6699156946387
3392.3160463779395,2429.720968113401,2557.8136633270315,-1482.5072654501657,578.3177655479756,4297.335033998295,3113.2527836103136,207.28499013474786,1469.6346406462528,1895.216443359592,1642.2071659188678,910.5846420058772,469.5798625609891,254.92539987828553,920.9982942222515
4783.2937405389475,5847.676455061985,5047.882374818657,-1248.1824694895954,1541.5480154138816,5526.475955678024,3720.8568010196504,223.74981567660183,1906.907826161329,2473.0588302985157,1608.0659340255677,588.34336806845,595.3605167810063,547.5983164220727,907.198133786956
3649.820778859885,6620.507035085276,5421.78023782613,-807.3974149490755,1756.2050227650784,5138.762634492815,3240.455244394538,-14.310588699370214,1572.6693952253497,2211.043272875179,924.4527005630882,-26.346740426467193,365.90223627181683,556.2206649867909,783.1402590669088
4360.813645180279,4139.910550498045,3749.6227520086363,384.2268115192113,2031.603613725083,3847.4261858188484,3114.411314303469,860.9992094470867,1624.0951385036028,1873.1538585025905,872.6045834353833,33.095549467809434,414.38921682382875,631.0021300436397,749.9692934282947
5540.297172074498,-97.88432707979466,-403.4097415188928,-1198.2582824560272,-302.26414303119134,956.2142453273381,1565.1375655235956,1081.201458241316,737.905392400615,938.9210855686899,831.0019256759874,275.3730933406867,448.63395015683784,759.6450055636346,769.2731704434407
3135.5246929893624,-898.983943791612,-1653.4722154475824,-2705.7317602734506,-2305.774983980479,-645.0999806684583,-549.67166200673,-504.24485384984405,-1008.5251267187775,-421.5511611696636,-316.0004495914553,-449.2809964690494,-82.00558714127646,574.4259177284767,702.6291853461242
-666.9871797120859,-1003.563279418626,-1498.9311358554803,-1806.5850068755424,-2019.1236218490455,-935.8324677460387,-913.6122878568251,-1258.184887967246,-1778.2775131101553,-1289.9099205910197,-1604.5385458149785,-1600.2947593408112,-863.3935223633591,177.6448226761847,596.5098352818424
-2190.9440531087766,-157.0217385024399,-931.0438867264863,-1286.881429736905,-1325.46327822997,-835.5047774337856,-139.00054398038094,-562.1396494614746,-1383.6259594922776,-1285.6619755387567,-1673.0372593936193,-1940.6081446219032,-1298.8761851912127,17.10593094268927,535.6343172151654
-1672.9483001953638,343.5854896057618,-227.22385206339487,-933.1285269254544,-750.4717230083882,-347.33964846630647,637.4619703673044,338.7119469314589,-301.830689134832,-375.4815976846303,-616.4431284178426,-1323.2291437464132,-1236.2674335242637,190.08120994241068,483.6691839601278
-343.0708033355967,494.99165005583575,193.1525791564837,-467.743996596371,-597.5364640222954,30.29413009750712,920.2008978093361,836.7283290914523,989.1962754601896,1020.5154399801315,612.2349525577898,-436.94521168688436,-887.8251981140035,432.08095318347955,380.778397397247
1466.615636683109,408.4479832682605,170.2992416362383,-597.8002132622321,-670.675193366726,356.8659133109727,762.5628003275306,924.5051787129078,1891.8070297322752,2155.181869234458,1307.5111048732733,133.8111894819396,-500.99658511146436,528.3217334174244,227.42518100812438
2988.914531671642,271.2380727052628,-76.01722414130319,-1278.5340964661304,-601.5996063690682,786.7867847004724,239.8338165102063,537.2656979078383,2087.090419862138,2575.524187003833,1340.4230005858597,295.2512258603449,-160.9224232141587,476.4227478520693,52.706591079372544
2389.0130356178965,515.8767531615234,-181.0163319146444,-2081.5972249878087,-487.58465184550255,1154.4934176952204,-766.5696081597088,-451.234142834011,1709.0310646619519,2299.024168273967,896.435358087215,238.4590085523571,155.32180467953827,340.3087380421261,-130.808600310099
-1869.9776553025483,1156.3583614442377,-89.68829644494318,-2928.175622053257,-522.1038450141325,1249.8570414675523,-2287.7233694474357,-1940.011178227137,937.9137362904822,1474.9350273081373,136.07701380458582,21.398670851091197,334.43271673521735,92.95114597027191,-327.6810827557509
-8399.85652596242,2017.0721114481219,65.61843698300542,-3958.289201980194,-909.35087227546,826.7609246222124,-4115.872808014068,-3588.301750330975,-60.71079815769417,306.94770497222413,-828.8361957031135,-413.9765390965843,185.20150079183307,-225.77053272201988,-515.0132523298641
-13370.302904676357,3298.5646935805166,640.713283505589,-4675.405242247309,-1068.402256193168,429.40087578915893,-5248.5710901714665,-4548.282178639906,-659.5306616559537,-603.4922310766522,-1562.1580287270963,-686.2228181621454,-15.039469431146685,-392.1283607197432,-649.1261147942224
-13745.060027373649,2919.8075894940816,611.8346639424851,-4282.920271911628,-784.8189097415191,330.40894093087786,-4693.814675817173,-4012.387947397501,-457.0599218428697,-485.1418465776368,-1362.5635639808966,-152.7486242458461,312.9788707690391,-292.5810925719477,-707.7981153261294
-8309.133800409107,855.988803064086,-1198.053133343381,-4373.427554988853,-1378.9574612500735,-422.2640421079575,-3305.5264622442355,-2678.6395584431148,-61.5132041474277,502.327772158112,-232.85376333539503,932.3867380422632,1072.097304552635,37.56745971000794,-666.0798804622461
703.4937931608354,-340.86090191833864,-2483.5265477254134,-4597.114393862404,-2029.1691901710458,-1248.3078745467076,-2417.545429902606,-1975.7920708878464,-114.45833975624964,1137.5395588129986,811.7397904790355,1479.2641787398188,1562.8899415152707,488.1645341556513,-563.0916206605443
6372.60846551936,-1572.2234358788508,-2592.7217991220436,-3660.807537810725,-1672.260920080891,-1173.5925416028504,-2265.5176177873077,-2131.5559300379664,-301.84614786059893,702.0854532693342,700.5930529044506,1049.826156596883,1350.9020290629824,666.8963311539704,-571.4743447945249
3635.8876332602317,-1064.694751134354,-1364.435131798369,-2449.922900013676,-350.9103338702442,-59.18698948616207,-2708.1772648104297,-2451.421079873644,256.2707903581784,-601.5835081523552,-804.5944116466425,385.28442517618896,598.6702961443943,194.3362574975531,-765.4762610695395
-2811.986383981725,5124.337618140225,2579.088762983799,-2175.5900408070015,2538.0195927271784,2182.8798222669393,-4336.545536227497,-2779.839478648962,1634.7218092742228,-2384.6994037758313,-2819.2432645013973,430.9312273448995,-90.91499196149175,-668.0568734131951,-923.6857677557535
-3926.4613658565886,11526.517621946132,3143.843325231085,-5808.437945184989,3837.937884500105,2865.0280861116275,-7255.631083134021,-3504.8098075048288,2498.6700129121737,-4037.241753313829,-4002.177407088404,1116.1247603332522,-244.26495340635267,-1158.156817510419,-823.247075118178
276.8203051274837,5720.898778162446,-3381.4770751280084,-10004.863715564443,394.05551445801103,-116.59525001129508,-8889.90737889721,-4397.436161791205,1556.3733428556288,-4714.190823046169,-3858.533523969335,1362.7806426426353,-18.300401342561827,-937.7484079729136,-606.5595047364906
2481.9572199778986,-1694.289146232406,-5394.289792643775,-7447.4454632756415,-2665.4616526462023,-2620.4310585904664,-6915.674822726617,-4336.033653139557,-298.53225856555173,-4075.5875379102804,-3064.7341163364936,655.348494281592,132.96205500605646,-502.7011136691814,-541.1498586670413
1553.8194087024383,-626.3551981907699,-1682.154729013119,-2711.6951046883514,-1639.0643209270177,-1804.1349215930081,-3813.3786922138565,-3283.7008024168013,-1261.8255731552188,-3052.0302373396917,-2542.5827360137673,-224.97521837003262,8.067299833187803,-426.5924436076547,-593.4412753773281
1151.7674924303801,2192.052641195073,531.4632222254378,-1215.5794491466781,1141.4611789868388,351.9372285763893,-2201.2788607750417,-2077.365532077296,-1143.3590947035634,-2656.8364734362585,-2582.9420091874877,-631.734110622913,-414.2293488625402,-716.082817913542,-589.8098811466241
537.7606463109464,4171.061418102584,897.8695015343148,-2017.3850153486374,4174.445475847587,2703.6529481378093,-1656.906163761798,-328.955371763759,-66.42642835506119,-2483.26016991146,-2666.358935165019,-793.7335255831782,-959.8979782554808,-1052.264744991422,-532.3236139789036
-2517.4219718455442,7071.553637048761,2776.034921139052,-1581.4495757150335,6083.4757320593035,4191.020346700761,-1574.7622743414347,1770.4089129471622,1697.18639050806,-2169.8923822368097,-2274.6878296598243,-822.579659284698,-1177.1607057881406,-1173.2489369619727,-488.5573498032223
-6404.690081069429,8946.74384776313,5773.918946330381,1267.3188693763616,6985.567401042765,5158.75859511146,-867.1811758233035,3308.652150682607,2991.51183796923,-2038.4558498074573,-1639.2668987870907,-591.3750830219471,-991.446362042488,-1072.2700610711713,-425.36319572228035
-8577.489202877441,6971.07279923609,6165.537098420193,3403.8301479934444,6808.316176733691,5919.34607190298,611.4907091172213,4355.95807330215,3646.186485182323,-1857.7398572107722,-1068.0756664153141,-265.6451172374747,-848.7687452077049,-961.9318813127857,-308.09573479044116
-8737.91427945985,4618.974578347849,4710.650738658044,3847.928267846705,5788.380982476335,6217.062482890246,2150.98258089315,5284.836179055531,4349.2088461415,-1281.1912435698196,-350.562460339136,107.84914579887153,-874.7924852437901,-928.5160054807377,-177.788470074908
-6925.740486200465,4532.0860278412165,4092.8759821646822,3987.107520929775,5415.956911227692,6724.093297129183,3683.511409990839,6258.02160233837,5353.729176385318,-280.6705663337227,855.0167807216901,856.7490859773336,-723.9228344751718,-793.6312937030432,-60.598145052520664
-2168.5103121334955,6404.244860214402,5967.154952172267,5306.2091798934125,6594.960149978928,8005.158738054024,5373.872630249871,7335.74066840629,6626.262338175526,1181.4999449867728,2562.496989432931,2117.298065008791,-171.63146215790744,-435.39111090243694,58.68457020954536
5521.582317290008,9341.816196421498,10258.22441639486,8409.903196069994,9398.810358643947,10169.382550423603,7080.520296551964,8463.056939703623,7941.009358416036,2870.109543751024,4277.658677509198,3486.079023555076,646.1553724011696,-8.413700138882632,183.84974637642577
13579.16319037225,13898.692713857261,14437.920434070578,11258.993588388908,12888.332473113785,12192.225881186761,8029.969383245352,9311.22507929019,8738.92309723081,4160.368468395172,5317.103583338123,4424.810065152207,1434.1481101711477,296.69385353157077,319.9256282591102
18099.689915374125,17053.62081912509,13582.134085612139,10136.183446177558,14620.983600880802,12033.48923845613,7348.316664042299,9283.781932889191,8468.402892861262,4509.95008840431,5452.910419857452,4752.1449853773665,1995.37764118134,431.0965107448716,466.55020983691037
17629.786027029837,13256.542742001637,6802.243615178622,4913.585722721733,12452.386786814002,8669.785352251303,4775.967224507901,8003.9227365940405,7023.453403250275,3859.56992180433,4958.630377705205,4528.343274787615,2184.858625180571,369.6589785269492,591.5521166124568
15419.429595637304,5219.5864113437665,43.243919974727206,-442.79525286910626,7105.908621922965,3460.15914284899,1140.187570241555,5884.356000880801,4810.6009413219535,2504.9471874455194,4182.7278396954825,3867.825483833838,1890.140464928091,232.29698287072108,696.9416361300719
15720.643731502822,686.3246244154394,-2178.0308235022985,-2901.7271436192486,2029.8381540327239,-961.230950941079,-2141.6735366155767,3637.5004081820084,2277.3584431018344,692.8150332088076,3611.3209022586316,3116.4492620407,1348.9670233113495,309.9561803692742,833.9911312781475
18834.253643978285,203.79925756367288,-2289.052582090223,-3801.2337094570566,-1020.8881990361617,-4042.271956905456,-4901.4931105701,1862.7852021818408,-299.88338579008666,-1316.378431239921,3565.2469896373505,2463.431377838778,852.0788375363719,672.6859296145527,994.5131914601395
19864.89061345631,-2589.250856254929,-6204.817681523823,-7307.62084869128,-2741.870473229313,-7114.550824392542,-7707.734330636505,620.1051088047232,-3098.6546536206383,-3608.0733252666796,3319.9794819693243,1239.44335381663,51.93044381552039,1015.7061760260652,1032.112998049773
10964.947412052283,-9017.894691580117,-15206.986511591716,-14686.979582327673,-4930.203185661288,-11633.475858873899,-11368.302932306171,-1263.1902676040913,-6891.445057478847,-6795.391703095402,1582.4221463189524,-1423.2478423309526,-1621.4710712056656,815.6839606605643,749.2777986536063
-9343.666844866046,-13789.177028105065,-25312.275511936266,-23343.846437720083,-8276.573703968252,-17593.353566088957,-16042.49254643236,-4363.8940080715565,-11378.939782826976,-10510.833098644984,-1939.3084733948772,-4912.622757533579,-3831.6016921862774,-265.9665907291311,208.51500042698967
-27642.580743532697,-9506.126184695107,-28420.618136104473,-26394.41044762367,-9095.338822246464,-21013.80630901969,-18944.53320845756,-7163.779715097428,-14319.55038837703,-12882.51116968292,-5733.85323571212,-7042.038373971431,-5276.725496268392,-1728.4040865935583,-141.76446795745937
-29453.681175869322,139.16718756334075,-19839.028703777858,-19496.749439968644,-5299.397295959322,-18354.10143324011,-17192.209894409178,-7607.700180476668,-13821.983091254499,-12486.959398778932,-7568.670664029264,-6507.687112236916,-5110.0447201371,-2452.1262118220297,-2.955234334264219
-19323.292448972323,3349.5878278207883,-7964.174655118032,-8988.86620391435,-727.2215978589081,-11856.942586428026,-11953.308883167872,-5582.920908493442,-10613.36202125796,-9919.981933843908,-6773.140775988559,-4507.170322163408,-3920.5861816158995,-2041.6123720105898,341.9370325991698
-11298.27453677103,1167.0581589297278,-2645.48358122448,-3523.528486669066,784.3335068728736,-6738.0205694218175,-7178.456081680361,-3173.6366838903564,-7130.911111627708,-7024.3727032512525,-4781.2093610954435,-2935.3177937706637,-2829.9650670687024,-1206.2920788947085,501.84510387114426
-9820.019818310111,1354.5057072511436,-2621.3926333190307,-3261.2172473451938,264.5572940805642,-5267.382369489024,-5174.426258412984,-2058.1753006929716,-5056.014441065407,-5110.983553581242,-3168.0549995159067,-2310.8962429367243,-2247.988614630158,-623.8921920765957,459.25439775619867
-11301.162646565861,3436.948047098149,-3880.4610947479546,-4472.803194070452,-104.55192660645194,-6057.692161738795,-5178.044870984622,-2043.9187080050006,-4397.476967666687,-4183.467202776451,-2178.869226447902,-2113.959480727135,-1856.4337618144582,-275.0685033516756,365.77467702613455
-11944.163791645698,3829.8829452482114,-5891.67390586283,-5574.169409747073,172.6518609832895,-7012.186545593412,-5460.010145340435,-2153.329001694874,-4510.724479015458,-3635.3969675549565,-1333.3524764676763,-1818.566248191023,-1236.2846192990244,114.97230521480438,289.5875507363969
-9042.483049392184,2419.445150018031,-8347.726763290326,-6288.276133454599,575.6082522344107,-6995.320708484194,-4996.735735954914,-1686.3952431503044,-4795.736249344298,-2891.6909972648978,-338.25688823776716,-1245.4537153279946,-392.2082272259264,567.7404752085463,244.87776601418645
-2242.038739732112,1426.4899599493262,-9187.693091748724,-6057.398939242805,617.3005023690758,-6437.892064873457,-4074.773011109871,-624.4562243550025,-4588.5889421431575,-1436.9351671297904,893.2919843018758,-505.89809530833253,270.5755694976999,864.1458255220191,207.97339057725216
5237.821691040551,1357.6630611695246,-7601.079001753374,-4982.452076428735,405.033453273231,-6124.979135678064,-3097.764891967964,764.7213885290028,-3591.6245366336834,678.5606894208476,2312.6666477065496,268.430698174641,608.2151103011095,908.1617512571804,104.96514579437857
10023.684799953087,862.7553986118872,-5714.837861859243,-4305.460879376853,308.1028455738998,-5994.849951670717,-1765.764481943464,2320.1718774824185,-2188.5391576780244,2756.5780127842063,3686.3036474509004,1080.620127243642,941.633903261506,888.1324583619726,-81.34896339455129
12264.820314602428,-459.363262308604,-5356.282955555834,-4343.223211360214,768.7051774948662,-5749.312012178465,56.39975970426963,3895.23323330534,-871.9948983957125,4279.379692319227,4722.5659397503505,1862.1018280233827,1423.8512692990048,998.0560668506826,-256.1836881535765
13476.639785332292,-673.9931805891285,-6155.087468657047,-3821.150817474376,2443.5089755954086,-5137.724126412516,2157.3258583707825,5248.493402587767,145.12250928959742,5107.947592458479,5158.50737536884,2272.2524474066895,1799.276850726788,1162.4574698688466,-353.85067684269677
12743.187489866545,2480.057952518445,-5868.592611010755,-1543.7257287636603,5040.206993429273,-4271.99295551704,3814.6169089249133,5882.418970404833,597.7377239913392,5285.289941050039,4863.994607692142,1886.7921219785721,1828.5792751795439,1093.71149296323,-443.8592880276324
8151.537923369607,7640.255148394743,-4131.52877394081,1239.7809168396975,7035.654581434976,-3808.990701372574,4573.705787970862,5850.384610636975,394.9216741916787,5242.021430131496,3917.1450484474585,630.5361974923505,1494.3120507422782,617.8251856494103,-610.4947593674509
221.71957140538456,12090.396432032156,-2101.403961169159,3459.7555104601984,8137.409657187357,-2794.48205796988,5590.708622684707,6210.064316167638,24.63438710157854,5456.119957198623,2590.9212629087533,-940.3909364946195,1006.8350049749808,-50.179116812798156,-817.3874814127664
-8565.642763299937,11571.880906502636,-30.72734609235141,5089.742409040466,8790.23578011604,-31.93200907533833,7579.227036588903,7363.615179042556,34.32768941035063,5961.678642247217,1352.2627793470178,-2093.1082662126414,702.5425594256542,-600.1201851350899,-981.5439501812018
-15754.702012987522,6460.912844082197,1530.6200868863589,5970.681799370316,9244.300300351335,3055.9516634164975,9655.233724331341,8494.285946963044,104.4510077218734,6362.483101972753,195.93437889358364,-2795.701122119268,536.210272660077,-1005.3825635060716,-1081.4576081178807
-19503.651639411662,6522.088269242217,3533.986690272141,7726.96026834382,10578.221724860367,3352.7740861899542,10448.12704903658,7883.80683108299,-1015.6763793186122,5787.076024376205,-1342.2501655148014,-3388.283831550489,183.90733898828788,-1285.317370077808,-1125.5853629239873
-18494.332197906104,12834.131305763392,1637.1181608406666,7556.863771763942,10082.915125742926,-724.0753240411536,8437.343406164842,4615.8742493585205,-3110.763715138325,4109.857618317812,-2727.739272900854,-3608.478492750819,-164.584196912571,-1305.7045796796388,-1083.3885617077153
-12553.924166625919,11258.061546970699,-4910.639739161479,3049.0718743368648,5899.383941029809,-4985.936224222589,4985.544416843827,1090.0153374967636,-4245.198686683613,2609.2356920988204,-2921.3635868165306,-2963.9466918694297,-26.27809463943533,-970.4042356767725,-914.8314002775217
-5115.099751600433,4108.384395216546,-7628.981978660952,-510.5593247733597,2275.408742478506,-6198.418900665347,2695.3542750308507,-749.3969768254792,-4120.0563930439885,1972.4989210165054,-2238.8755554779245,-1793.2605951459336,505.15662833984163,-454.71050605332266,-690.8397239460439
-811.0751309746217,54.22207008344668,-6155.550154455916,-1660.206704541702,318.9246198663441,-6363.066379144817,1087.460230001711,-2202.7371476812505,-4328.461391100155,1482.8270520383944,-2002.7021134502456,-1020.0356278386432,929.9071870743996,-136.74885958012624,-531.6418556804358
1219.8092093149648,1492.50938585981,-2920.5116315124715,-726.826341430207,-271.1608939617796,-6252.813081746532,-574.2501707502292,-4051.4459152034287,-5376.286049776701,655.9715464704939,-2636.859877453419,-832.1493670818636,1138.7063180658904,-125.09652454240432,-413.9231214844741
4554.962739933134,5420.979199588281,-1619.5398808133348,1794.5027078821674,1054.4322742639729,-5274.5350556762005,-1228.5341123604667,-5157.126359441056,-6152.295882066074,-31.932193182726067,-3288.4669638138357,-572.5414947995688,1395.9151868463227,-112.08736706561561,-260.8345386425712
8419.63243369852,5475.693063767136,-3788.343706871451,2841.6694922977076,2225.168503853074,-4185.5099059372205,-719.7835718980582,-4976.87896335619,-5859.191718136189,-179.65055256811803,-3184.470271214049,47.861647102551274,1735.3995410766995,123.50146765921983,-125.29108395318195
9688.290169910546,2502.3553350373695,-5637.835845968222,1534.8281887232024,1573.5291767025494,-3707.6458098999206,-84.47667279976696,-4094.320248047764,-4736.411995026525,-3.174640434369998,-2443.581984274206,537.6363043864047,1849.3742331887565,387.7556230340024,-101.04640585758807
8292.259158854864,101.80378930068291,-5211.046696624732,-474.6637319973546,-108.715068866617,-3768.838422602476,143.0036528191553,-3185.857183762716,-3430.1246424666747,206.78332132095267,-1653.998579592433,479.8527924273284,1556.5865548727775,382.29811610003685,-157.7904670092513
6955.39862679708,-894.8816518634177,-4145.426177800717,-1831.4947702276193,-1490.4807823864535,-4121.179656473953,296.60390269600805,-2551.336888536225,-2329.5327333587234,499.14667123644796,-1218.4046271911118,162.5444151574551,1082.2718469560255,106.74815133372294,-172.04133525940708
7426.786806088637,-1007.2510051101746,-4343.315675362339,-2305.6664720521094,-2215.571712021053,-4821.914248179357,1015.7735800011304,-2136.126264799173,-1278.5649386561495,1135.668710148005,-1130.4682272512723,121.25933681863364,711.2403871418396,-224.12363137549468,-78.66785006751616
8355.232385909112,824.6298912761484,-5891.036426226495,-1305.7601902987967,-2013.0727896285002,-5444.727171535613,2605.821841219851,-1729.7418097336458,38.58100251499724,2204.5587170406698,-1208.7747455963809,438.2623170768768,418.64423309042184,-495.5820306309166,59.578639397916334
6585.37556605771,6344.461165109315,-6356.8792790388625,1904.392353046031,-189.09306136475723,-4670.995723001625,4867.75679036038,-1147.470113761191,1504.3363032431891,3305.8254702029676,-1400.6762494721659,811.5079984525582,123.05880575767253,-697.4988877383961,145.1389060663356
1140.6524380036792,12373.504320278673,-3304.98557237873,6249.4579792561535,3194.557111500192,-1968.646101617885,7270.109932362996,-444.71741959625234,2716.836542284414,3894.5150830103516,-1702.3619643157856,1088.1795810618512,-48.71385259669364,-769.4928301509278,188.41065003799156
-4809.7624852075405,13601.758878537736,1969.0760175826183,9568.698148762802,6791.144507544152,1484.4630156391268,9193.908694907264,232.17464193561065,3608.9159477304925,3965.021547284423,-1996.6387617160017,1380.793268761503,-62.894253820085055,-681.3844510789344,280.6589597003063
-7273.288790692899,11042.033276870763,5917.898874488432,11205.982205869741,9337.95023153177,4213.138325355818,10482.980138276758,710.5522133083851,4361.854169441546,3864.015546308775,-2170.1358896808883,1778.5046053544174,-93.5637199699994,-520.9859771444009,438.8130476139331
-4715.29262406507,11224.380331545472,6269.967318978643,12535.246028013515,10238.02538088441,5039.455336667429,11127.196406208719,424.8993425668966,4831.7192815974495,3654.436951158786,-2180.760858156935,2307.7585717042352,-150.3567609533418,-320.7097577880867,610.0925999261805
2245.0366792817904,14247.82465623647,1401.0835391936694,12938.373050270697,8286.329619599568,3139.6693922844784,10440.157533368296,-1201.2965401104345,4653.752336315652,3161.6605548548055,-2054.0281408252026,3051.4204686113603,-38.18814442791472,29.004101807055235,788.6696897675106
10921.708500490186,11278.290343932567,-7098.44131338143,8865.096207498227,2402.98079221875,-1563.7983116613239,7590.090672019409,-4320.047629179119,3664.7822563206473,2149.0325309474006,-2000.5922107049491,3837.343655663015,173.14966498543492,500.1678030678456,977.3949814161074
17021.05663825477,-420.742941623016,-13806.290792507885,-682.988753662871,-6168.440428249745,-7925.178066557261,2731.869684845966,-8374.974194112261,1690.531449386906,59.809020576961245,-2677.219844789678,4003.61185988779,-105.99099872841487,799.7795510110661,1095.232526650673
17348.41161179218,-11145.599946235649,-15696.229008031973,-10258.30005937145,-13645.705068776457,-13849.737515452358,-3041.92249720454,-12815.016783700263,-1446.3741655046467,-3571.8929591429014,-4729.00945263903,3212.171220057311,-1354.2733585156097,768.1811393317159,1036.0327019714884
10767.241607722539,-15851.209204851839,-20015.898012598605,-14317.269257870032,-18565.936573670017,-18247.192015025717,-6677.253959529454,-16983.30111549441,-3992.783851016276,-7493.1080722908655,-7230.786268557106,1924.1017080792597,-3130.7337518245386,483.18139019787054,763.4204202839155
-1311.300567228612,-9263.692860612427,-26186.567525881343,-7610.048013166677,-17871.222042770227,-17488.908438372055,-4836.99506065285,-18254.618676962324,-3816.642035373354,-9561.531244367769,-8427.90992308117,526.7642561772745,-4484.957966390798,-47.60433837667358,356.477770512408
-12534.668773379064,8046.311865417258,-19098.900646766815,5724.1743994052995,-9928.963513891767,-10344.473350333132,359.5247768065733,-15357.176282725404,-1527.7538388435048,-9072.905113860985,-7733.891935363516,-587.9881020735661,-4804.543659729808,-656.0875448050739,33.90474224527486
-16047.609903856253,15966.913178164143,-3574.8458857248315,13184.641890951802,-126.86534730044826,-1410.8332353498988,4962.77907975176,-9625.67366849118,1582.1323167775288,-6384.086873029564,-5342.222057292238,-620.7959017529419,-4061.2766067353623,-867.1274064865124,-24.47555620409662
-13121.362031794351,9528.317239202683,2967.976437024864,10219.575450274333,4269.105181093942,3441.8113139294674,6497.226027319269,-3685.55270367032,4149.807921017602,-2710.189224761666,-2073.4973650135053,510.48901336928134,-2794.942943881604,-516.4562302803001,91.26568796568222
-9489.067826488015,5709.070646333904,309.9868577929899,5098.999604187293,2299.2728790827205,2654.0062989716903,4991.697495430622,-378.4985231545914,4989.418988861267,189.29263042900664,688.2185155997059,1834.5400526528797,-1639.9166802361729,17.494538590013804,183.38715380599956
-6697.843595926363,7492.67843889516,-1021.3918476717578,4311.719681633095,-385.33237187535644,511.87892463291826,3065.7465849768287,54.919918881578155,4488.022270224761,1566.0044712882404,2192.839571222589,2590.611024190683,-775.3738817252433,378.1979359664244,212.48860549044468
-3592.949512644686,6510.144386949279,-928.2403150222102,5009.673814310893,-998.837683589167,245.48121426954253,2617.141757350029,-462.9523345923643,3889.9802937294617,1867.2659625422198,2659.662354434361,2799.701158825161,-120.36525150965053,551.2118299505447,227.97597702595277
-655.7226603337404,2985.4943055214558,-2823.3826655341254,4539.454252711599,-918.8573505658574,1261.738001541524,3349.0400423707147,-563.6039983790363,3867.2111021752276,1665.890753241522,2548.1551092042373,2650.0958085155416,222.07466227592653,621.3377438787494,217.763040291337
807.5548578921647,469.0337856780102,-5690.085900101054,3586.0591111479443,-1319.312354853984,2068.9049232997527,4115.362549898082,-336.145738272547,4243.4683196696205,1089.1038322101508,2076.651213973458,2057.0174832075636,32.79788314103274,558.3863206787929,145.33822918471506
555.8440083216675,-404.6960140041803,-7343.833130197823,3034.297029113387,-1894.7101198951925,2374.727456413074,4360.398543987421,-393.9896455957164,4542.782943538502,39.533590958383286,1344.077011169002,973.6157191926536,-622.823549596651,328.87317294554765,35.60198848841557
-942.5337501861057,310.55794253374825,-6675.856682946337,3722.1004684164614,-1850.5224245723714,2823.834841002856,4226.684457905941,-975.4490298534607,4479.51916401079,-1391.846980270644,613.4566679184547,-206.61206851978932,-1288.161184479745,76.93681856897837,-56.197567463325996
-3127.563491750573,3799.1860518360522,-3611.07040195646,6490.4255617572835,-906.5359406320783,3790.118493383335,3872.0358217038442,-1917.652885808612,4079.4975949330897,-2876.785220067595,274.04319337287774,-900.7200897465449,-1491.1839286496556,40.42096296603472,-125.37546133010365
-4972.733253464195,9622.351583659487,235.8330529359664,10325.33738770442,262.8867607538161,4691.8540483476345,3108.768672576746,-3057.4182666275196,3540.833724693933,-4112.9845599882065,525.8652973688957,-938.2178304618529,-1151.1111403364994,279.64657109404266,-210.94396647951817
-4910.694213975067,14179.290040033782,2160.939485543176,12440.987411930713,205.0261299769251,4411.20688267035,1563.9744407879489,-4344.521379255598,3045.884901169926,-4932.559587911125,1247.0749141422762,-640.8104053063349,-551.8055642143364,613.1719659974287,-326.3215710074927
-1757.175935126093,13037.832119132952,31.397156657349537,10436.519429467515,-2374.4642214456185,2382.6416341380414,-737.9574682375102,-5485.00644693977,2773.4636278742023,-5238.290773763472,2151.1766544289576,-367.13628162683744,-0.8611991455723,848.7774177414494,-437.13764754370686
3324.63227179731,4675.870373921312,-6187.45499174795,4705.2903315591175,-6946.610794666923,-444.40664546137566,-2935.3696219231706,-5902.870603215602,2850.483963218021,-5057.162347708057,2937.3191854596785,-296.01092609156717,313.0195678434875,909.7948683102487,-525.1116929800248
5500.171247534357,-5285.516568279606,-13246.707858133532,-915.3570066468524,-10913.044884168594,-2342.0465790098838,-4062.408315687671,-5328.888794315037,3152.6989222548727,-4720.715091701262,3408.778817437079,-716.7366417025164,197.45883496474812,675.9044692993737,-664.9280015472506
688.9782211467931,-9025.52484241341,-16434.190121391206,-3029.5134564751497,-11689.639257449733,-2170.7237475713123,-3680.08367144534,-4037.2984839555784,3596.5036241281837,-4869.282646895091,3552.09542804369,-1923.2059265420994,-352.1914650844036,79.47745375589682,-913.3930742689745
-7457.877392074908,-3826.3210182009793,-12266.955673994846,993.8626363808962,-8298.487245775314,1261.8519187175489,-1799.044042664369,-2349.1397123184265,4144.788973389623,-5375.944122167064,3512.494941119794,-3249.6529145053973,-790.3934046929398,-498.4052791175693,-1125.6401520592535
-11102.93912193214,9056.378060093159,-1540.9916516864673,9781.361640128855,-2538.085952665312,6425.431476046737,785.7855236538535,-90.79698893565677,4819.912457018095,-4810.140147015145,3741.4501423867846,-3479.816496992231,-513.4224773421996,-577.9217514249297,-1124.5868134343123
-7788.9994015084885,16596.589953416864,5987.452143019572,14723.709344558896,1844.321300323604,9536.12979885128,3052.2365291820993,2468.1088294681485,5756.424974195359,-2928.568368230488,4481.901701756356,-2637.365087162525,369.37128491933424,-222.8080020583228,-937.5348397366191
-1237.9620334713234,13975.320212432174,3453.186218548056,13730.071344273212,1380.5839048499774,9362.851317456914,3326.7906700091526,3753.236948864128,6196.828837763057,-1292.2565090883345,5225.137621539486,-1709.1994341041573,1306.3662668244626,212.57840773872658,-688.8472889535459
3243.3391261926313,3713.5212195763743,-5747.472455764332,7526.522896458472,-3689.164684209546,5690.101729311089,603.9396577235964,2543.6649180658496,4898.312204310208,-1175.5233239822655,5076.102705212412,-1487.303652876862,1743.8179460410902,423.1415313907052,-500.2344372005528
3400.1130510056255,-5024.144860603603,-9722.845742154555,-767.6965316449081,-7183.63286356845,-37.09202745903639,-2877.5243691219325,-388.8217934360473,1838.6124859801944,-2398.131388751047,3533.5722365024885,-2071.2986748771173,1422.8575854386174,282.47477471555356,-446.66965083245134
2217.007638992997,-2686.555773104565,-5563.908193539938,-2963.916201718343,-5571.580712338663,-3081.3004796534615,-3673.2687419331605,-2447.8558327222536,-866.4729200859857,-3563.475259101977,1467.4632747481346,-2810.995234391994,774.1589259829364,-6.397491152901182,-458.4179463343917
3031.3974461781945,622.3884163546616,-2843.893442283312,-645.2060391453971,-3321.133930766605,-2578.5723545030346,-2497.596975206254,-2745.2172055958026,-1887.7397553138458,-3806.821839909363,124.93542144274181,-3060.801491704231,437.2595097064302,-152.95442526545276,-417.7998025872849
4934.479928559759,40.32155719069866,-3044.432091735877,865.8532269102892,-2664.158558592836,-1067.0671822876186,-1366.3354420358123,-2190.3491090596776,-1691.3201744081018,-3191.9861380441016,-167.35774356308696,-2633.4612879358338,557.0423865993644,-78.50119499054676,-318.92513476055524
5308.9016742924,-974.1748060729071,-3217.9914151613543,968.4774237716279,-2446.572427524085,46.18795302420227,-756.2458946378747,-1552.7378174786484,-1018.2872642291736,-2100.0086024751945,281.2899430212839,-1699.0998433622085,892.3625953898293,111.88820648757422,-230.24919866483128
3666.582194805003,-1116.612785279506,-2751.0479862103693,807.4884590132243,-1950.1696294265307,587.2411554293474,-445.25735027139723,-1150.421309635679,-345.4058723282634,-1003.8544506778373,994.173926763013,-670.7293756637447,1188.6499832464663,266.34129482318826,-183.82250566061995
1574.0425662672526,-930.9237798538726,-2228.7494554489517,734.0154633111837,-1557.487652258095,653.9750727826657,-354.94345553334205,-1021.3589924202535,114.64545162717286,-291.74286063567376,1484.4246714225928,-44.19643967414487,1277.411061427002,259.21640637710556,-153.65100698808828
466.0269681016178,-742.0354994259969,-1944.7394222828282,516.793636253196,-1753.4701012561266,237.47909227236119,-666.1851481701752,-1127.1917132743633,282.172905079705,-142.04159395929474,1401.365928496895,-154.74762088730066,1061.7080719289759,29.622661392839778,-96.55547316776241
364.0835044738958,-807.1188546968726,-2016.0126254842128,60.53477307576152,-2548.3557345363834,-534.867204667674,-1396.1033289030543,-1408.9922398972753,125.36260606091486,-523.352865330579,691.2793869201491,-934.0888409280242,597.8599963150436,-361.41379512237813,13.300663722051496
380.2049389767493,-1054.55918863373,-2420.005886048196,-510.16321205581363,-3543.618229254718,-1290.257907623211,-2131.4389440464843,-1720.1643903526854,-239.82015305267015,-1211.6854921636636,-285.7959556388191,-1801.2548383569235,192.63709369848053,-691.0939204544593,169.5135511399731
348.0090609554418,-1307.5252312807013,-3033.2465541103043,-1172.649008033811,-4107.9728243706195,-1608.2059203632823,-2297.3180651399675,-1921.955487036797,-507.41811560384326,-1850.617672550522,-853.7920048234806,-1960.2556511222683,253.58145059157204,-691.761340342176,335.6052494463066
1515.9536798906902,-2234.047950343599,-3575.155398962069,-1710.6796917534596,-3731.701609900172,-1309.524736702271,-1739.0186025957732,-2102.155820628989,-371.63115284711887,-2140.725503836747,-532.2253436941558,-1170.6829477518972,824.1085926081739,-360.01974550718427,467.20180802862853
4304.716139067433,-3137.163763782519,-3173.179481052555,-1370.9144381336566,-2629.340069757107,-973.7463414014561,-965.6176293603867,-2459.889917995747,196.91231321769695,-2133.1312104184103,304.71202219290547,-302.7641959326608,1252.576177511214,-140.66399600110145,523.9523444266042
5490.119596830048,-1783.712090288843,-1628.5707468942849,-932.0911617098163,-1872.097748588231,-1458.1897514720397,-560.0161295458425,-2869.804437848035,813.2523209043206,-2411.1544547146423,552.0820728025759,-653.0917060628515,692.840336175644,-543.3079943906733,455.6323829644114
818.2958336091627,-343.97872962263256,-883.6148021908825,-1708.283997388379,-2104.7639810214823,-2183.6668954807137,-511.49306694404095,-3303.296648193353,979.418703088663,-3510.0992500148222,-135.7004290097342,-2220.3100567266792,-650.3116051623634,-1390.8193213252675,260.96956029731064
-7699.440067946917,-1496.4163544089524,-2288.1165393597753,-2847.8754258687754,-2709.2056843527666,-2804.3524416570754,-319.2169679110383,-3888.064119259713,1283.7413338019817,-4382.023234188708,-130.18369441338314,-3184.433869805178,-1241.6453709661605,-1812.9413963818397,106.36819336986753
-11843.473595420332,-5611.526021057536,-4583.858102580645,-4013.882269391316,-1837.9034237544342,-2499.9219562012036,1751.0863983300217,-2841.00438121255,3567.189439025199,-3169.951247975113,2009.3873623113739,-2370.644489006864,-212.1576581198848,-1427.6315312378483,196.2111104449918
-7961.257497981648,-3216.3851795015216,-63.386767029381126,105.27337679772151,3954.7040576772465,1176.8926484739275,6466.737188783859,86.48872744883136,6840.243977409593,-1037.980290399304,4404.990206762096,-1098.949495934542,1249.8969532987107,-851.5854647938797,478.2533638688818
-1082.0614488004803,8544.602266959675,10305.315063994416,6106.969554827093,9892.280711688256,3833.0565160303513,8820.183312460938,1516.510251580822,7327.82540838283,-145.0097506588058,4738.495753462405,-573.4524566839805,1898.5876641762611,-578.7563214684724,728.9510766574764
3119.878272850645,8474.242191697062,9970.340305556212,4780.279815750479,8104.219270406727,2872.4764381974314,6209.086987591757,1397.3186257957605,5000.145894079415,9.789534896340626,3618.8717838738908,-492.4659167727727,1843.8970774665245,-551.5460950557858,832.5261750332862
3066.8356333269676,-2024.49179658811,-640.3635612642698,-913.1865050170553,422.66827797591355,466.0550707545471,610.3233000161213,882.011303254271,1217.5493333456016,-28.899784785923032,1743.6681025534867,-668.4220531528533,1325.9256342499132,-714.0836783789464,787.6569208641978
-83.17251082317213,-2638.5984958386302,-4251.498366573017,-1786.939114719866,-4030.6704886348434,-5.246325629715017,-3839.147312007262,1084.5373193142175,-2617.112025296427,208.14257858568388,-625.7488591278923,-862.8500265610198,413.9176537958874,-972.8070883885366,636.1231284319806
-3803.356441864312,1567.4160698423168,-252.58063558957707,1118.4538286048362,-1574.4149738228812,1532.9716685155495,-3482.99856367343,2200.2792068801764,-4131.0940346867665,1026.0358139524742,-2420.334096991505,-730.4088707693772,-524.19197960479,-1150.0721001653556,453.04735442327683
-5789.9506977939545,134.4000522457057,-537.1823558276858,990.9760344483884,308.64832689234845,1700.2640017100628,-1085.9197362779057,2688.253796844454,-3333.3961504551476,1842.2189063730232,-2997.6221138902692,-296.9498515059075,-1101.3241363898746,-1151.3280237840695,310.60451304710057
-5591.762545424009,-496.9885078540351,-2151.8875345049805,-77.17250962169771,-664.0263854501618,619.9655080989412,-1.8128338002260307,2055.8955465806057,-1951.9159648713776,2137.8056907821224,-2657.9865758725805,235.4364793858768,-1229.8445887561566,-975.2810513195591,232.15966446956946
-4380.321934966532,459.6134895605968,-1569.6019205920063,190.22241869945347,-1568.4631077183224,80.51781559041015,-188.82350568251564,1122.1968727489987,-1046.9168100495174,1935.4003605630735,-2007.9180385967875,689.9648535071783,-1083.544552456766,-692.4538793576845,188.06441251978498
-3338.751509645751,618.535111820996,-583.5551529785043,726.3708974128783,-1416.027713535909,299.830023941742,-529.0420477262753,550.9870416982104,-667.6489707692131,1531.9189791135557,-1436.005110344515,987.1933919846081,-876.2085093685847,-396.5314114739408,138.7588543472159
-2779.7013945821686,265.3530882433351,-266.59421268160986,786.0964731948294,-908.8274019507234,660.0062954059025,-584.8344335886508,371.36405462220137,-535.4869613773039,1148.719143485189,-1041.7595105409528,1129.8791508711136,-710.328662291672,-145.01239984752894,70.58326082028157
-2460.289031198664,62.18275069415844,-304.5693629631098,557.1522187151098,-542.2038997802556,823.2392253760528,-425.0737815580659,370.87474172310704,-444.3057476987092,856.4744211266378,-786.2344652853483,1146.8968051710008,-591.9814802508823,47.86510325492486,-7.8623970301138115
-2101.4702392193417,48.4115106769861,-351.6621345753782,310.1428789469883,-366.7232201217789,775.1708467194197,-198.2683990998368,389.54102533161176,-302.1908586426845,647.0026932401851,-602.807913383668,1064.8936447938322,-500.09587164169875,188.88163653119145,-83.9657026206718
-1574.723317917639,84.67961705925276,-329.64724253734084,127.6343440909985,-299.1013137131031,591.3392840991073,4.911917194650243,364.8781395242997,-84.14071845974686,488.13958253731073,-433.222363647481,902.7040399869722,-422.77622314632674,288.3010474947183,-150.35971235871287
-881.8351713863839,108.80507317653877,-264.9755574140391,-17.582261351227686,-289.1571775686931,327.9245111324499,148.43768382787636,293.21070436029174,207.67047818200456,345.8025413553319,-230.09028396785777,675.0621032332613,-357.9927521799589,353.00051514501183,-205.0764483920908
-90.4765839366785,129.20349955371648,-195.4873736788375,-183.53567735495196,-335.83693668368034,24.08861263806702,233.7477096569554,192.60211065131588,560.7422184204992,191.1442618608281,52.88750991447478,404.737431598317,-290.61527925446774,391.08623767956357,-247.96143949027436
847.3908307960163,125.03410021336545,-192.33128752720214,-420.1846004423264,-431.26190749288776,-248.13830693882142,291.585566302427,71.74941383132085,938.5860493516152,-7.692065589615197,469.97435531930313,143.34034138111244,-152.406033495125,432.91876872177465,-273.44809538105744
2563.8273539680276,-88.00622293453145,-340.81369765313855,-656.1235450584795,-491.14951229226506,-385.52929319386124,302.8491638499045,-164.11794688301143,1221.1974549803756,-322.03291176693796,1050.621934592627,-19.78511322255298,192.54009945852692,551.0303942343842,-258.9385221611579
6407.848699351778,-519.3578896800761,-484.4396330248253,-629.7888590062485,-546.2999928766055,-590.1919377025993,-55.688549747594664,-903.7042792943244,1089.9673996416527,-917.7913092204858,1637.4959586584769,-45.24904137959999,819.6167162134495,805.7890980298275,-168.49137208312482
11919.433109436168,-483.7504234909794,-597.1812692998241,-805.466110950317,-1458.3621003836367,-1944.3873432401956,-1598.5023412386072,-2783.2759868080316,-39.4083917490903,-2051.106300468559,1635.559548154833,-150.88698690703916,1408.5396630070213,1078.8009435066785,-27.782016403663874
12422.776303793878,-1279.5671815710227,-2652.2948831667054,-3502.3004756402615,-4773.568070344983,-5581.5109937847365,-4901.27829808169,-5819.49186977027,-2606.7644824784365,-3756.8210301156723,192.96246974127445,-766.0157464667578,1107.49684509623,1013.520685463408,-36.374199860953354
805.4874736351753,-6626.344087481966,-8255.499677402462,-8996.224700214692,-9590.795674589912,-9694.77134183412,-8629.287236303315,-8298.969122682458,-5826.858931722281,-5266.424124080133,-2580.123072834977,-1850.8261562711045,-521.380942717441,431.36886018003725,-401.70341571039296
-12347.797180923917,-11409.675429672841,-11740.791281859603,-11111.312763856158,-11052.173914292094,-9802.735675941645,-9349.390921545028,-7642.795072715252,-6932.872267234608,-4949.168070384963,-4283.535299475257,-2210.411432935969,-2038.1126212329877,-72.90664486874687,-859.4141176026997
-6337.961714221841,-4742.789861820589,-4817.362423798776,-4031.3002488995244,-4310.6110998118775,-3229.565746706063,-3679.639316751245,-2349.0616723452777,-2943.567368113464,-1413.324101841866,-2147.1546464093162,-477.57981091891133,-1389.4423030125536,337.66351753005347,-866.151046947958
11356.561741902242,9047.46135024385,8312.570826627953,7843.206355149787,6907.723334838507,6519.556413553718,5349.023085337743,5113.521193883402,3686.637138263177,3682.1828479219885,2011.023103971699,2329.9345908059295,491.00899017499205,1253.0672047531107,-576.6373811105722
12912.67248595457,12193.6205066763,12203.60849731685,12473.72832640611,11494.535881342852,11479.370564062052,9478.23031734698,9356.947570875605,6538.622382672971,6511.802154425887,3329.467158354464,3595.703625554829,680.8492574243147,1431.105781233117,-654.8891093460451
-1777.7632986265207,5810.801892445895,7044.386057493351,8613.79170027301,8508.406018627948,9923.023242452657,7585.580962713855,9009.629787704322,4604.732693044197,6210.708120709129,1119.5348634374413,2892.629513276965,-1016.4886489420742,770.4863969533931,-1072.3661293564267
-11105.465863458336,1259.3191513016814,1809.4930670333829,3182.196235476346,3508.5296329262883,5378.067529444327,3547.9878594261168,6045.888742975143,1256.1316130714667,4436.9991115400135,-1518.3086074410485,1759.9877916372884,-2374.942951683458,182.89764552017078,-1268.0147877665427
-8845.30469537931,904.1131878662745,359.47772155177427,1146.1719395634636,698.807408199114,2114.5021305229857,503.0228399657883,3059.589870948393,-1090.1577327108398,2708.692974297797,-2627.785772716747,1172.2216277729585,-2355.6968716160386,101.66760722952546,-1095.349610683296
-3373.1662122204816,736.6283236656473,255.46938800438684,1107.6269520574967,76.23513632322627,1087.0523619374385,-730.7988411771896,1389.670428678653,-1979.2200269866134,1609.6255178354218,-2418.251947726412,1008.5110864389953,-1611.8145318116478,260.1683659637714,-799.4160443158307
-47.80241724478908,254.98172987712226,28.671600680366083,1023.7955657656059,32.613816072678304,925.345307255689,-946.3813746809451,759.583936025396,-1964.729510267,1009.3683999482198,-1752.525279324877,848.7319247776961,-922.1191102841159,336.76805950372596,-547.6579882850353
1408.555639984761,79.31035072709584,-120.92107916288282,731.2216730405116,-64.11886643269054,727.8631959513862,-894.3736248275482,528.1080138666917,-1602.3921619505427,651.6212366687887,-1132.1196903235914,538.9408903473371,-502.1956897512287,265.0179306281235,-347.33343396531745
2281.4483554429603,76.67933533106955,-109.67317508831744,483.1112619052853,-167.74410012242157,408.37281468302564,-813.5920070410428,371.8086212445729,-1170.5508957549068,387.44584641311945,-661.1954068398768,143.16150812744658,-245.6727607196941,121.49936850181149,-166.70029521929376
3044.8349441527575,85.41299169855026,-45.306504041078824,306.4739280556056,-207.40705908585142,78.37025005863217,-695.6549451336574,229.73536538743815,-769.5896966384711,154.92447442062047,-301.73521123031634,-254.0613917928929,-28.864747479004194,-25.47490794373718,7.9749824333585195
3697.0977007002684,101.17429163397347,5.32072277273852,140.16485126247443,-185.37472474654476,-199.97885088167405,-511.1224038281779,117.23385734210453,-430.2281821163855,-76.19123813668435,-3.680178760121123,-607.615540802947,200.22595266182213,-148.55768789464153,175.4291653646446
4176.137735059558,122.55383142756129,2.7075750146230746,-73.46127912840149,-94.30130890864994,-386.80312175038927,-264.88096959517316,50.42339265550612,-164.41721365002547,-335.86159027418466,276.5046051670182,-896.1668379749001,448.55442408555996,-237.2301559580471,330.71484660599106
4501.703687076056,62.75922225254315,-72.95556903758168,-347.33084154919305,129.81300854859387,-418.52841893658,-3.3646565242964925,16.41322220546033,27.19747388931978,-658.3664753726678,586.7938516234166,-1102.7148027634325,716.1389166106333,-280.03690879316,471.62179176885877
4833.40879027339,-223.1077220772862,-96.99309486627052,-556.8188595289025,569.1132190606957,-223.21091709547485,164.57291918751494,-67.25614157318992,177.6837434010079,-1072.646254864323,987.9126598505466,-1204.2098040204794,1014.7872470729836,-262.69686544529634,601.8355704470926
5468.816556625199,-592.6387807440865,346.25429958709,-390.00433074885314,1110.3464473917638,135.4917553382572,77.42499543184019,-384.6860893436707,399.16468421129673,-1574.4860268003454,1546.6694668933703,-1169.4072696214062,1361.6558059340516,-177.07498167936683,729.6250200651732
6590.178374075758,-242.90147189537578,1456.1606708328834,237.38115500937073,1136.3351937547252,217.83389868661095,-286.4379113845881,-1137.1775662159325,928.526504021364,-2062.4143179995076,2288.1247323428706,-967.5241007937875,1734.500897319091,-40.87733789851137,856.3767984412061
7713.435341134226,732.8028255105793,1759.1111291276768,308.934142258151,38.85177559739364,-581.8637585526044,-328.9057563988152,-2184.1062371856947,2041.283556626593,-2275.659074137845,3067.0144470399878,-603.848716554648,2002.7854020705795,82.10161613736949,958.6478261475111
7542.7933492775655,-370.24404261656446,-99.2867842796038,-958.6145142591076,-643.4289383607152,-1701.4233705436257,1113.1607388487405,-2718.118392561387,3553.3772103691863,-1926.1687247695197,3431.5414060562243,-176.38022540550702,1939.901995535163,99.61877951882616,991.4977126474778
5109.866493474251,-1082.8277992341061,576.0321467559575,-548.4813021538118,1807.947643810056,-1215.6066402706947,3557.366187898707,-2021.2654692259548,4185.099601149539,-1083.9589371096386,2774.1384382827537,124.94444235124757,1404.511743575983,-44.90307080529897,930.4541610017919
1282.8406234213526,3683.764722529948,4313.48035390266,2345.4271385608617,3457.3183632555933,275.18953278598644,3176.609890629283,-912.6932589173344,2297.5223634839513,-359.49625379280076,931.862548818275,107.05631999125472,546.2786118131537,-332.61093254303034,808.4835779414921
-1432.7798969404523,607.335863020553,-1573.539386243747,252.25138088931266,-2245.1810038252916,-621.7342921543429,-1760.496894645744,-844.1727383922828,-1564.101957466835,-236.09123185431264,-1280.0717364674706,-189.33882796771286,-218.23631904291483,-646.564639948396,701.1261902041396
-682.5670020085606,-9358.654235233333,-11297.415772329496,-5158.766232635028,-9228.741790167165,-2859.2640074218416,-6862.86306261565,-1293.803964424544,-4995.726099881953,-289.18358654246185,-2907.459527998996,-389.6703657083684,-579.8358009162904,-809.5872898679041,677.8772924280437
4291.390067408417,-6238.828199725471,-8804.945199559077,-5017.203227846946,-9320.037734236588,-3270.1430832217357,-8533.002637725634,-1276.5410622634233,-6841.539115114505,-138.16200837655282,-3770.233407091991,-320.65532768551765,-488.02470153415425,-752.8669659511481,773.4863578723382
11138.807142849791,5146.461590212709,1706.9905492828098,1511.0982448979112,-2522.9274309569073,-49.7442801426659,-5223.300822089747,486.6360728841283,-5604.59436435199,915.4368750230408,-2960.37218636974,285.25248122446624,360.0613243497424,-401.0346617039776,973.1603996901209
13650.699193461602,5108.803478904113,4203.504199106161,4291.314956327085,2308.1333230123023,3027.600443001043,-737.0824216256821,3177.7017469451293,-2181.4670310746947,2981.114170976772,-333.5585188439835,1559.7209567149357,1867.6330872296362,239.0481023302134,1131.991410213239
8060.076679839702,1337.2500854123139,1678.5355184373211,2943.485497773064,2618.9142520793307,2890.1338951919975,806.6330120706626,3635.4364177301964,-340.67125641749755,3640.068737108178,1437.2268521882502,2020.240615181281,2588.145859241225,559.5938442155554,1036.4403221277146
-274.95602656555997,686.3711395170268,717.2029787456509,1848.2418329043521,2028.6569259347407,2280.968763498045,918.4169980541054,2944.808660528529,-176.12082449830785,2458.807240208807,1127.6981759392181,748.860458765178,1668.979133882232,80.21528234465575,697.0153440463076
-3675.281448822886,2368.280807702406,1830.6518854287037,1202.3655935001968,2013.2807644802404,1475.745204140354,1041.5817979917638,2486.0350820035746,112.976418643877,1436.857278632889,546.8593453266506,-688.3997876161424,312.0220690162548,-624.6931188993252,340.39690858760935
-1774.734740181373,3294.7707644313973,3265.61470943667,1747.1845070376485,2969.566093146734,1093.6791595198902,1571.0392107237235,2001.3491422533066,789.6543881421039,1223.9890007610013,974.5029670688566,-719.2240891159927,-110.84099727152932,-753.9087322598941,102.47335210352247
823.3359370376074,2230.5972276958287,3390.9526415124337,1900.7757078449058,4016.235741836084,1447.1688187420862,2390.7351094010814,1616.0171254900447,1311.6584984124574,1163.1518854935105,1764.114094349933,280.85797057077866,314.6105185246582,-309.60780104140855,-33.97764397900505
1642.905921704014,1502.3711048556838,2775.0803946026167,1300.72198025816,4198.080297847566,1593.067942892642,2856.041448040975,1387.759295860372,1371.020630921855,764.9103147243452,1874.1032399282453,973.8978150412897,693.4125929904895,148.9920459675124,-112.96427705464428
1553.094887597297,1255.0534553601174,2206.921745880187,654.9773777156438,3500.927749698611,1123.428451451841,2568.356972323609,1106.2525859864386,1067.387407890752,69.27141214830215,1127.5162680549106,700.3903221413742,506.28173904411915,252.7444155511214,-169.70218985275028
1604.3428469628273,969.8035381506686,1887.4665090269361,64.66990768784133,2511.0228297594663,292.88125788312817,1809.2493962277395,736.9357333304325,727.6677725326635,-592.4882290694183,100.37907436355266,-125.32274682280922,-89.10308438070399,78.9155851736092,-243.96862795869077
1365.2863703430758,935.3527670440651,1909.5585265219759,-396.4217548245505,1833.410709560134,-470.7007501002397,1167.8173668342008,436.11286990538906,626.801417026059,-880.177811579403,-565.7437061297964,-700.5361147105755,-672.9752017532265,-97.03626259889656,-362.58814250482186
13.377438959184431,1132.7915056127513,2247.6512972178575,-600.5390603210918,1799.5241204609117,-830.4556569798165,976.0058729729818,329.10468397492866,840.1225703393429,-605.8418629941948,-592.5869480234619,-539.1353647588751,-984.5430718869679,-85.61020371756528,-520.3101865650368
-2138.5245558787715,1298.5299174520756,2777.7431746673383,-682.2239308883412,2303.3660410000866,-710.2121133360943,1141.0832720184903,461.2329531263789,1322.13772590896,223.7594143253648,-100.74309557843657,331.58092126232805,-1005.5430889872048,141.2635538163417,-681.6062640157796
-3475.071045964071,1053.340687536632,3168.7857348178695,-840.9599048679333,2797.6430544306636,-115.82705709328937,1494.472461982901,867.8011515103356,1984.4876046716674,1390.900698588716,523.1585073484221,1524.179321267815,-847.1622092849129,502.5933134608656,-798.9507585928404
-2672.3630322124245,-58.309196090333415,2891.623023067304,-564.4027118151232,3019.902735561493,1052.5203436850154,2169.9181665048936,1481.8581839913963,2581.6297277726394,2483.011938076543,786.6045201296336,2540.573423766368,-690.6248640921611,860.6975248183148,-851.372602496497
-758.4111875365895,-142.65042085174002,2999.6981255003534,1256.9978201510853,3899.9498295300605,2489.1673709157835,3364.284060879141,1929.2705580606403,2596.1310908802193,3041.2699059536762,228.28782906225138,3004.4875619739114,-802.8706879628741,1061.097265690752,-879.8113664595227
-400.7406096020144,3801.2094377926405,6429.728892881838,3262.114925899922,6349.80074311065,2490.8177990119284,4367.931019888974,1364.0684956246266,1264.819603769161,2721.054995017471,-1391.8822591627825,2801.263847633948,-1381.894070510149,1019.4051865193422,-945.3777729335732
-1679.1050285078554,4512.706456089527,9796.053634742531,-291.56425367997525,7268.641245931038,-1319.0415308199442,3044.4746830517515,-966.9124415222052,-1661.138206663382,1580.2723416195224,-3559.6227216296356,2200.9408030021414,-2167.792460275441,859.3451602667897,-1014.694668511484
-773.47201116445,-5691.118272163269,4131.374782144682,-8889.895083887548,3053.8416601587737,-7021.471757091713,-533.3485340190525,-3689.954480840953,-4499.0722314949535,671.3555619832873,-4958.839222405517,1904.591590377809,-2487.202587832665,883.1340309360035,-961.8286299899821
4452.926202582668,-14970.255664750153,-4455.892652025262,-14291.638225400433,-1357.9813681543787,-10103.072275554008,-2688.5613703042445,-4348.769383191415,-5420.645828945789,1256.4454160274458,-4983.28754162077,2451.0989786351497,-2038.2918427851514,1231.9470703727688,-745.2692597360334
10801.74674883366,-15936.334601290524,-4994.300060189164,-14368.308685626534,-754.9446040498644,-9699.422691082638,-1917.7755423734566,-2667.4933271567675,-4844.944413017645,3176.6022758149843,-4304.616080403363,3571.8665574369575,-1176.1196225374342,1725.4714812396342,-458.45212579136205
12914.68387461156,-6196.533105064562,3975.6524523465473,-8059.538531733057,4141.915060340572,-5959.243941019585,493.7359363961302,-54.08311083852186,-3991.7514636631504,4976.311843190616,-3773.8343838659016,4385.600740125429,-466.3561051040407,2040.4302705055711,-225.23903322606168
7943.798545946342,6087.565570792032,13914.33544894243,584.328772984057,9661.531616910457,-745.3520846296361,3017.2017869385436,2096.3926226264616,-3410.521131305505,5304.611482964141,-3760.9923325507934,3983.934551551951,-421.157438815484,1838.7855790439062,-166.39933238891302
-191.23829170764043,9308.939342436071,16341.270852827241,3184.99950865376,12268.310820904582,2023.3441070993051,4662.580667195694,3746.719240464372,-2922.33545031274,4846.4725357450325,-3907.8031438604376,2653.159168782459,-996.6846360303791,1171.008776357854,-271.22756012401226
-3637.419358941768,4022.690989637983,12138.37975726723,59.698422474151556,10767.542151842159,1628.1602941708034,4726.821193114492,4976.393741531477,-2575.8303721964053,4911.000960560132,-3817.6948640471746,1655.1926197669736,-1519.9958261291245,566.3130396251204,-344.8238882146698
-426.9868960644776,-6382.144888438612,4973.449677033505,-6070.926267010402,6512.1458704528995,-631.8933896034071,3322.8631053720665,5418.117148739289,-2392.431261958615,5352.186759582635,-3387.6968714735385,1418.1274075666013,-1549.3428888099722,312.89033196510826,-285.4985049437147
4554.900074940432,-13644.873022683014,-560.1964823041271,-11392.589499210615,2206.202047360667,-3487.5391187378673,986.3332668748733,4878.521978708773,-2483.0519946415925,5543.949969019309,-2662.174640397688,1583.3011029418572,-1163.715901337123,300.15446795077173,-176.70362866174366
7084.783291829114,-13456.980840508153,-1859.6525993494618,-12515.511477263568,140.2674710739981,-5202.229399601278,-1237.0145194153272,3725.686830617276,-2916.4916527844534,5225.361775236151,-1867.3287168573513,1905.6983582490227,-552.4689838027688,428.9674037358974,-79.83662515749653
6646.110916739749,-8193.093360160257,604.1672283634423,-9757.68396700042,415.36159095077016,-5149.408404319341,-2623.0737201346383,2511.425733336489,-3527.3658935150283,4400.673240781864,-1306.3365150699565,2182.863062712801,79.93327685283055,610.2525089218473,29.897826779088575
4619.78766894254,-2494.612554271516,4465.412634861754,-5846.426379734276,1609.6602134538016,-4117.6035067187195,-3282.5682065994015,1454.7679984120944,-4140.450597540091,3177.069704278303,-1246.8594447611765,2027.5990138197003,406.0055427291102,636.6941126984351,174.97696463027668
2509.0491428557416,401.62532667102346,7078.340835412389,-3442.064247150094,2389.6679041974876,-3208.8042272976377,-3592.003192782217,611.1992788535935,-4567.3233281053,1743.2697217008101,-1753.5215563024008,1185.7254872826265,188.53756670073244,364.7946241008042,327.58728849823706
1213.9437818759816,672.1155388444226,7202.59356099427,-3126.628305048675,2269.031648206187,-2825.902598982352,-3680.346571707048,172.86343947780244,-4631.261869600268,425.1000073825498,-2566.5747547373426,-60.022412880118736,-402.31464020773126,-90.36234269381018,447.03241111492366
1266.5991286580897,-554.5581563350261,5208.470091874536,-3898.9220098632113,1689.291619127312,-2448.6064672381735,-3352.368752542169,252.8580659399068,-4368.376400237943,-477.09594876780653,-3298.1710068882617,-1112.8661761050594,-859.2152551132851,-484.8836933795949,546.1146940833064
3076.992719047042,-3475.683231766299,2415.3229528835523,-4941.158998634175,1437.8467124144736,-1521.3500865893373,-2560.4140029138866,509.60828525004877,-4126.139647251663,-926.4669180333142,-3725.9759729242987,-1668.285300479411,-786.4319769345899,-709.5589531569832,676.7585652961742
6161.9847744892995,-6911.362194571778,1052.9221073510716,-5235.435446293457,1562.8533920009563,-615.6351686849732,-2035.0114870034379,339.182340102033,-4370.86627938875,-1009.1107209875563,-3749.6902176605327,-1821.6084477891823,-201.98542553202336,-811.4585839373368,845.8195057709761
9172.746258500081,-7121.83915343028,1269.1587085808746,-4523.10149915939,587.1914180228811,-1308.981833041575,-2901.0099956447098,-93.4518319380739,-5134.88376174289,-504.64089496248835,-3094.1292864935313,-1606.7412004775097,664.186277212267,-794.2208582962633,1008.9606069291019
12034.596120467573,-5769.32606173035,-778.3628344227567,-6184.83305419906,-2392.4803448038497,-3582.9622737674927,-5058.744919809347,859.2644846794369,-5551.760084589348,1213.4099710813255,-1286.500061012849,-808.5885851785577,1755.3881328327027,-562.7768639843639,1165.6856568854348
15828.500107924941,-11216.847281604421,-2601.291421100591,-11767.317417368207,-3462.378328808768,-3448.8157982572425,-6186.639491102451,4917.291924789858,-4392.083636891834,4431.063287330327,1743.3356699344067,469.38099249670194,3139.796135293522,-187.2662655667563,1361.1800013355455
17964.831420646962,-15836.053747263546,6644.212096531983,-12938.961802560752,2495.427243689677,2672.865297874717,-3929.576936060846,11181.864712399172,-1593.0605375383007,8109.104118860256,5033.776799249901,1329.545770260601,4535.184328803995,-72.54454829758612,1517.8906961369196
12735.996126258973,-4357.109459722105,22093.628419250927,-3326.598390376298,12638.457471448886,11830.982822564398,1085.8836106339309,16583.226098504747,1464.907320961302,10465.175621143842,7218.884762498489,926.686306331836,5264.703820686788,-519.8566960130369,1430.2322195334405
670.0272934893108,12237.700888648566,25886.494902891038,9750.735798078418,19339.3336379919,17930.93110113114,5988.189499228382,18720.33285389873,3453.6058421010566,10473.392485219485,7629.108716177633,-424.8385677356482,4878.528370597686,-1252.1278797679045,1061.8696183297525
-10667.939756133057,15729.872323877553,18596.709903956882,14112.419520268224,18474.00519905278,17282.16694483467,6695.792598986786,16668.96787525483,3027.8337649509817,7918.529323877227,6164.457877337542,-1953.0623204005597,3522.2068027511373,-1819.1956790215013,624.9092773783564
-15892.437473466804,9785.377607444541,15523.062212671055,8561.694037676707,12969.91906754245,12413.610615756785,2205.3205679722128,12331.432205214127,72.96953787698516,3837.2878466141433,3679.8270440236215,-3335.2304807822056,1908.4656894904501,-2118.536554313681,316.89516728103274
-14291.796822044602,-1718.05110949742,13153.646031298338,-1414.5521057420387,5189.263239194959,6417.977749877027,-3624.8996029216546,8053.527063772197,-2956.874600420367,433.9272742103206,1977.6545406854104,-4114.261180403976,966.1912670018305,-2123.9602662142647,191.9378479084777
-7366.988595909067,-12311.647701016585,5741.325342980782,-10237.776742646058,-3123.496488307384,276.45557812958975,-8261.48029794054,4219.927745326795,-4755.256557956347,-1439.859755710571,1617.8072934088725,-3930.6156535150217,943.0865977483402,-1776.5779830433876,198.38196227963988
1292.083490515114,-13764.131610643086,-2521.1471666303287,-13391.239859233303,-8346.142201168319,-3915.937635423502,-10782.679489376189,1447.3914426615047,-5612.7469387279125,-2387.9400508851813,1830.6227593874362,-3266.1487700487983,1253.660505199416,-1293.5035995979201,228.6828616253449
7525.765008922754,-10863.626784404152,-6401.537675822885,-12738.001068627053,-9750.033348126852,-5284.398043788184,-11223.710187385183,147.28839865282228,-5651.33896839879,-2883.7016174205633,2053.3821360484185,-2713.6532018098733,1389.2746866227835,-936.2779236750273,222.15779763169928
9093.433373720716,-11550.929407904665,-5070.421920539219,-11398.197680216568,-8461.16236531094,-3984.758355277497,-10454.396588546488,84.21098715583057,-5085.7941055060155,-3136.3113021417034,2125.146576723633,-2351.244446622414,1370.5416273020464,-679.6698914092387,194.0660546364679
5737.322052427406,-13702.53888340566,-445.8555925569366,-9387.087187503457,-5582.418614855295,-961.6226995066968,-9031.035827750153,652.0886411844166,-4280.789192574349,-3296.2597226399052,2035.7681836248519,-2097.066620693421,1379.926838081336,-430.21646991848587,130.48676375408857
-474.7234200429452,-11278.287581520293,4701.79226228605,-5652.399434617615,-1848.741710732904,2517.061461729839,-6948.622268119024,1364.3965010183776,-3305.566317901817,-3225.785206326385,1838.0043734441929,-1925.3823570878344,1351.0839299274267,-250.29264160197295,-13.224163125094535
-5339.986294991811,-4924.570547770565,6864.0752681259155,-1394.1395971634643,1269.3869585749426,4893.528861592817,-4514.426806268557,2081.438455095999,-1985.7840376903946,-2591.646295729083,1657.3412123898083,-1724.6091467759552,1127.5824587807424,-213.82180658273396,-193.21206385812314
-6377.849053645485,-200.94603725926135,5746.483993931319,1313.133037502832,2661.2081559370904,5278.972028063405,-2383.1879390797485,2645.160733800263,-485.53212881144157,-1531.559528321781,1591.2667353289582,-1413.9158903819289,791.448004063765,-273.61987365088,-316.6762081016648
-5301.353233954563,1055.9058261980201,4292.889340359423,1904.8894727027418,2579.0020652308367,4562.368942532392,-1024.3426170768291,3052.29650867706,798.3759972094572,-625.6524930900828,1632.8586414441036,-1204.7336309024263,440.0217466179291,-384.278948566861,-394.767348032442
-5180.812827822051,918.045062168817,4511.863036296886,1302.7331014693857,1730.0730888885125,3992.4370076314917,-536.4259311381506,3509.5528632058054,1855.078939226449,-177.0652843321099,1867.2711534379528,-1364.5385842083938,-32.37821612534299,-533.6633436750715,-526.2964501015813
-6748.382814898274,-146.84480014283056,5763.872262635093,-126.05127829422155,261.2298294863532,3790.084867659816,-508.4340004322655,4204.823695001732,3029.0140977344954,-23.907441835346674,2473.0709878638463,-1697.7977148322993,-589.6753992241213,-577.6322028509666,-746.8965161132542
-7801.47782316729,-2771.811004245736,5886.431276525715,-2105.9917808486716,-1356.3289490117195,3889.818906352174,-298.2512672894193,5133.541047451752,4382.303256534569,86.42036507971883,3385.4359812473053,-1648.9542335726455,-914.6596010170172,-320.13377480629913,-965.5092664020556
-5885.876620230716,-5582.449213887672,3652.485163908325,-3120.617813598627,-1742.013596903181,4529.912543541693,308.70916319519006,5922.324581003755,5444.645544220285,138.76570179906597,4133.822553228624,-1062.669545305065,-851.0693229683928,165.31888769832375,-1061.836161349128
-1858.417567352924,-4774.029296458967,1796.5643615254592,-1732.8847592763962,-438.2739070725074,5671.1811148410225,634.6862828713769,5876.570870240093,5599.169807163208,-195.0282311214157,4163.528451065149,-451.28019552250976,-644.2596640516057,556.0353457920235,-1031.3070952091666
1107.092366320399,-813.2260505612586,3665.982209951527,665.3840179356312,605.078407455179,6533.046596956249,-253.35094158666908,4568.284991061038,4780.451366777163,-1043.7797679098956,3521.0418383377946,-198.8269687580812,-561.7745797944157,727.7611793429066,-973.3368051742377
3254.7462156453544,-294.9328861982901,6893.469612944247,1306.1755925285522,-212.60377921509743,6637.143977475258,-1909.6921466893439,2775.438966865934,3956.755521648968,-1919.0164652748335,3093.7516927157494,135.52660812575743,-489.3553124431271,959.6023978455025,-911.4255590296398
8321.084006455187,-5146.511251010407,8075.344435936519,-56.574848683538846,-2331.6852531509658,6562.505000847208,-3542.4736822905675,1374.6825234277512,4030.0680184325956,-2486.086827616354,3555.296159124574,1122.6562762308927,-186.62940553221918,1500.4978238109845,-758.530044739063
15901.448828608134,-12279.062906472072,4323.249824041207,-4177.344462914211,-6429.329783315336,4827.134934806007,-6219.738423680916,-852.384688218264,4089.8108720435057,-3395.622492999432,4189.798071433158,2355.711789074978,130.25883501957517,2150.518954242376,-523.2458237237828
21006.868015691478,-11771.056037901786,-2169.524896830017,-8275.03568392685,-10271.752245702759,67.42977539874434,-9751.682356026302,-4703.207215537981,2703.3592094262035,-5157.796220458799,3725.873762172987,2923.895612884214,-22.053934115594444,2538.05659645214,-334.14967235936274
21003.123966080908,-5584.502465718961,-2916.863251721782,-7658.0860171832555,-10073.064797182868,-3358.9981217742416,-11222.495725118191,-7624.408273223341,709.3020494859977,-6782.979131287108,2188.639048371859,2690.972638121348,-588.7346612920277,2548.199079111819,-236.62223479338667
16462.38907630163,-7420.334309314958,-901.5886770377701,-6045.352931153382,-8826.672482500422,-2177.190957134942,-9969.078156008303,-7747.705515321983,-40.39823430228181,-7155.245646023023,693.8756503456889,2197.570787630228,-1063.0541711271746,2304.5570650328837,-184.85410837199794
8793.318892031024,-12260.539085408096,790.1850948182855,-5023.967679439387,-8356.57348968924,1181.3826962546796,-7713.805335277538,-6471.103607519568,192.19453399680685,-6690.311200166964,-475.3535961215629,1562.8133821164267,-1382.966267574007,1917.550104053389,-160.60103339050954
-38.05820298757402,-11350.840977515238,2962.6587057564707,-3164.0390310574135,-7569.992928897205,3685.3577059699446,-5796.4624796707485,-5413.788436362261,189.60768843838983,-6226.919586805583,-1801.3023277070795,426.20602189985635,-1879.911942825589,1346.5781819411523,-176.00120495835733
-7484.728462146619,-6362.816454156095,4893.932909565872,-887.1169867994291,-6382.156250099536,4389.551949692442,-4939.309073042092,-5226.568929589471,-140.02075787909328,-6081.992560300333,-3138.765782202133,-1017.1063895503157,-2492.2848650809383,671.9272143561404,-199.57427301435214
-11266.015679104199,-1491.1123946083733,6374.734820651139,1819.8593096664051,-4306.301700976841,4840.937104691983,-4102.749351035304,-5256.074503241833,-188.6411945863187,-6141.056786314353,-4035.0337589340447,-1992.6514926989473,-2874.430221788485,229.94540765911313,-149.68668318825917
-11439.433184651452,879.3701288570443,6319.306966686473,3714.6320515348552,-1895.1900282945514,5677.683082587664,-2341.07307733721,-4530.789479390483,448.66854976127956,-5877.312582420275,-4264.465381106554,-2064.484243211095,-2862.802876309933,162.98311560233674,-18.67268298859983
-10050.903647195968,211.6684970418351,5681.668972636565,4042.741126003939,-527.6621330863794,6252.842545080901,-272.6205930716204,-3183.0839188228083,1605.6782209940266,-4931.976045500251,-3786.5500388202386,-1411.4607202182701,-2516.0241091403022,244.4265132524797,91.88591823974487
-7461.381830380462,-960.8844409411926,6489.198288592011,4217.295014363076,-196.56831576610773,6576.776398426512,1494.4024980575457,-1676.997260384997,3042.920751906325,-3301.9186679096742,-2767.775732586778,-474.07378421153913,-2106.40284893566,210.77393141979292,130.9636591780125
-2041.7801954707463,-1283.6279088779113,8601.635838792748,5147.797206076779,-345.8174785155484,6836.6012854614955,2782.2963752085147,-223.38398455045996,4499.68763625218,-1170.3193506735386,-1479.699815622162,457.17166920034595,-1833.2963941855387,47.71814600524658,179.21572429260738
5641.515113798934,-1605.7784276432099,9827.480935386395,6141.9917369510995,-624.7595751060953,7291.4488811774845,3771.5435908461573,1023.1942320249191,5432.24120206608,859.9855710015028,-210.87334643205577,1350.3581536373608,-1460.9785343113538,-19.354488960593244,310.7266140345626
11836.368123220174,-3041.9913050116816,8380.876110835112,6036.933158822153,-660.2332010840113,7824.178385437311,4661.308335812415,1881.5528484826157,5556.180240248437,2161.255376575885,837.9663795336834,2187.3093086341473,-721.8395578857545,156.762476494062,482.10363066838784
13903.212204728683,-4400.628674896602,5718.708665063605,5088.315746098403,-366.84277252556524,7586.058396736166,4943.433382677934,2094.9352849800525,5289.335663431706,2840.8488569993556,1656.0741385134281,2816.2686560736165,140.6615176279197,432.0928345902003,619.6777794170055
12848.326673425207,-3494.564498709408,3800.290431256932,3872.347318763199,-260.52502380068915,6455.185411131219,4568.626040861911,1818.8173875343618,5302.297819626693,3452.07814162021,2360.6004613878417,3164.733251857388,758.1316346779982,613.9534575165964,706.2880004009367
11605.253060067724,-1343.3921094976963,2696.656781637927,2757.07188923022,-763.7838799657977,5875.985146636678,4809.757765608195,1870.6178553782122,6213.373492350177,4588.074150486317,3311.791910143594,3482.137595463263,1230.8925253684447,793.6166064307098,757.7643150381743
14184.066792353029,-1822.8286945459447,3392.5749359009487,3769.1954494560264,-1115.0008164814071,8031.50472908135,7415.632788272401,3202.5577289172315,8650.481587059721,6820.679051800682,4950.019344317643,4339.52484667572,2005.6169068542713,1251.9790784999661,858.5649671645164
23381.2654515616,-3734.2053238295293,10331.100807769273,10660.30419675955,1070.9119933241573,13854.03079737657,12698.252741521886,5707.363661744536,12322.805844862793,9906.644539037774,6767.363942007215,6145.87406779829,3299.2012089653645,1887.5769113465485,1154.1546501480134
32336.633098115202,1354.7001752587112,22857.510416586156,21565.638090286164,6067.292749046942,20184.514275714122,17718.37713274857,7416.362137478576,15231.1297922041,12299.820363042241,7035.266579868771,8067.4305775766425,4517.115975064788,1926.108737843826,1550.9143745929675
26973.029316326865,11398.959501281925,29623.979091028243,26882.986243018186,9346.457267922618,21740.76522448906,18624.750930224236,6482.19636301797,15046.47359814152,12236.026299856665,4618.516176167793,8119.790659836739,4514.590387681322,813.0178178486456,1620.1022119373815
6785.188053036273,13879.986060133811,24306.88502695917,22024.798025433927,7793.066363863541,17353.487093182743,15058.98466480564,3464.3429058016636,11572.626907175076,9512.402929184273,622.8165587639389,5545.737045855407,2963.620335272783,-819.7906566257295,1180.0138184549105
-11901.104729935902,7966.597641924459,13620.504300580185,12952.67422483938,4384.351357282692,11310.07988825919,10360.174562950242,498.9530031178212,7033.257283250646,5835.454057625168,-2690.305564747844,2045.578809963184,926.053879748932,-1879.5137617870357,616.2253346571388
-18349.08887033965,1812.2638526500446,5290.210052669996,6105.3573408084,2295.0151505882914,7036.0089249026805,6873.14874166857,-1232.4330365991323,3420.1524672770556,2906.1174983341084,-4144.061116801928,-363.40473127804444,-405.3556750577403,-2057.5602698897087,325.4988014149658
-16313.272609826612,-237.47770226936433,2374.971931411188,3301.9074542368116,367.8566399099482,4046.9074551225704,4141.636323493905,-2577.3852305607247,688.6188032127511,793.0006672336262,-4330.0303989449,-1452.6134227054204,-931.7811164292525,-1778.816615957919,294.71323014590973
-13525.275299304145,-1067.6614996965307,2279.879508712014,2428.2272203089187,-2993.521062890899,855.0940347522738,1422.9396776335168,-4511.009172525968,-1895.693725545438,-1088.2773803024431,-4540.8340913194925,-2180.270735968925,-1272.42862340201,-1541.1911375028544,319.905073316478
-13907.31402915756,-6523.552417282039,-750.8122594435421,-536.251591234926,-8273.304213532636,-3751.3278033807082,-1855.984473561354,-6801.079514240511,-4395.30339231109,-2706.0081218705636,-5267.796194018896,-3040.536459714515,-1638.2869220324937,-1581.706643786251,285.03939629212505
-16171.889529720593,-14230.307686242777,-7830.398831712322,-6004.481663620789,-13217.063065038736,-8733.46484906587,-5276.2050692457815,-8861.951906079186,-6526.289251192394,-3819.667836145968,-6078.6983957726925,-3743.0558661140412,-1686.0007915720971,-1758.444938282954,206.5841672091782
-15792.264367194322,-16622.91061008188,-13676.71015049015,-10547.71712374387,-14667.942818486932,-11516.953565965972,-7426.2184792810785,-9988.483629114977,-7829.513891259654,-4177.661690714359,-6524.163283821417,-3986.6289928199167,-1259.1174063485596,-1787.90583546543,136.68986439558998
-10329.237632263763,-12848.506012008036,-13306.136196421148,-10732.168596525536,-12531.48841083174,-11221.803449546724,-7728.280320088274,-9901.495778236014,-7965.992990366889,-3522.1324123733793,-6256.550391078199,-3675.913011324193,-502.50489085266463,-1595.848367901859,69.27401433958754
-2039.9465393214264,-8618.028731854178,-8818.095992677367,-7605.84625759836,-9134.75573549125,-9154.475734970143,-6568.19041306868,-9050.36305504689,-7131.729692704982,-2016.6661207473485,-5062.236604077403,-2766.849301836444,439.97765882538835,-1210.509613162083,-19.50941785046811
5192.580749270877,-5900.157044413961,-4932.23314465881,-4849.193934975128,-6685.976747276952,-7230.377440668723,-4823.581542813045,-7976.152020158428,-5897.039135690103,-257.0186657678841,-3289.619289302205,-1517.510293186201,1341.9241859971405,-702.1367711649189,-120.09428215205882
9303.017224096051,-4387.742875123381,-3665.4953971604878,-3880.349052909746,-5893.49362971835,-6176.277157945496,-3125.3853924273044,-6937.455004193276,-4757.285607234004,1185.9049992381997,-1636.348364813245,-486.95721997242936,1912.8654455236149,-282.3412278521514,-224.7537320218944
10665.707904087994,-5109.591681130448,-4752.828949840486,-3823.2335214585387,-6562.8623728256,-5788.8709535102735,-1519.6206268009546,-5962.686096999253,-3880.7028228457907,2164.834501932757,-502.6624166429553,18.45751365289467,2079.2555060112063,-60.83207871327022,-321.2606421723352
10144.506060191203,-7807.083209347485,-6114.110807897608,-3081.589476032251,-7539.580978804111,-5424.038523420828,138.825648343156,-4989.223532175811,-3281.8062278576203,2716.784075514151,212.4426864907217,225.15301098840706,2126.5581871797876,123.8039020163564,-393.13292382701206
7542.65462454948,-9122.461922454591,-5034.079891042939,-499.2109890867068,-7421.305306469259,-4560.672618611759,1613.2664610136753,-3833.326743802019,-2604.1107653157173,2901.5136083642838,867.7075931162694,417.93930204313494,2349.7040383396084,410.68377494731806,-471.9443017335229
3565.8750175400523,-6467.4944446759855,-1754.236441691446,2186.0263290984403,-6278.198380407835,-3559.8971216246955,2160.70246940035,-2112.267927284471,-1192.374134650844,3122.7226297579114,1581.6523646394362,477.3421616609353,2507.6175250901224,658.8177832590886,-584.087818813989
982.4408639684103,-3761.4044261335234,-358.4902602979013,2092.985799152726,-4079.2872412797497,-1899.9920843925265,2239.422833337603,50.37971563659249,491.1468360762157,3482.3567879349735,1979.0375479686468,289.8019767312245,2199.1912427215116,673.5185739871494,-679.2069709392299
655.8400157790786,-1832.936672618877,30.751634252104694,1416.4070968779972,-986.9745566453118,463.8210350851661,2908.019263788298,1712.0537781189848,1348.7821682163947,3694.3552951378847,1959.2738503693213,-9.191946110146432,1625.7842778124143,515.8946722685554,-739.554651753131
24.275221415174098,1007.3832291761776,2696.138060799153,3544.354280993469,1644.4424733060682,2510.434665468572,4851.878941070367,2966.5505128356817,1253.8803376138828,4282.029847656453,2129.430019646561,-620.5956353066277,1215.6245939978016,474.8169918645984,-837.5612923814695
-601.5328731484367,964.2723388585207,6151.3492568710435,8679.251657231172,2070.8402543797392,2818.913596699904,8146.7514883295535,3973.416368778331,-23.34996545916438,5391.763717212101,2876.38182289398,-1658.159567784061,1080.7264500230483,837.8204255756826,-934.7608648896678
2393.435899695636,-7661.12498690332,2571.0428932760747,10041.687033848257,-1627.7275348914482,-255.59907106348686,9559.488628852494,3807.071099567701,-1990.0710644832902,5823.4389506829675,3739.1850112194943,-2316.7302134783113,1179.9509065295815,1480.9693245234553,-850.0140863355787
6103.173454179581,-11245.983050605659,-3394.064407545749,5162.1001410191875,-4394.509428341925,-2790.9588914373403,7406.8831921647425,2848.0265186253673,-2725.8804756367754,4870.832285052369,3755.357604261198,-1997.6124729681983,1252.4195138779082,1763.5291981544278,-616.107984815242
3533.044159370314,-3691.6217625079535,-1543.550069342033,2233.5224253256115,-2372.321845782528,-1560.7149824183311,4586.506134022102,2187.3446557369816,-1773.2394055669372,3068.163487804397,2429.9173731450555,-1450.3530585030896,849.4683356376282,1317.261927905206,-519.5582469254846
-2973.2667392714666,1431.3955043309577,2122.7258534913262,2891.306374393202,387.6000527315504,582.2403182325664,3228.5548661832854,1885.9525531630636,-606.401971406758,1271.7471981192784,506.2199216331348,-1643.30477580945,-55.49789134372526,629.9060304960345,-629.2843729875935
-4098.433717174181,1291.3083533261586,3028.5905962668435,4191.405157221374,1537.7015215844538,1474.0898402560429,2946.491263589857,1600.9773564670031,-328.03121155566146,47.4872036986597,-655.3539536036246,-2387.271398272421,-902.2476584412897,424.1772844740797,-685.095204123741
2831.188026949369,-15.819227642532724,2702.1656226729347,4975.525319627057,1680.3039810914331,1294.8754337073824,3276.921165513958,1644.093507580105,-618.6464399420988,-222.65297600037593,-372.2611862523143,-2666.5556769055906,-1137.7382445041612,809.6841266503291,-518.6613552750167
11572.317167524716,-1524.7920601493183,985.9158891980323,4569.562233694583,774.011348099664,229.82635828965448,4374.253251498295,2642.5059006332817,-620.0176534546549,540.6196495678437,907.8016036843376,-1928.3389571413059,-712.368574608396,1346.8908365986613,-253.05318891229925
15888.275620511682,-3691.3726581896312,-696.9126542806378,4691.956681197476,319.34587040911515,-478.5640136707895,5777.8862288062355,4054.3187488745416,-220.16691147911834,1404.3891182834204,2031.7751183648247,-839.7764727994596,-158.22036920484314,1699.651597310155,-46.962884420586704
14453.465341169001,-3436.158308125241,-315.0324376481326,5008.117057936783,669.3299035487191,-596.202402998047,6038.122545754021,4395.9742094404555,-164.46591169591298,1246.8141113956715,2123.249658599661,-434.8122293171169,-124.76693966423242,1786.5309170348587,80.21765438731086
8878.064905243818,-1847.4150874757959,376.1045144694452,4144.074174172127,488.05035808629486,-1039.9044668127742,4643.704692245872,3278.2460855838904,-901.8649453576268,161.19799269413386,1385.1445989681172,-731.4250991922167,-529.6880469608413,1584.9351707070591,148.16645324234358
2515.5561358446107,-842.6809097707315,593.3302851944824,3077.6175367738583,192.9423654789635,-1364.0568993684187,2768.3000813420267,1637.3306980721377,-1894.3010006374845,-1044.1125862271817,524.2522989145607,-1057.1556032683068,-774.3648786316744,1249.8498865273577,177.82991981113508
-1022.0743355044021,-320.3984582745549,580.6102188742357,2166.771522986879,148.7893345208142,-1252.0848779510627,1259.0030821412238,226.2193742443711,-2611.000301933264,-1860.5439044872703,-112.84398017804375,-1149.4078877401832,-701.188717494307,985.252861029009,208.45785914859812
-1042.7301661337365,-263.5392135656066,359.6150032830066,1408.3348977570897,213.08161822785152,-962.9381030929162,285.82799995512715,-640.0725614178117,-2923.0086185254663,-2114.8000704192864,-424.20125022467175,-1081.7001726870521,-521.1743069770546,796.6967179646954,249.87869119010986
647.384662751596,-474.05956342981824,95.8923243823952,902.3091042263181,255.4459359258787,-628.6024130323607,-185.64192060629773,-888.153063841833,-2614.1691068957653,-1653.5095142921068,-224.74885699837228,-747.4295556940154,-303.71386206563443,674.9034229796634,292.9455870903841
2385.0119815162275,-570.6541886922431,124.80307648725508,1013.5857697485806,248.3532708144754,-341.15698421136375,-258.18951395008185,-660.0901035839233,-1610.3433558816737,-528.4117444607156,642.5065790021274,24.30324068012368,-27.191871801722243,690.6642389161101,350.5098727254847
3592.686387359946,-507.9635559150636,553.7751907707492,1550.29456425181,577.3935933705334,114.16015653062175,162.7691878027932,3.4890288903229703,-316.32361007868525,714.1433057175357,1947.3160400651068,1046.15762866708,189.68033542366902,806.9362061676366,445.8380978744032
3830.3932395522233,97.35588478253476,1291.9268640882108,1875.7974753896615,1293.9791623311523,629.9382609644073,1030.5275091059038,1030.5028058557473,670.316414853141,1344.9375583764877,2883.346621208224,1660.8868543542526,87.10121743770424,776.8693887249856,563.5590365221526
1761.4694744232004,978.3320108459047,1867.2359133804334,2535.3489864449493,2046.7730513767376,672.906519020305,1702.895851278662,1634.2732195555038,895.6684394413687,1052.1912681893132,2562.990290486129,1261.0488888689993,-499.9332940323392,378.02435737053787,633.8180594407557
-2153.0543439958583,929.7039097720991,1998.2488530409225,3202.8123088615166,2062.4865110182964,213.0854408922819,973.7950919004584,679.1846258365827,-95.90521756153197,-66.31716360239778,1186.1001955691502,241.77331137077607,-1317.0722505051835,-192.24246145976664,638.5364733169325
-3821.066067108318,-500.7688533471779,-44.59524930033612,1247.8591805567444,-376.60195589242454,-1885.6158230723445,-1279.005192443712,-577.6359998470693,-1762.135239373244,-1509.5481072588332,253.70743622156397,-113.840748517144,-1740.7261489522743,-489.21513801358043,673.4271864532502
-2320.2489532394206,-5230.580230933695,-4250.511208492468,428.197147720763,-2110.4053181919494,-4664.4223457627095,-2432.2661580266044,130.2098316995076,-2259.427313128922,-2358.81734778005,330.67603747429143,359.85378249844075,-1627.128382976916,-532.2231295291975,746.2740019084462
-2135.663142036091,-6833.309145311767,-5307.494498780468,1576.4299765795283,-1684.5835716970769,-5623.2166612737365,-2588.7649165576563,825.5354202739773,-2168.9434653560065,-2727.862246551248,91.74631790102433,401.5884747903928,-1609.152549331493,-683.1465878339567,705.1298966859669
-3130.162934888548,-5496.229830906065,-4632.71098232531,1691.4483877134514,-1560.727400281227,-5826.964559972034,-3124.8037891036884,475.16491951447904,-2449.2582166147117,-2978.3318325949776,-643.7788598325162,-117.50516537920234,-1774.4809725464395,-831.4254720553857,567.3821884750009
-1021.5341764167924,-2030.2904204534984,-2057.99126252536,1575.9051882573274,-693.0742429437053,-4290.37209573914,-2375.0046736838412,503.18688083085453,-1780.2228965433176,-2232.8030258637955,-527.0613164383001,-187.72618992096454,-1452.8047663041034,-658.1706200970332,542.3468062904519
2396.6573661349425,-332.0072098787845,-506.4386109199193,808.7065392773904,-333.29854702406334,-2383.420076836041,-1127.5587716838183,648.2206687974756,-568.6691482722802,-790.4532187338691,427.8958373046396,334.06184357124226,-699.5636486016806,-383.2036533265867,630.7292203967075
2451.257391729661,66.63312283544514,-40.38592998899499,882.7743808504524,-26.94461119470415,-1592.8797551560504,-390.9305291244075,949.6467478697468,325.3240216915949,96.93171074143982,1176.8140657478211,947.9398318123939,-213.35957045495184,-421.3547878001221,632.1005747160452
-45.50004555139364,-282.0040245212434,-469.0699349388263,1296.0672239716878,255.00995538590553,-1570.3518829146176,-69.16371460739768,1432.2256623186654,918.7600863369967,230.61946784733698,1262.920218512204,1278.7094093015307,-203.701805957626,-727.0741339326539,489.6946576057006
-1239.3964208589616,-1077.0241345731981,-1204.7009175046933,1792.2181484539847,759.4400417032408,-2069.208354832433,-302.84770491414076,1893.2714139821019,1015.4799685102962,-241.66953847040452,733.6256282152276,1116.066315894669,-419.4833222495671,-945.6571841886594,335.84731590785304
-1099.5859273375966,-2163.8180420106396,-2057.759702203478,2809.640396048832,1835.8892119787004,-3087.6205257420975,-1237.1403090255208,2447.7027908765012,795.5398200775395,-1308.3870468635578,-141.86275274949273,734.0629504022647,-594.4154887195112,-963.1000072430963,262.6135814712528
-2857.0004874781757,-3878.935633253531,-3678.284429429035,5005.952327172561,3819.6530126449516,-4591.631320624606,-2628.8757191284917,3609.361718284482,1185.3600412488986,-2737.1199474775235,-1065.0954688861814,886.4138763583735,-454.184328577275,-1023.5378571074367,197.93161136435197
-6001.953704524637,-6439.554975167736,-6114.935502089669,9205.539753731746,7572.196013874576,-6350.196088712522,-4356.1052815684125,5660.967661578639,2723.7172806800468,-4089.5122603555515,-1941.8821018140727,1872.5287731349217,225.642990097052,-1258.809494094548,46.83407733613248
-5269.68178988362,-11532.695572113367,-10624.217006927596,12061.964353056632,10453.40441255393,-8260.34356997976,-6429.275867688644,7037.594610409151,4407.775423266967,-4588.1208835604375,-2472.0560537689,2914.367156632374,1196.7620672649316,-1337.7628360639824,-126.18295210079968
426.2807984804814,-13781.11863517848,-12623.514323554558,9757.412162212602,9294.255059201083,-8060.741805990547,-6702.282501079862,6367.447161226265,4875.690140949304,-3468.1751787905882,-2024.2015978644295,3030.40433919748,1668.3908544140302,-985.0281230084959,-200.6239005272913
4399.074473154926,-8471.058941360743,-8162.329990930626,6465.450811363848,6635.292568266592,-4721.338754017948,-3991.927001212034,4816.952027825244,3996.0072697042074,-1289.0240239652362,-633.6029080411005,2205.6730921636436,1245.4211328252004,-508.87247284991656,-206.07958364503435
2729.114286354353,-4042.764442597637,-4120.3797994068855,4055.873784735974,4307.1149054304215,-1584.312111773196,-1047.7955700491361,3442.219811298708,2346.9279840875224,311.81931583992315,711.9219028236826,1104.4796618621249,414.8993752620719,-267.62217049959196,-227.79223717518977
-40.750422996227265,-2443.89780908306,-2634.5136278786035,1585.948879280833,2130.9863030190177,-557.7287948767101,149.74077348020114,2115.2615669204893,553.1843531258194,535.4970838543084,1205.3722814285275,204.94370307337033,-223.43696169530858,-245.18228419679963,-267.9749069421925
77.78099922865749,-1215.0947966816343,-1546.11208039702,176.09237015009947,847.6442809644363,-573.564708313861,235.4683211209836,968.8748230000281,-723.471257645512,3.606953267721906,967.2179349094396,-227.22296343311882,-382.6352679433751,-299.29110252590874,-331.048526452602
1956.5541638196505,-164.58986905730762,-719.305812231675,252.68340985647484,575.8595118957733,-643.2374718141166,286.18683171950903,316.47862569141665,-1187.274044326605,-185.76859720174548,715.9325641545386,36.8576500590471,40.743335063357165,-235.29487371143904,-435.3607389770607
4256.567780429016,15.990280401458179,-957.3289934507569,216.75312854782254,69.47349797305209,-493.65263929002094,1053.4785775203063,423.7342102932443,-988.9681647178513,460.3023794946165,910.2709656932036,807.1032910360875,777.2608094153685,49.759325367261,-530.5667313589788
6331.188509180388,-705.2030808307175,-1212.0150867912653,-781.5361469651394,-1081.5003567376461,100.72019743239827,2323.367831278748,1120.4768755557277,-577.1510714832231,1149.5470384418707,1184.452525188853,1288.0630414718073,1141.868379312024,283.69634478126835,-559.0469180246827
6267.582090421589,-541.4634155689054,-324.28465403176284,-1465.4071017303988,-2079.3917696809726,190.26730342575894,2657.6835265272325,1069.7325656749315,-823.7049623364085,793.7989729813914,1069.2354878956057,1049.4417666775873,832.3925148485771,177.01158497390048,-559.185979364506
3827.52637066294,665.6138609423978,1086.2542085889384,-1877.641941049558,-3003.459417691724,-244.63230465767688,2366.4821967941284,523.0319776023409,-1299.1569643545515,-34.35954753810691,613.923550856828,602.7905432557674,511.44485832912244,-19.45978353148334,-603.4265616013299
1105.8657325800255,798.8333846497868,685.3771447444061,-1551.4718014762366,-2344.612642971435,-1217.9938248386793,661.132941210106,41.24444958631233,-719.5355738918399,-633.8299428424637,-516.4649876885801,-14.149333072641554,672.513870895033,30.820439844846803,-697.0564315915932
-1018.4907225360099,-4843.227172380195,-4572.868575248319,-4208.385950993248,-2671.1701573567907,-4495.7199189361945,-3135.713474792627,-1922.730344359376,-251.99267247296257,-1483.2476872494517,-2246.1486371215856,-1071.6982445342742,858.0807327777716,225.79026597312384,-780.3456421589976
-1384.5382532532763,-6211.506505006931,-6612.954728175608,-4221.69853806791,-1549.483583034226,-5502.506937175846,-5203.0240918568925,-2966.3266846719093,400.52982188028403,-1430.257883559117,-3102.817972710568,-1534.7694699310066,1030.908477828222,504.343141056186,-730.5700816095299
354.8138481706219,-3586.874755497274,-5786.822707639426,-675.3600963549029,2220.918979204562,-3464.072793805026,-5622.39301269009,-2235.265935865754,2483.8429269877197,439.8765652705081,-2556.1891263624307,-798.3813089500593,1637.836870787767,869.4951978784237,-505.06872062701245
392.4357412895151,-1267.4411909029543,-3853.312606913288,2189.6591901249044,4235.108175454011,-1453.1369095650439,-5309.710157839572,-1887.533669385034,4014.274422007335,2225.561084956798,-1568.9091662318397,139.17481723460793,2159.4519312194925,983.9230718773258,-308.6498499467058
-2782.407065493046,-2709.465471860454,-4051.4029546026795,2634.822525343279,4384.2694091076,-531.7761594982555,-4797.069383521661,-2071.453192046958,3852.04803511769,2341.794065815657,-1059.1539102919835,381.8049737286023,1802.816916205857,687.5216024485719,-328.0283843333764
-4576.700075109176,-4860.684192403981,-5214.938036043906,457.3141021353184,3442.671778224022,-581.5103310988404,-4910.0004237258,-2446.9444201132615,2855.7959468097083,1129.4649404943618,-1528.8812311017728,-232.51525295170097,742.1572992355797,385.2896898847827,-438.3293019602404
-1661.295032248853,-6146.412497900998,-5867.912152988564,-1800.5711431406169,2201.012840366557,-746.0193776281615,-5068.558292779648,-2815.509433467315,1853.806948320991,-198.23000268708836,-2651.4287308858743,-1318.8636576525384,-315.3468031195872,439.1551390077903,-415.7031261762967
4091.5925030137705,-5358.961608993865,-5320.525947258033,-2426.798559242218,1211.412202272224,-1098.6149625938206,-5252.328448912695,-3174.3098770140346,1540.2340164996074,-391.9202298814746,-3207.8719618997375,-2051.0925158561986,-770.9488104974405,746.4580061458364,-235.83322560627528
10242.21181294352,-3749.9485980690297,-4940.0533059478275,-2295.066811991103,1824.1202188421194,-910.4226232077182,-5851.131775192856,-3261.5117173514295,2590.7173213016335,1052.2987736480743,-2352.2543515604316,-1997.0515435704517,-389.07595700200545,1119.132330567518,-6.468129061686739
15518.693848852035,-3718.8411899126454,-6552.105315638354,-808.1768572490744,5707.953732000897,1676.2439336091368,-6101.832837888531,-2759.884001296334,4811.702375560824,3419.4175564288935,-668.9336272077561,-1735.542191392645,274.4321134590063,1518.9692155064122,203.7171294480131
15971.694312387417,-940.4224212929876,-6569.234005789879,3050.758807870448,10811.766965365028,5720.379820196091,-5499.815173316394,-2385.8988328549094,6644.878504282831,5356.843029505229,475.1442218211268,-2057.2323707442797,257.5399075711035,1755.8438268372042,355.1480328142841
8377.29820210851,4502.701516229868,-3781.601694426121,6298.987702375126,13582.854787962251,8307.245112950743,-4964.342040804628,-2985.4353085008697,6710.253808221759,6036.927375965216,402.5089364227235,-3016.3030112475353,-582.1070189353627,1638.448437886815,445.57461572209274
-1621.2835477878937,7812.7545690402985,-1521.0023526987907,7290.029671891162,14357.08483943232,9315.528822999977,-4717.022073862556,-3978.3865973814,5454.142694834645,5751.194235501408,-303.15446204445,-4074.8870937818547,-1566.3301861185398,1366.1969346624885,551.2681482760692
-5540.709797476177,7357.567785257335,-1065.743422497354,7104.155835953155,14304.929016181744,9943.157552976898,-3499.4005878456323,-3935.5773318949587,4338.3447398184935,5403.561302190505,-404.3980802569111,-4528.167428101951,-2055.502913544171,1201.5264019602141,693.9531821364162
-3469.713362708189,2658.543356663953,-3249.2036732513247,5611.823879868372,12652.935755496765,9183.55622514169,-1667.6670739807855,-2848.2660141110678,4049.4234755895686,5586.731690878667,819.2048289589615,-3792.2300983387477,-1754.153935753433,1133.8887003606,770.9333880406284
-1409.3968099177148,-997.7459917543923,-5923.684491343838,3007.289280736027,9881.706350845492,6938.060521596617,-1304.8576557881784,-2292.3486282105728,4446.577393214251,6251.080194579878,2651.205091360089,-2103.3418345161444,-905.5921645638973,1011.2223479180531,711.012327794439
-1711.6430349410946,-4056.796055756356,-8698.32638205533,-1069.4655774846967,7694.062744097384,5623.660921092524,-1641.0946996151986,-2435.20518461684,4911.03320841589,6805.693040231626,3512.131828092185,-1063.7770096061488,-451.1478177057165,774.9737942017314,633.4261808152476
-1970.2318872107833,-7730.5896748579735,-11949.848447701137,-5785.255549757737,4613.81050137066,3348.245203252792,-2946.704070658154,-3959.9876970402297,2999.1666167140015,6716.992306325853,2999.893441918742,-2414.4570001943816,-1525.3129312929675,421.25811236417724,771.5192493280467
-3502.699988211449,-13764.695968230135,-16091.16466998446,-14751.625127522837,-2431.851166456028,-2821.516876713095,-10332.569355788388,-10611.682245558493,-3391.0620399751056,6306.594531425666,2426.583711576399,-5781.152893631051,-4239.814687099054,-380.3354304727138,1095.4315386558144
-12222.760746211623,-30068.96403014535,-29900.55425387104,-26962.53279964569,-4799.615132406348,-4798.234087489567,-20331.203246117766,-20489.699145886472,-11563.104214239576,5192.233595222537,2014.9836096108422,-8959.647017582698,-6999.703192421052,-1917.7523137816406,1148.6591740780673
-24849.20202311325,-30641.680799866204,-36960.01132188111,-27246.198593129255,1167.12898664783,-274.3480220447824,-23858.89112992109,-25613.823026411825,-17071.828104129083,1841.509989343701,207.87342319270894,-10469.529535370435,-7754.026744825358,-3345.519258963747,649.5255723939564
-28731.00007444381,-14768.531331866181,-28840.50044333085,-18895.15881915453,5332.20109621046,2662.5679997846946,-21931.360952324525,-24451.388393103844,-18375.308844059753,-2334.391889425746,-2339.3066184786444,-10225.93968707503,-6264.775877811371,-3345.105446250572,58.309569791778586
-23141.750035352743,-3523.887379325662,-18390.65661521584,-11035.77667320842,6715.393630949577,4409.053669754275,-17131.633567739027,-20661.750121308018,-15959.181749836715,-3112.293507132099,-2305.3509498551434,-8440.03789354167,-4451.31256272382,-2229.251120277502,-47.597718816714064
-19598.706777055144,-2842.580503792201,-13658.215368245996,-7032.364052089251,7085.180320396726,6446.479412875276,-10506.814344044249,-16205.381154343413,-11450.153869817732,604.6842453104165,1523.441793852533,-5272.058275317912,-3936.538362894272,-1543.318392324036,193.3122170397922
-19635.90997159024,-5181.863600212622,-16831.532520493016,-8745.621128871455,7240.117829349125,8051.095700781038,-6036.389774609423,-12853.886451007635,-7551.9131818879005,5351.677294189354,6380.358651817453,-1487.0882108243795,-4249.57794164281,-1743.1604709576102,312.8691627338143
-15411.338742853202,-6547.387271073706,-20437.428449437113,-11981.122946684156,8056.675463932144,10104.218607162064,-3968.4621175993084,-11493.65075686554,-5776.315730702611,8146.268805964052,9370.989847900797,1347.1115454857934,-4404.02395074,-2150.3483787423957,175.18772666837748
-7587.128953808136,-9254.041350728921,-21627.22219193971,-14720.735089859887,7398.712024915198,11237.06860189834,-1994.3840471305534,-10190.091276643152,-4858.348547763747,9514.228338689438,10799.71269054134,2800.844520143517,-4605.017157353212,-2528.1028175919305,-111.97115122761659
-4152.123367815895,-10588.60096109185,-20214.465063272255,-15295.964838524586,6278.529808661341,11589.057909489151,123.75415283083248,-8327.410368528614,-3817.694715522499,10562.456632143254,11967.395429011449,4129.131955504057,-5012.593307696092,-3099.849050692917,-433.3551960302481
-6400.604180182116,-10362.403168047302,-16557.787278536478,-12324.076604105703,6065.297028364992,12023.78360234439,2829.88560793799,-6795.362961976486,-3528.843628497241,10716.927106603209,12673.522617318027,5556.88810719301,-5022.414461339942,-3645.309863861561,-670.9956033459893
-9139.336611338918,-7736.32665671407,-10801.655539840942,-5922.151867285183,7867.093442280014,12844.323936516428,5933.693761484049,-6073.249369761278,-4873.744216768409,8814.508917663974,12136.521413537363,5849.067941689768,-4708.98976283216,-3745.574143227888,-748.060251115242
-10913.655574549091,-542.2066008029014,-4800.990279075245,529.0606783308556,12866.097866008133,15661.647894269647,7912.383865896635,-7292.185094327993,-7958.324479417936,4531.2700842513495,10215.265902755043,4707.04772634672,-4809.558599444337,-3495.8098497194355,-703.2647817432195
-14148.385934978547,7455.036599790122,-6631.055499772747,-1124.8563985345381,16310.223931055047,19089.715935423155,7312.438849592608,-10706.874925080952,-11745.614106869183,-720.228754005752,7750.272572259488,3484.608082639456,-5124.30619329461,-3314.6331199503484,-651.2155858300748
-17425.3725653972,5095.496671035595,-17595.98479607465,-11153.549762172599,13299.945471165387,19674.007841485796,5303.0737591818415,-13895.14810469455,-14462.329873966408,-4453.598437288641,6299.553585232064,3702.393211462652,-4441.318737989955,-3306.2800271345623,-675.7095577675407
-15246.692630951406,-3845.975030680416,-26610.63724129409,-19734.587069706176,8125.361759936151,18773.671045242652,4877.7770907882295,-14975.179032362197,-15726.163900449716,-5697.475856168011,6842.463938525022,5573.63522317202,-2248.188576589132,-3207.4533814059632,-772.5774590127612
-6757.035858260834,-10941.939558345206,-30015.13254296011,-24820.344023980506,3198.894427891921,17945.702070956107,5578.315093063082,-15127.38170598941,-16728.44868948808,-5950.839671639869,8789.356976941086,8180.746772800681,436.30710122393214,-2994.7526193435865,-933.6540948891794
2347.381098548696,-12932.402102023845,-27431.795192203022,-26797.132977171877,-3872.9945161318296,14549.35758829406,5107.761589331342,-15079.415118463223,-17925.17402513173,-6821.944512069783,10756.69109914705,10638.075932197951,2557.3205192327173,-2914.3611363902805,-1185.242471621071
8664.675632995293,-9124.800185734846,-20022.370269702573,-22859.540666310582,-8803.727315034843,10040.986143637909,5250.527284181559,-13558.42511247034,-19111.103487228134,-8645.117045201594,11769.700187466306,12426.27143315149,3983.5494509987725,-2879.391869537462,-1461.165909887823
10399.422951585384,-7715.558276323614,-13550.371923088034,-15267.939046473313,-5499.59555101794,10837.9953065177,9599.95163248122,-10637.2738933619,-21392.58637742568,-11978.842649117667,11452.960941521045,13591.953994391522,4747.141495905246,-2969.925316476326,-1739.5031072164127
2484.7551943387507,-3351.463833537136,-11202.256755901528,-10384.188723204794,7234.030119153897,22246.186117799753,20220.73319623326,-7779.001286018756,-26740.033730396186,-18204.73694664327,9483.565463164265,14986.517781558518,5310.907471103493,-3712.049873394536,-2253.316121233299
-10910.26314454508,12883.387147918309,-24024.98257366507,-21691.844696036762,19777.54282335278,42542.93826593465,35073.833581335624,-6680.117221817634,-35069.64298443787,-26902.462228001776,5485.145549135334,16790.395148469677,6780.264363576171,-4476.105372678267,-3024.9971479561264
-12017.578993688856,9961.08652163702,-58506.66687705365,-52124.789221185405,11815.396879075815,52791.48731822305,42517.6112480334,-7887.631267728098,-40536.93400322046,-32625.86328857772,890.3950319230706,17468.491519929634,9047.814373733585,-3386.1514864262813,-3380.3969404048603
4901.462369954007,-15594.175753353797,-70916.56073537793,-62958.88431443217,-7042.669751660949,41027.9245981169,35917.3499987169,-7072.112187386349,-36040.57087045046,-29599.151158190027,-859.1079715398365,16005.596701310684,10237.756551092365,-291.1071423031743,-2692.427546160903
22923.004555313575,-16799.345356196718,-45369.84631986135,-42738.19463012152,-11649.990639402196,24683.53703669127,25360.618050003137,-2575.515324050083,-25086.34322547976,-21187.972505944974,430.0802219385924,13519.29249366839,9382.947829678951,2477.4942814604037,-1412.92417305989
29383.2266237039,-5261.743639774732,-19300.855579164665,-21864.747742287214,-9704.85581620249,13326.978040220029,16743.852719185805,-357.20155262924413,-17100.67727684571,-15252.371553967083,582.0155731309275,11153.341755951378,7734.751522008948,3385.05121782855,-506.1664183305279
29671.78422469057,3313.1407952045074,-5633.981387956083,-9764.661972974038,-7284.387093483673,5968.143737597297,9864.16004167618,-1696.4751371897999,-14096.570279309351,-13402.672588144702,-2060.258362906227,9012.782778459494,6773.269625618314,3239.2954342330795,-206.86613284359674
32057.065572937954,2161.133568248521,-5699.249012665762,-8366.915847425815,-5208.024189290776,4824.906140406549,7495.3491405974755,-2324.6044053301807,-13465.060008818324,-13637.39756421391,-5482.629786647313,7510.677542350214,6938.02625872705,3317.8175571304187,-74.474931685397
37072.16388893137,-7565.161071023948,-14890.870220368108,-15983.649365819054,-7139.550608273189,8340.973836697904,10174.854166063244,-400.2968935921614,-13738.23004404418,-15117.723675084533,-8789.981752352835,6651.0252522542905,7935.350805315367,3874.1253228587375,171.5947753608109
39091.10197994188,-16021.92184046702,-27736.670840335817,-28046.338757916386,-12834.053500091431,13681.246651878848,16358.54374546684,4015.4206254031133,-13784.104290202271,-16939.46398924761,-11822.698044002582,5256.9775712422725,8755.505406073455,4311.345220707457,401.7374738736388
31977.581388787756,-10934.554109097762,-36822.20386610982,-37288.3697673177,-16353.44650919729,18450.616800425232,22892.118035608084,9591.507317706626,-13080.896988396136,-18459.04964404239,-13633.719698215633,3245.4290945912026,8429.527359294792,4053.5446924893927,444.92806450050284
17281.14707632342,8737.879184167925,-33982.5565675965,-37291.537084505966,-12572.084980730122,21877.258332173336,26574.842407448203,14372.566059088173,-11530.024360337458,-19649.4875155584,-14179.277664133366,1960.341044883116,7413.688342227598,3285.544825314386,371.40561251160295
5326.789692127281,27127.863156425883,-18496.67245902558,-26947.008908483946,-5524.917139037841,22137.777354019196,26717.980715371916,17481.292029063086,-8772.191952859366,-19880.852842171258,-14120.887749929467,1612.8669219268077,6840.9440427165955,2713.333319829553,356.32088607570086
4033.8680670031886,26668.689124977453,-4245.90015581675,-14794.40152652362,-3471.409649983691,17406.78476569512,24568.06293503813,18895.33154375242,-5068.81566418614,-18409.536569556727,-13442.674124562902,1262.0335602497817,6786.904305755726,2657.136835349762,442.71862036792646
11378.722257362404,9148.152269744975,-4891.542947876319,-12307.665685820932,-9312.158542265774,10613.10527878462,22506.773662955948,19155.072448212526,-1562.9671207124372,-15689.209729352986,-12215.582755551306,393.3398935530729,6681.0727361174695,2937.0708424881204,584.0916120530891
20118.23071916865,-8591.07013563911,-16866.213441807893,-19864.217578342636,-18264.84285086933,6038.54681210953,22038.419731548354,18965.809532382456,381.3740946507487,-13500.64003467223,-11523.151775873894,-1415.45285048333,6256.08651471634,3457.3696731721484,795.7427724369581
22559.41156393132,-15307.793260347054,-28934.352485229447,-29984.002915446123,-25915.09271878591,3683.3638935831177,22625.01134282372,18771.256329833865,100.79229717255186,-13704.301662921305,-12547.796273249298,-4726.75208704181,5101.346334370296,4119.12343694823,1077.9362821101693
13359.12758301997,-10803.754322935809,-37905.084465466396,-40053.796097033744,-32001.770715507377,2514.5129929111013,23725.532088808843,19228.1594593592,-1262.6370396481755,-16556.368852713837,-15387.653753042201,-9059.574710549537,2952.187233428551,4546.077695014206,1327.6586714842554
-2753.5710175955014,7595.609374097812,-38008.915147450025,-46128.19063688042,-32872.78794232777,4293.253834817333,25032.53110095188,20754.950367411635,-1161.219787145599,-20303.488674352775,-19298.176574426903,-13046.027075346377,722.7882169260963,4723.2053248323755,1531.8804877277882
-12570.621352369768,31440.536171920678,-19330.02890864447,-36824.65820343402,-23448.120746096498,7507.735056660049,24459.95522211045,22623.539470760432,2305.6924270607783,-22165.726374009922,-23186.23962266135,-15802.758540218696,-380.9068296563968,5177.772823869684,1824.1480469371304
-9717.834438455375,32276.64462047295,1640.4953277952993,-17123.440374907885,-13155.870890253153,4684.738566484379,21539.482299582938,24990.24982283671,9626.087500954687,-19396.467844650513,-25341.190337812004,-16925.435704193347,-146.53479391388095,6074.807494985465,2211.625525701469
1162.0729309316234,3954.0007858918434,-9441.120131411913,-17517.791460381486,-20415.763030652794,-3965.121158474364,22551.135577677644,30307.907848479896,20158.940643147238,-10864.017749701656,-24060.71881436201,-16287.706470841704,824.8948260277435,7068.402705026243,2573.033560534658
11354.833518476551,-8983.225652410098,-40311.68523569288,-43624.73566045718,-38851.80301662477,-5256.267623232274,31738.39665778808,37786.626221213686,30309.381673259046,270.2977702084342,-19833.070029676768,-14894.096921052145,1096.3557805625646,7660.576642325394,2899.9797171436794
9521.125656111999,20225.792133879993,-40345.20250463703,-56498.506964077,-43431.710757395675,2717.8363257076103,39991.69929524541,41250.91123079895,34148.40156331932,6861.20817502109,-16155.051533587372,-14523.407511724132,-1213.0455522113919,6805.318840133721,3120.434146593193
-10697.938505772707,41700.738784108,-17835.175217107728,-45916.18313863275,-36181.76521238633,5101.186349372702,38339.09783721267,38922.080521365344,30955.405545951126,5122.918996589884,-16195.040104655453,-15559.79068684838,-5947.131374040469,3503.8320565106865,2832.6359278580508
-37326.67973280985,39614.98069814693,-2125.4425549405214,-33074.41792996321,-30239.531718591716,653.1846240412495,31604.975563750417,35218.1547067147,26820.39699375497,524.9398920766452,-18606.64403004888,-16489.047864538574,-9971.678671517277,-1022.9697291921234,1848.235614634897
-51535.648693744784,26958.05616010077,6329.95673622426,-19758.84902494384,-21680.675903016698,-803.8480219639086,25036.110041704313,30549.192982627745,24683.57835147592,1112.6335450216905,-18487.520637793936,-15990.203873149401,-10829.972706888175,-3828.2781160191284,801.3607574774351
-50210.428351288494,14514.59869255968,-617.7469163506853,-13636.666275147018,-14505.89081155391,-1830.8230841431873,16699.856332841136,22202.494644052305,20822.47129541475,6760.722515657689,-12650.368306091988,-13722.355932845274,-9305.228367887234,-3798.5913549205275,446.54688021127083
-41302.73181540786,16827.891865058016,-8609.379277151364,-17686.18050180843,-15406.128796607905,-6142.968428576984,8094.440286642992,13001.012653677311,13607.09815583316,10424.864590781775,-3372.021264320925,-9615.420246020092,-7128.3830766561205,-2418.949178710137,702.8168045004425
-29530.44398758471,14543.53791183521,-5743.843976323979,-16567.53385494033,-15798.427841291963,-8247.577062631366,3929.8254910602313,8075.064116019695,7268.340206118218,8654.74168471873,3516.3233109850194,-4623.672132665136,-4952.10652183499,-1303.036398391756,956.4995833969184
-18132.71941835027,5047.706225090754,-3608.523365787112,-10468.284675107016,-11996.894380931713,-6944.980196758836,3251.756022463252,7242.589339828708,5082.769943601835,4998.674474119012,4692.853524135404,-1219.9189275509839,-3186.540778512807,-933.9236332055448,844.5440838153798
-13117.185905830573,1315.2231825941517,-3225.578058181192,-8046.464462638018,-10271.326375194749,-6922.091658000954,2553.824509984395,7853.899843915037,6186.804190836705,3783.278766952534,2313.7560503496074,-1248.1728595295704,-2671.2232057693623,-1233.0444199306985,423.90076286736894
-17556.824243703053,5331.7882046062,-261.4851299399762,-9451.13107170548,-12886.938361656154,-9536.618724369748,1626.087155509008,9503.094040906555,8962.863857356371,5766.988559822275,800.0612815177312,-3640.0087944226634,-3764.825836320409,-2035.7222480088126,-88.24174921189518
-25375.280882589734,16128.41364139335,2517.666785207803,-13348.634155149748,-17449.576311174962,-12776.336713021541,1423.767805128076,12233.28152469655,12348.379763410712,9034.786810570931,2163.5237812030728,-5141.686574013687,-5364.798354155083,-2938.5028881529133,-491.0259039906647
-25358.920352391193,25454.828795017947,-446.05143482789936,-18735.409358146928,-20806.0601457022,-14874.128777332935,1046.370102181841,14117.680444397554,14757.458458902905,11050.607425134513,4460.066534251023,-3727.209381941587,-5467.43294804917,-3211.6972892253452,-636.0722146766337
-13663.7311214119,20460.740701499766,-8492.758671070655,-21091.49178349741,-20142.534375884825,-15123.488610009215,-1140.110502166949,12826.230232216916,14783.41296430888,10522.860558623799,4364.048424884219,-1205.6170966178051,-3368.686353726009,-2385.740763887894,-502.8634231243448
-895.0407661051587,5784.5229800276265,-12524.464507522369,-17756.282670798388,-16479.427973039674,-14502.16363816849,-5261.917660616504,8534.946456070531,13016.248517737538,8730.79091239031,1508.7986457324657,-1131.899969637052,-1077.3370673925065,-1044.0998525730952,-283.6718280166125
-345.76053762087355,1279.2578124385518,-7910.984004101868,-14050.254101736995,-15148.31839720297,-15307.069325717905,-9696.640218950482,4026.670996307211,11562.214493708,8312.620636581258,-507.93986275605084,-3675.600008252399,-1169.6287871438835,-501.4483480283992,-264.86423553801535
-9017.69389236287,11373.922870672828,-1118.782436286044,-15270.717674861104,-18435.289761116746,-17899.297892996106,-12319.061331547959,1908.4910510889338,11511.126509154932,10014.517261220302,1405.6264470791837,-4847.241173987913,-3171.067532997741,-1248.5917081636921,-521.5538812946218
-10271.058241045572,22574.83437097659,1746.971431924675,-19238.35000125292,-22778.573687782307,-20065.024987282966,-12453.286461125303,2089.865319158341,11965.045528037324,11889.346929554627,5558.762227130595,-2333.217294770715,-4021.9906392208777,-2117.6288885471845,-766.196688517175
1079.785862739245,23613.357762549273,-2074.150637478933,-22621.67003504705,-24415.861379084734,-20467.314438339243,-12174.094861959047,1976.6237027491043,11886.412566484512,12656.231439270756,8074.492623455294,509.5656039212021,-3008.1263710071808,-1838.8628746969928,-666.3098934802413
8385.039349514294,10517.732831834923,-9946.15696473115,-22449.421731883485,-22583.39459737179,-20133.098731772654,-14247.984664130867,-595.0903746020068,11859.799827814577,14168.56820110633,9007.747001056166,-122.73945790852233,-3521.423671157128,-1333.2828619039255,-405.98559116408944
-971.8539263146183,3450.9003958738726,-6813.070571077835,-19248.092278690234,-22888.950969241556,-22852.833298707832,-19692.91980191716,-5451.831755842453,12487.20549177554,18116.669356817725,11751.9931901978,-1785.6501872203837,-7179.544358809037,-2683.6147408613488,-604.5692297439683
-13563.706837135522,23985.22522881455,3217.5961044870273,-24365.871867110473,-31204.82332398913,-29895.636359530617,-26600.585931916678,-11264.872268807676,11685.187073137875,21585.735083815656,16123.311600992216,127.86250051132822,-9824.266167340005,-5377.471973319067,-1383.687940009178
-11969.490404855169,34855.556229133166,-3771.9530164946495,-34368.87439071566,-35993.01248168071,-31675.227573242904,-28220.238282109753,-15381.58963928612,6992.6640631602095,19835.55499068751,17559.097244585555,4362.261934820215,-7762.795122193507,-6408.558110781253,-2005.4086099836184
-1476.970346650873,13102.768236693651,-15086.905925393427,-29296.040215949433,-25996.179643852185,-22175.623439848,-20628.405921065114,-14845.357574873877,178.14448687484693,13137.758010582558,14363.904153582642,6411.836386522295,-3557.903783407657,-4934.5144934177815,-1920.1103610389523
4613.391625780642,-4818.175603740016,-12130.71550692735,-13959.748351075554,-12142.614891369147,-10773.077833943527,-10683.334043111645,-11493.401198439064,-5271.280648790813,6402.87168497017,10309.028804565492,6064.651243501267,-1118.9053835264995,-3329.6536762146407,-1575.4972057966916
6556.18281341702,-4531.625273006707,-2814.3911880407613,-2704.454367639241,-4373.530901613897,-4453.205193347792,-4208.25383826877,-8647.783703935367,-8985.98608240846,2107.5464604389813,8597.830769435308,6230.859518041083,-149.2951099840199,-3016.1691652956792,-1591.5284186974654
9652.697192080337,4305.223923974607,4727.499290560121,1235.372742406509,-3585.433079499522,-3697.865633099532,-829.0744216977636,-4917.692734828645,-10929.864152311759,-1392.2526418331995,7986.108880890535,7410.712714541002,1114.4910361145926,-2980.126214403512,-1845.4990566887384
12435.373905290278,7147.852182024252,5380.303253046168,-630.3581405101768,-7325.521398475384,-7670.554795021752,-1427.8507021201838,-34.60452847022588,-9339.614499836749,-4898.776309454458,6112.081069525209,7895.476795717907,2572.580097139056,-2294.991024185848,-1896.296412436799
11790.995113495124,4113.298803338391,4308.217062933134,-887.4513639651395,-8947.01840251318,-11388.943136444033,-4961.695670440757,2766.749891121373,-4743.854445600897,-6912.561045842239,3016.4361106747942,7005.4150348418225,3492.1390283687797,-1170.8579609148621,-1629.9682290375868
8944.481022157821,3229.21802666088,6687.302690665211,2978.2342906755744,-6815.4798370221,-12087.193375974965,-7927.10666912838,2834.0509871752397,12.482808664614083,-6727.193013860836,223.06314516759517,5605.792823591316,3959.26374975004,-17.068629508502713,-1200.5277928799867
6960.473349735386,4429.009654824062,10173.795559009905,7482.877990029568,-4009.10917917534,-11651.860023164694,-9713.471052057255,1705.7085215939233,3497.8832778946175,-5302.165805030622,-1601.3910468103943,4549.550510581996,4391.48941012683,1005.0488798704869,-768.1714792970704
6145.078638818938,6647.568229173057,13407.750402534566,11404.97696690277,-1390.9761781106338,-11036.235164688915,-11011.223986518264,-11.83212242633715,5772.243590429532,-3583.925223478143,-3054.1251956137753,3660.955305854829,4756.395834143515,1777.395546361217,-421.64417790427797
3858.9606664622224,8495.466135676204,16392.63355788281,15401.503886093351,1710.7237272552195,-9814.03363328426,-11471.76853677183,-1695.3925165302476,7160.04896668721,-1691.8252003109492,-4763.428413984707,2109.775644286398,4576.900800013878,2153.427963442529,-181.9883380346006
-1202.573099801614,7581.936503001731,18469.327251244464,19654.790706821885,5273.0334861785495,-8414.92439039422,-11357.11964516581,-2610.484732007057,8373.184225019922,870.459941704057,-6312.884958062828,-407.382355336267,3563.6013285994304,2134.5145877575615,-4.790024469475831
-6441.523615942362,4390.367687562565,19475.134233258283,23733.062281907136,8649.938297518187,-7828.421610777175,-12041.230916219116,-3422.503428481421,9741.470168931994,4529.357383849931,-6548.002954934448,-3051.8457448040253,2121.2579571516603,1977.3218915582775,186.52549444478768
-9147.22315020204,2381.3321106950607,20570.47513248442,27453.086643424984,11621.394272383399,-8111.101847037075,-14116.740034996677,-5333.310784988078,10499.281564839128,8757.55680382649,-5083.440396527227,-4858.774419612897,904.2019822413666,1941.4711365091234,416.95526108522733
-10833.047858637186,2010.5922015148158,22541.087771430397,31559.135931587996,15117.021283551381,-8135.999059273756,-16670.44373189153,-8180.288483501521,10228.21152098938,12749.256098521031,-2706.6602200070815,-6128.011436869202,-262.2955262540419,1847.2048969220564,600.0398002813102
-13880.064982365566,-1113.8939679668363,23927.582732960647,36563.07300216465,20030.451246636527,-7216.465409417946,-19119.087781630762,-11388.841907686628,9397.640697804163,16845.27947383937,606.0290741803725,-7441.434014284543,-2243.1312402877834,1168.8161582243192,623.4368171091312
-16602.45208117575,-7716.992683636007,23599.257443565624,41612.797657501236,25582.946051155806,-6130.072259093988,-22223.056694127397,-15685.920961158226,7388.644031861876,21050.983665489886,6133.936194988514,-7552.383981981535,-4821.207031089694,-139.95093257847645,522.4245272123715
-17045.654304043197,-12276.65062882152,23878.21527098144,46505.9419580354,30960.678922893556,-5202.276351795543,-26051.242536567013,-21480.67223254309,2933.416632755796,23409.190089541127,13354.624530811703,-4884.295441862588,-6513.863155877861,-1447.9934236264742,423.388067375808
-17131.27346169467,-14709.372548512507,26172.033273121207,52968.48772266586,37870.725351752764,-2675.2417060031844,-28998.632378050013,-27497.523582316087,-3364.420701639673,22835.42455501112,20102.38178568554,-143.36140136077006,-6913.805993243829,-2622.500916161594,221.9324664344199
-18235.03290456263,-20263.58141998978,27471.692964463644,61330.1470036191,48063.32184853889,2930.285024659215,-30223.277083548153,-33224.28767797586,-10781.90517214287,19925.516573640645,26030.96906645166,6137.068196734467,-6413.923574967345,-4217.868236369081,-373.33542244595276
-19403.08869897587,-28605.397453799225,25651.682400385736,68934.41339737728,59777.73429684343,10812.23855973271,-30144.811334533315,-39278.043474256265,-20310.14360979343,13314.068419549994,30234.611529164635,14911.208405092362,-3450.812812505134,-5586.806199540704,-1242.160063426724
-21108.40967212775,-42987.690814294154,17123.68258064676,70684.64236710353,69115.68155303804,20077.41352450072,-27573.52655646501,-44004.547665852464,-31013.13292289322,1516.0461124347696,28564.50675583383,23916.25054547507,3498.5082985873964,-4729.696612819979,-1715.267510052934
-24356.434584733546,-62215.05558958176,-3288.2601519042887,58409.94638680966,70355.36367643462,29851.687300614285,-20064.562742131722,-43766.070453391876,-38746.07198237993,-12439.199665419399,19002.563852570802,27607.34799194243,11995.70622730545,-947.8830385141185,-1276.6290911913977
-28095.41116802046,-60392.171192354464,-21957.30044073678,32411.03709770392,57301.49295533154,35672.43447503724,-8176.215167988317,-37011.128745793736,-40333.623829551965,-23301.191753205414,5168.122748433005,23307.212202175528,17426.43401409799,4060.146955932266,-48.891953942698365
-30468.469102336778,-33442.31064214604,-19008.306469534567,10811.944370079591,33603.4579167497,32207.672743716405,3427.0624525165254,-25822.983370940445,-36017.845597454085,-28188.73773792352,-7293.731296852348,13479.054576651917,17201.932618067785,7727.822290156189,1368.9241700470266
-30901.424204835253,-15983.971368921002,-5441.8650201397195,6791.052011587155,14071.549930681673,21210.14031181288,10181.265464528058,-14110.579721134607,-28436.917707460856,-27661.1405182583,-14866.509043780492,3039.300948767079,12365.998934259924,8526.053625704995,2310.2722148958965
-30433.0225061671,-18588.933911950215,-3344.492918346534,10989.728505617175,7872.268610364485,10746.939598497192,11627.657697607596,-4935.608508405589,-20643.79119832101,-24374.821474276436,-17608.673886633984,-4413.054667480577,6191.786765234609,6915.048287557227,2498.041089648357
-30536.85727702068,-22724.478160904935,-12262.722976540183,9952.051939196428,10456.713732840626,6422.835231308791,10668.005748385367,1014.9164329913103,-14395.50073727599,-20881.810350658587,-17777.431906572023,-8433.590457776616,1238.655361766598,4479.430686927252,2155.614005327965
-32106.606449033236,-20022.407066949945,-20905.970552004685,1972.95664263627,13417.929541407599,7797.044316395551,10189.075398480718,4832.94795609601,-9781.63415213196,-18293.51237540267,-17436.441863369368,-10456.110817141287,-1980.7188760335694,2366.1860845011124,1654.4655838248336
-35486.135854636064,-14626.690147585075,-24788.292177864638,-8542.03508766955,12649.245690090765,11762.617646808943,11435.706196813288,7921.296798425022,-6050.891300005544,-16531.71186584786,-17486.55759147843,-11871.356485143991,-4112.643079011226,829.6970746963191,1210.8826799920043
-40879.45536352021,-10147.320508885114,-25166.69567542843,-18427.02856900548,7706.475832443122,15577.731382304692,14502.546134381551,11315.45248810662,-2383.4702907338306,-15080.496468352456,-18020.19022397291,-13391.362199243293,-5885.603927211398,-348.7910181304553,865.1744916334079
-48537.426149504994,-6604.281934619351,-23885.550381058078,-26675.54788760478,-654.2563924504996,17294.889066882275,18902.819105892915,15751.557394620326,1929.845655431893,-13376.898389455468,-18817.760124211087,-15237.555099105193,-7748.48689716703,-1465.4996693557266,567.5162868516951
-58686.88532985391,-2273.067665783751,-21469.42879767306,-33231.597363031666,-11528.981975274768,15489.122411758099,23589.692624270865,21707.62551016794,7597.8324683127385,-10839.476408854214,-19557.431306511713,-17392.479815563758,-9893.683192009368,-2735.5112362324003,242.93623234442438
-71248.0234486792,4677.832501686535,-17136.3631252678,-37914.751909367464,-24051.84508591721,9150.901702616346,26895.37938554289,29182.514868926228,15365.017289419111,-6775.440740867864,-19823.26193745875,-19712.351524707898,-12342.383521958236,-4260.0317320717895,-173.84780576358452
-85299.06837532381,15480.335551627266,-9473.292217087192,-39804.705649362855,-37077.27546016089,-2273.572744629568,26605.225093875815,37362.674677179755,25831.496267325343,-340.5422461135109,-19045.94934386072,-21938.310818578408,-14999.807270265665,-6035.97432092501,-719.4591642647075
-98429.26192263523,30529.59459990432,2728.778166197548,-37214.517180901836,-48610.56631527904,-18580.801580433483,20225.042227518345,44357.57665815752,39054.366976215446,9336.638738800619,-16468.48580011064,-23661.19996553251,-17669.969285401156,-7971.360969266328,-1390.742960975314
-106420.4894242997,48987.10959676852,19622.124478127305,-28141.629686160468,-55457.47905414216,-38279.429130471115,5593.150419669812,47222.148259575995,54033.21621212796,22806.779243256897,-11203.24634582263,-24274.251999976022,-20033.212995496968,-9892.951459732698,-2140.467055956949
-103805.99991032587,67923.7060657565,39639.27339069665,-10873.307780575627,-53554.23071076102,-58218.32741386281,-18058.062727966866,42530.54999548981,68273.73107475089,39710.50446150832,-2472.067771575724,-22978.14748376528,-21618.165090475857,-11554.367422518519,-2883.268250330545
-86082.0631253681,81761.88974505378,59939.43457256056,15478.822329062268,-39495.34500074174,-73982.88898862357,-48725.35957657101,27784.054342270483,77826.12532127692,58078.85680903876,9875.184011705955,-18961.510422729087,-21839.496704778758,-12664.799398251815,-3512.865561926782
-53512.11978138976,85594.8102229303,79280.29525703203,50121.71978234504,-13503.682668813908,-81522.35746472431,-80753.90050754319,3470.6164345207826,78386.69170082577,74068.4589653107,24710.907580827545,-11801.721024558767,-20144.062473965772,-12942.455317226253,-3926.944428136948
-13738.38522178737,84617.33812533646,100365.34315608039,88054.27443981069,17735.943777080076,-79229.79903095699,-105752.05725363588,-25571.58198860422,67462.7601615852,82833.32444697598,39330.610601416345,-1938.5816097418924,-16242.582422781856,-12188.76246829663,-4058.6970838464117
20510.446437973922,93565.4744742721,122795.11312439063,116904.3481956371,42372.60861724299,-68458.70000986199,-115724.34821597737,-51254.32589116875,46358.75446899594,80582.02384776859,50028.60901320845,9109.533794200583,-10320.790536543887,-10350.991025383702,-3896.523729179914
38655.86954339288,108871.0688301595,131506.62234103144,120863.86436026987,50965.57689764907,-51733.35921922883,-106782.07670401213,-65783.34068434178,20215.889940504636,66544.55701956637,53404.16846041506,19033.616124648768,-3055.248482637695,-7473.232696455944,-3440.569047786442
38057.839597676444,99561.85876050408,108116.83771191923,95006.60810589796,43694.21879960642,-31703.09026676744,-81161.56205340853,-64803.33513826762,-3571.9162787330743,43664.74368193842,47418.59639693466,25014.87455599878,4265.982430806509,-3715.5080550565526,-2649.2747732100243
24475.193334189313,56781.554128084834,60518.31087245261,54124.07285382358,28547.499747870843,-12988.097800008121,-47735.900007443,-49289.62995037991,-17324.4488498835,18970.925226152118,32910.95737744227,24306.264254684407,9339.105902892792,168.49783859650574,-1570.2982008167264
9366.067264982756,14243.809671907142,19139.94054707344,20465.575648000715,14180.491925926492,-1106.5589831714751,-19059.119913727216,-27018.281014506054,-17639.601966777816,1627.2346513028451,15626.28187195078,16895.496320550435,9875.4965676467,2663.122424581659,-542.8695708505825
2110.1655210482395,-3203.59795768802,906.7689037989339,4253.8289672086985,5410.431954695174,2943.5770537391636,-2896.233940717626,-8607.540214999157,-9355.58127401835,-3903.9153504764968,3484.3613648606893,7375.586638982792,6288.333649663979,2759.0424028461307,-15.078570392569986
3036.9319591947715,-3744.8503125405014,-1282.9984712593712,939.1967424706402,2509.487217106414,3153.5937982822743,2570.1272032454817,901.2498675294249,-845.5532996303878,-1357.6940512647764,-298.3112820490106,1256.1654271593077,1899.2720808010915,1199.0322438083099,-81.75765932655804
7009.398404848694,-1838.6176499287872,487.774475572303,2237.822306122978,3058.1020330238975,3326.3586006938513,3550.239342049296,3841.601722820473,3769.091779919774,2868.8298777639257,1361.5278824364036,93.59742422927371,-370.86825016431436,-327.856971739058,-411.8903189846247
10535.274940893722,-2246.8533937130233,825.6603798930307,3370.4949992674497,4445.709829933387,4363.100112288384,4096.633382718758,4473.244048047675,5359.013353525966,5620.749818411803,4300.29284102648,1861.2179822941466,-165.56525639853956,-835.2208049227836,-634.1570915864472
13316.72170121388,-4142.596845025782,-813.1329151310559,2895.5572150914695,5081.708215292841,5499.261255791862,5071.491965856885,5055.93388125603,5981.645495427863,7001.310843858484,6589.20129357181,4254.904020582129,1318.8182344568888,-428.48711946755566,-622.3353718279632
16368.51461370833,-5826.979859780149,-3442.9617346682676,919.4146985417882,4412.6247877482865,5951.61084661571,6046.401584264591,5995.454349773047,6757.937965318812,7991.733596270888,8205.293768262984,6298.307070153762,3009.6835774437836,371.13149805343596,-448.13695086012456
20643.36654755775,-6485.5441523562,-6091.2931464047515,-1966.7083625017522,2534.6621708110097,5454.461101855357,6655.973516113511,7164.427317783579,8036.889423991906,9285.108374916595,9685.665919667646,7976.677990555435,4478.623396698677,1180.5732955325218,-223.58481916512721
26407.17786327703,-6628.120937755491,-8588.21849752578,-5375.757353263031,-249.3357892012663,4160.781085963311,6962.2567689984635,8648.04954979254,10057.42742608181,11315.996173382619,11503.559884064522,9541.33386305244,5671.552298590746,1829.5747738738219,-25.459466500915294
32365.855095623923,-7566.771590588022,-11609.864630535798,-9374.096324713024,-3635.3971285689304,2557.323453675385,7526.779995727777,11010.926560082822,13344.584721905208,14552.051806187503,14030.37446438676,11190.229401013414,6587.626023218788,2223.913667464807,95.03200611915301
34697.85622914769,-10453.231007321414,-15922.289484011648,-13985.86694685626,-6960.522657293041,1758.8549385322285,9649.058707425138,15493.505955768349,18899.130936684316,19672.76756976199,17630.796223456317,13021.88618761828,7142.070638015929,2230.763512287679,76.92284499985016
29058.02858765983,-14963.952378163898,-20928.79354145834,-17883.587719484534,-8156.545161948053,4264.791028976873,15836.511501818815,24234.156826166767,28262.28392095677,27584.992173676525,22691.24249945387,15070.231462108564,7175.148217892395,1656.7180641011137,-170.80285474163605
22276.160619284263,-17778.37013831336,-22904.226199576955,-16707.826356642614,-2448.486966430121,14751.637401946657,30109.49479150093,40214.48808759233,43284.782971195134,39195.45839471441,29510.8532630326,17332.15648265791,6552.866435803829,330.2398058377318,-748.4931980520183
56335.37008940038,-13256.135457017699,-14910.059969151178,-2835.580324758527,17555.147021679633,39494.74244807681,57039.99967449919,66163.53150327658,65153.95837292549,54733.25224101484,37971.45709150137,19733.246226089283,5311.891969978571,-1723.2903777694933,-1686.3873923831181
218506.6103044809,-374.2069350476072,8123.494087492604,30130.59976652811,57450.46578443646,82068.31535903628,97873.08316925883,101425.89314165193,92179.52210956164,72419.27528113815,46904.6423038802,21957.620293491924,3750.496049605269,-4094.7074855010706,-2825.270016284174
569580.8559545117,8533.229353448194,40072.34338307354,77234.29617148661,110978.48106106413,134402.54096090505,143439.3411982155,136982.0244478272,116724.61104990174,86829.28532534766,53339.708346886815,23144.564227345098,2334.379923091319,-5962.286281455676,-3746.3822647212232
972221.9499903985,-1937.6211037096018,61747.002940233644,114464.5804516582,151144.0088382145,169376.90315677816,169211.48134263928,152835.51631949708,124223.57021544644,88728.43951078162,52523.166038598225,21768.5046503591,1411.2454948961822,-6371.826173277126,-3876.913743139856
1035071.2303937875,-19851.996871847172,55898.43404140612,108597.72689304565,139271.6897199261,150157.89935721332,144442.34536826948,126035.42325368933,99364.25911148381,69140.09069439804,40047.013644582476,16294.0803043088,979.7923805716281,-4759.421221904232,-2802.93159285657
469194.6527859681,-12944.66095533565,23312.525549857604,46738.716853466874,59232.42659393565,62758.05031505187,59322.331049183165,50948.9871053722,39644.47460385225,27345.786150277065,15838.925072012991,6634.333288746406,783.2295502273457,-1383.2695044514294,-611.9569070719074
-439072.45301666885,14167.02252348188,-20098.30799592096,-42246.541831966955,-54083.96621761939,-57471.075810107985,-54302.386191327896,-46483.94129513121,-35902.108151864435,-24375.319611161296,-13578.293056896064,-4925.996074459879,597.6366757382724,2683.3451678566107,2031.3979238107256
-1024690.0192305711,21326.18703853146,-54027.90462339784,-106264.17727402184,-136549.0063622228,-147203.13137476152,-141447.2359915746,-123186.39170569267,-96809.95419817713,-66966.53449364602,-38262.070889850045,-14824.885965607835,312.0091441514986,6040.31706585925,4207.318095885429
-980539.6284181604,3130.743594218482,-61469.507121794675,-114519.43984372004,-151151.28291888116,-169135.87350487913,-168660.47435756534,-152007.15675287676,-123200.91173736332,-87604.72812999971,-51368.4390854097,-20608.34316420353,-224.31327214123178,7633.3860461950335,5249.3457139163165
-582293.355769279,-8134.774595552494,-40674.13298936055,-78401.0739363352,-112316.3565431973,-135610.349727246,-144321.97220479907,-137442.72434539165,-116746.87714711465,-86453.36730371426,-52636.84419795068,-22193.437851411887,-1205.8666658225543,7208.608461553729,5060.400632989448
-225985.61643064892,264.4938975141142,-8748.270153635482,-31173.553955916912,-58725.28745493567,-83364.1628078317,-98994.82322024005,-102218.32664697338,-92543.0569737697,-72319.0514955972,-46371.17679727846,-21076.759414009142,-2642.7989238173805,5303.148832813544,4039.6751020176625
-58128.85875905141,13207.254544700372,14696.795076423698,2387.6890675507057,-18210.166204379464,-40261.01749345334,-57779.74633564264,-66724.44984075979,-65401.258583278286,-54583.54936613038,-37418.799542649256,-18854.541198257095,-4243.091961500835,2837.5022697165423,2752.511390547033
-21494.823572887675,17985.049723402255,23077.147091085884,16758.722103769527,2346.5275541386077,-14978.333370903712,-30377.72619183867,-40402.65347010959,-43265.94386996716,-38880.829580761,-28887.239307664102,-16471.987558924764,-5584.030678234729,623.9866165940274,1624.9018296961547
-27921.477829827218,15295.77414666886,21271.775492366294,18174.440714510823,8356.349992545567,-4154.999611341055,-15767.258951930826,-24117.404182997303,-28002.329888879514,-27120.904053929942,-22029.652654279664,-14285.302695618917,-6369.670438246316,-909.0990993723987,832.3873354588097
-33880.41394815038,10755.972309862675,16265.210177225665,14326.651961636066,7264.416742046799,-1496.8283141648085,-9394.154445064712,-15183.715296552438,-18477.171263593795,-19121.820742084197,-16990.11042266254,-12366.329796711048,-6538.021087014347,-1707.440376822704,359.5998234081912
-31811.649712503913,7786.308066571914,11893.196978759177,9685.808346197273,3944.6056489219077,-2250.9629346217794,-7189.750990383515,-10598.539088758309,-12837.019059440065,-13979.491798209583,-13463.638188000756,-10697.591219703096,-6195.043732458301,-1921.9741044039465,114.43250890550041
-25949.628573088437,6785.377901199074,8822.968988389643,5646.409958480397,528.9043071600266,-3860.5400851480276,-6600.708396732173,-8192.370839581323,-9522.434984435668,-10774.509598906903,-11048.746174540871,-9225.895416601214,-5484.034994711541,-1738.7147530259788,9.075538717912359
-20194.31797342702,6625.609427153776,6303.728980901163,2199.954759038084,-2297.541449790323,-5182.9734971732,-6299.039847838014,-6700.5324162526285,-7514.300549225746,-8812.845930135125,-9367.535278399806,-7842.21487716005,-4485.612596977738,-1291.0438083029956,-15.362660682450695
-15910.839590316256,5978.540108462743,3636.6520318785615,-733.1578385664577,-4229.820144544198,-5719.4712749778155,-5705.634136462955,-5540.524766164533,-6272.827407367436,-7616.166376009768,-8041.7211599530765,-6345.911866993892,-3201.6438869497424,-673.8315666545171,-6.51333324987047
-12868.544091482916,4286.804856675304,957.8064839094513,-2778.3229701284813,-4961.140723783738,-5303.710942755075,-4741.733299465138,-4612.899415524233,-5551.297915643912,-6747.764790996032,-6597.134549504572,-4483.085099966018,-1682.2292065656748,-52.528218639598094,-35.74114360991496
-10129.755998571909,2323.540270174068,-765.8756950014241,-3328.511859009538,-4371.188304188972,-4176.947399706777,-3755.352539586812,-4041.2744296576634,-5008.791085289264,-5521.470901328412,-4490.18597818293,-2250.876027905385,-339.17197005471166,199.01966812960046,-209.98425945910137
-6667.9001219043785,1816.3729392745847,-495.92331244533926,-2223.633614472193,-2969.549328947481,-3097.6942814048207,-3179.05686319042,-3449.2770550375158,-3551.894861948821,-2950.086219624427,-1703.590020823187,-583.1259157545899,-225.8966781216663,-439.43370861716494,-600.2164676070797
-2704.92449975406,3725.5426842924767,1335.1435090079776,-826.8540894224151,-2311.6960384223003,-2852.4920138674574,-2222.407997776902,-648.1446625019757,872.2070156698013,1142.120883226393,-80.69514235755582,-1750.8318235590227,-2556.0148469547344,-2096.9155699131165,-1084.9359143965794
-1619.229725015221,3521.8062736712973,-514.6083261508538,-3847.077344166218,-5036.379397274147,-2659.587239674827,3034.010903977247,8591.970876756805,9243.716727160734,3743.6749043398054,-3738.366392907003,-7839.717421303721,-7050.440485236156,-3822.600302056602,-1294.8264542874858
-8587.15831346751,-13148.09109441687,-18086.781873640703,-19596.703038153726,-13676.751804985086,1143.6574478721993,18769.312565383014,26751.667916180468,17638.423662260648,-1494.9128522681126,-15719.796701778807,-17444.67079714248,-10853.57828542125,-3923.9032778494648,-887.334965225789
-23570.372861822878,-55067.643953830026,-58888.18368095413,-52874.969396018554,-28070.35249154325,12608.601530086844,47029.251842727295,49030.03557986514,17707.38206632836,-18520.364555476914,-33032.50167856458,-25121.925957570053,-10590.305115335228,-1598.2770596473351,61.772841907179554
-37416.20049906337,-98324.40482980387,-106689.14631283499,-93851.79975343905,-43423.48773949347,31008.282476343335,80348.95139858843,64840.113681882336,4346.790484395031,-43145.7263341544,-47804.14556010508,-26153.576963397187,-5723.205891573207,2195.910539835845,1111.5627741435626
-38574.370869667575,-108749.94023737885,-131055.67353120778,-120423.56915063468,-51085.3625318226,50983.82213949576,106238.80412057256,66210.80305806182,-19299.631719467943,-66252.7039795839,-54138.92285376624,-20403.100253579574,1511.1135785168383,5936.90468029758,1915.4637204218996
-21029.298954916558,-93770.30716691734,-123184.7922770615,-117415.36848295662,-43013.971132422455,67848.97003405212,115682.71343524134,51991.67848313348,-45600.51718577517,-80697.6877080018,-51070.035277780815,-10583.318737830505,8781.83495391856,8845.313704493867,2419.452152753533
12874.135142606336,-84410.50715409426,-100933.01479240955,-89175.78371226467,-18783.55090199702,78863.80758263491,106235.21462498422,26428.32951614003,-67097.93105407654,-83413.30436889321,-40585.007810091774,465.904312381237,14770.752011864834,10751.181097430028,2664.4920483879787
52754.14289270726,-85294.80579145579,-79744.49749932619,-51325.720419812504,12413.094908199579,81452.6991053173,81573.38605279627,-2747.0016257686443,-78527.42878468549,-75047.22027264189,-26061.24353601759,10406.933546272867,18778.734793427986,11604.009427902807,2647.9485615918475
85812.32099606497,-81812.09203578257,-60402.64223917168,-16454.486309433298,38702.40052651771,74190.28722648528,49584.97457548912,-27401.210042585728,-78432.79582994986,-59306.12573488978,-11217.7714267488,17680.048272807217,20593.325196283076,11443.811275504599,2374.7537209425564
104152.48174643863,-68286.29521852374,-40149.94261517998,10204.42668285972,53182.900077628154,58600.37775878478,18703.762322320435,-42567.646840587426,-69205.35302450502,-41029.40647965239,1196.491135513163,21806.037475210043,20482.101568692022,10456.934322669635,1904.9224303031199
107274.7421526627,-49433.98592017708,-20093.65763372326,27761.20792282677,55442.124265568986,38691.64192043976,-5291.611757518609,-47633.985086463785,-55131.273587571166,-24110.18572454451,10008.390194001267,23186.082195964587,18989.005064550358,8919.047327687123,1336.647143832312
99577.88067152364,-30905.159182302606,-3071.2971140419963,37073.16011170531,48812.71405073129,18897.020097755878,-20279.887079161723,-45034.97572830616,-40200.49804259902,-10578.482245615509,15340.497106553035,22629.24349707655,16702.080893282993,7121.9358819322,774.7833380246059
86537.99175667689,-15723.570279327741,9288.092009360375,39839.14818762275,37369.32058719636,2418.098634902455,-26958.105741358904,-38191.719174800266,-26962.141707081773,-836.4791584911052,17963.260825147383,20944.264316817113,14102.801084473796,5318.0454530003135,304.4372134212483
72431.61909740811,-4783.053004129404,17084.14074539936,38062.9333946268,24347.046794750146,-9204.714621184377,-27461.628822509294,-30076.4286952908,-16460.47881217102,5646.562389944835,18768.06732482306,18750.26982471943,11522.529688908393,3687.6933518175415,-28.244898101771852
59733.842424627204,2279.1060498844367,21501.74846532509,33450.99715416692,11778.50687232179,-15735.636127119007,-24286.003251053808,-22615.805353287793,-8664.660777135265,9738.149836824588,18519.62481628227,16467.165668558595,9166.939370797782,2327.466994717788,-223.2252254897638
49414.27187036168,6668.549031730525,23959.055797419023,26953.075476086935,828.0887073333691,-17711.305682638224,-19660.138508686992,-16654.776777555828,-2984.9877701767728,12286.692278533425,17794.9230048336,14362.014980190172,7137.438205260691,1241.4146461417324,-322.1300338167387
41578.99780443906,10199.43510219902,25271.782085631414,18770.470405187105,-7639.046221828216,-16128.780671949406,-15269.679111084868,-12215.604319951755,1322.0587776126674,13990.249728635668,17015.526858859364,12584.624045838536,5416.8948967809465,326.33901993667723,-396.2444417127381
36012.52390784719,14615.352448581873,24971.48920300419,8950.772049071616,-12726.958134989354,-12396.61206440906,-12178.102103265699,-8832.712403823207,4965.571063643668,15432.51825078023,16507.01314971305,11158.157132522776,3816.02128888475,-636.6859550097545,-526.9071745659808
32467.754370942002,19995.27885627665,21257.093847741373,-1558.546297729655,-13672.51164878004,-8432.625483363996,-10887.128529561971,-5781.902070258119,8650.559863484732,17176.259804551133,16494.661955110976,9870.79655463531,1889.5226559645434,-1950.157331717839,-770.9329537005191
30744.097778559833,22879.44117046741,12787.159710261132,-9695.184566812648,-10842.37559572796,-6935.983865670153,-11332.673655818668,-2047.9857320885608,13191.248419539685,19742.68893647004,16902.551023186646,8027.990507239916,-1091.2222238568927,-3846.557966795793,-1096.7786076065663
30510.874678423825,18975.665970859372,3733.310824249627,-11025.785316749629,-8151.114324707806,-11031.725798196974,-12339.977080077075,3757.3884908779382,19350.8646813428,23236.368960086285,16864.459094489062,4253.82461188498,-5795.393787497359,-6100.26447983795,-1298.4372871292694
30899.321547561776,15989.122584928455,5314.712338052931,-6843.571244012001,-13916.586219735611,-21353.569703299007,-11086.81682069792,12761.398462633884,27089.338089176,26597.687221685494,14348.34402707536,-2914.815871928891,-11775.118481178073,-7597.586817269978,-1009.3595479447617
30445.352723891236,32671.3562093382,18822.18265592814,-10291.633151127144,-33077.339711356275,-32536.449939771708,-4610.241344615093,24375.27627721609,34718.492762361086,27313.41255085066,7066.506058629893,-13133.668651132855,-16537.269573746285,-6748.987440681977,3.199047729465633
28073.36364741993,60049.25633991221,22619.849348753753,-31395.095358202943,-56991.602962087345,-36428.03618310703,6828.426152773252,35629.259249544986,39216.16048241828,22698.189884174117,-5149.298384077054,-22901.19394338005,-16788.70903165362,-3035.691443539134,1478.1057398121752
24298.629591883328,63086.31746406791,4444.66618381311,-57743.07948401821,-70660.69438375306,-30892.663746962357,18798.132481261247,42611.0917597232,37900.79983812037,12095.31006610043,-18895.50206530437,-27290.422616660402,-11377.208808561032,2070.2950584522087,2753.4773570712173
20962.15970371028,43946.904295889224,-16423.688671912147,-70698.8725936181,-69830.0186944252,-21114.723172118018,26532.859565935876,43117.759243648885,30415.77932505711,-1731.9266797724385,-28545.821149558244,-23701.9583681591,-2781.302469691317,6007.092710499534,3220.166570996463
19179.142514212897,29192.16995464834,-25323.469178199146,-69256.67875417002,-60599.13678847336,-11765.051971070385,29266.182256542485,38551.13588892464,19823.723640957807,-13557.493301807675,-30336.35055250667,-14644.232104903678,4390.454622509474,7014.104200803568,2734.80022706787
17987.787415994608,20887.838201941344,-27216.84371316088,-61738.31674859005,-48894.9689170492,-3838.64698071197,29393.498544543236,32532.62603571944,10304.496931325388,-20209.118947650557,-26112.10775802013,-5670.207355599671,7564.792937152588,5708.678362114382,1796.662440578346
16847.158592714535,15175.982891985293,-26082.099351946476,-53417.52410361663,-38639.15283586076,1838.590655662005,28208.399542243274,26830.163940443497,2917.0644597368905,-23078.797482383834,-20070.79116234268,794.2673198198453,8176.330150706772,4093.8461224269,1084.8538498661705
16720.21797225918,12591.855937106897,-23835.487587176136,-46906.431747435425,-31635.893431731336,4449.691421682339,25318.450517329107,20858.89968574967,-3339.3058579196345,-23615.398728433993,-13226.153330425768,5682.971408121121,7853.933641481369,2880.3479570532304,743.405276563542
16329.919652716771,8218.612939660592,-23456.417645830465,-41974.49803850159,-26235.74319538189,5396.813911546145,21503.733192843894,15072.538314035373,-7795.044204067867,-21232.73107748746,-5866.933291345795,8529.159129486332,6232.914264058588,1519.787442208506,486.85361426184915
13671.617383343497,1649.3707038560976,-23820.591530789872,-36951.15585389691,-20691.130080311377,6471.552546174229,18384.594341896627,10770.377225740527,-9785.720458407844,-16934.86397928306,-144.6469064549322,8565.884917031726,3661.49558923535,112.09342313069567,203.53415759507558
10591.347957639467,-1706.7026105044124,-22554.016196007044,-31952.010837985454,-15741.399702130038,7415.018365251972,15952.46815740028,7596.202072163789,-10548.22395057627,-12713.586629364976,3323.234367566599,7316.670899747404,1626.8949229030047,-703.7122545180337,21.768613685578487
8890.86172854153,-2144.5398215052073,-20588.78186452017,-27811.803446767866,-12201.980561526472,7424.151191594309,13427.226297647265,4788.8067496704925,-10756.840151632774,-8623.743820166705,5810.583169667127,6088.097956236867,404.6074269763419,-943.8252636113546,-12.426000638930645
6276.964779037478,-4016.3490306772455,-19440.7379370409,-24082.521763445468,-9232.078486747034,7134.889870651711,11345.04146360754,2893.852129716077,-9943.666133510482,-4293.574861163122,7398.783070312678,4332.9150315353545,-865.0126897436335,-1130.210618232582,-4.043152414003401
1108.7977514780232,-7191.365304120407,-18464.445482591753,-20029.48970906402,-5879.602338236731,7689.654618053418,10643.52338518839,2120.2111033275364,-8488.566087668009,-507.37403985095625,7287.349510786482,1709.080332203171,-2392.673453511907,-1457.3457499953904,-37.62841845792795
-4002.3594898639317,-8272.828926324171,-16475.91599165583,-15792.744725544711,-2320.8091697569535,9080.855843406602,10782.92639357464,1289.1624500294886,-7177.542674130078,2173.3293107840996,5814.626767641808,-844.3849778627366,-3533.5647848480908,-1670.1347794098417,-86.29722811555159
-6363.432248868332,-6550.0814050652125,-13536.154068510508,-11789.119136418654,799.1906457884174,10327.537173982311,10380.241963907038,-311.34607772692965,-5717.253342079523,4152.473845793508,4136.191631862469,-2459.002730768793,-3859.4114852382536,-1501.7730709177936,-68.65376627465238
-7160.716670380967,-4308.863917022038,-10303.57859605871,-7874.795255950904,3416.2677063390965,10957.730131570044,9128.319071325195,-1969.3135192236675,-3391.495712538675,5936.617975747823,2708.0456807237424,-3401.850929393814,-3639.237275608802,-938.873924062234,66.40416167183952
-9069.992265901628,-3043.294975402754,-6831.061698633105,-3412.0052619312964,6189.766444500774,11394.798473474213,7398.8533616689565,-3039.3535907125683,125.69557725438963,7433.045272572653,926.6883656830381,-4504.484533680361,-3353.33742554638,-122.67900082068334,304.5786048711606
-11912.033246349327,-3841.744863753238,-4401.916467213701,493.83128341852307,8363.837929921267,10775.287156592714,4535.7356615374265,-2951.1470312843085,4905.821656158769,7723.5466667591645,-1826.7256161529463,-5975.724034090584,-3050.871959172192,830.9330777947721,563.6259487328999
-12652.476333496617,-6927.308677009982,-5411.317461262804,377.4534906588941,6886.352576411936,7178.604295108018,1040.2877536934686,-190.0090855279926,9589.606433116389,5830.12889750494,-4931.538595503433,-6986.240829748103,-2316.982173040132,1769.945086938558,689.1628743955773
-9930.051661314508,-4451.182103547289,-4961.6005291871215,-1545.009798974328,3140.026023723066,3167.935572401732,352.2882367573144,4702.371670012003,11346.074872844874,2405.0430767291123,-6860.143855882265,-6642.45157549115,-1036.7628429771983,2295.538527951045,526.8597248254537
-6763.734291788513,4292.872837412499,2317.5138316180314,2099.6315753889367,3696.8948245709316,3735.22907188402,3618.0554136256233,8501.728157404961,9557.856986268143,-1023.7537081944477,-7490.7016897465255,-5561.473911255141,75.44328028491148,2177.090572087519,180.40953471285445
-4821.414866050072,5100.198735420885,11586.741939890324,12982.300553470332,11114.249143026367,9793.606693987338,9944.167188439993,11379.582885034475,5997.175958084699,-5180.314103481936,-9146.157128918141,-5463.645930435885,865.5309200287694,2306.1050221502983,89.10420518254818
1069.9075222659258,-11940.095281404692,15062.675295342899,28291.5245201007,24744.39966978393,21022.910098369804,19853.38403489385,14860.542859547268,739.9197821131081,-11790.522582139984,-13193.43709857745,-5962.123930061874,3065.231825550584,3742.5505740934223,400.49166675981803
11604.85840679125,-34158.6492603145,4301.758431772928,34101.75759103605,35191.756108586254,30858.426906789035,27799.15665749145,15682.748249087213,-5981.404819284018,-18556.3704138627,-16560.4917378832,-4152.433548857565,7100.942340560259,5156.259428206602,511.722827383618
13725.223109487224,-24743.50968065617,-3354.1601475842763,24428.77091722263,30964.2785192793,29576.34171443578,26592.62450448237,11768.206296095777,-10750.361229033315,-20528.23478637688,-15372.290324037658,-65.16324472432757,9157.582016809569,4131.419701179958,-51.16108440941048
1434.1747726608955,-3804.81485433728,6182.113449717363,18794.312262085412,22469.377521595965,22533.68016746557,19762.705664225243,5994.353962030116,-11630.069388618365,-17201.432845504423,-11120.815287005813,1840.6098702570334,6502.7252325455265,1382.3945534408012,-767.4348674749962
-8348.590311588669,-9873.87280696943,9825.785568309018,21774.950814135776,21815.26678997656,19593.276667936007,14223.277469104663,1127.4014031001482,-10970.86306322324,-13236.224417838655,-8397.222541259182,93.68440482284545,2665.519862537633,-75.0977125416913,-884.7710529885018
-1494.3642563488165,-23055.16317251599,2281.9971558999046,22172.752905899728,23687.939163385585,19914.273594493203,12105.608263301543,-1457.2905413661917,-10939.764150765774,-11697.477843808825,-7575.181050904056,-792.2777755435193,1935.841631869255,392.8395984889778,-496.4337473733682
10090.790205740146,-22563.334649673783,-1656.5259587793757,19026.230869685514,22295.161330307044,19673.078505406454,12444.71414683192,-1550.0217269976472,-11007.07430938903,-11001.613531941093,-5264.314096211373,1833.1804840772659,2876.062062845592,730.8931175747385,-225.24064719301117
9326.79565583494,-11776.924103736153,897.4705868243175,15089.734919359213,18102.11884542984,17653.98371068477,12442.745342838121,-1273.1360717669058,-10549.25922516927,-9219.904284145534,-1232.9032892750238,4305.423628702079,2030.9612412315905,-63.208424081596036,-280.5931940872633
644.9769649375118,-1453.8254950730773,7421.881323385308,13589.586821445846,14689.31334012937,15054.994111573484,9939.112964769498,-3254.4840254175133,-10562.238152368844,-7543.6502836345135,685.3989323085018,3123.8774402162,-34.36265864755512,-764.0124667718479,-343.0643917218473
750.6562191525298,-5241.080065505212,12213.977551073292,17048.63164697539,15790.150130301565,14166.630348161101,5568.027603558351,-7670.274109006763,-11982.793228570541,-7964.526030372897,-1355.132400833731,438.1361960417604,-248.92258651968814,-163.6994075678768,-120.35189490680725
13308.10375952136,-19739.10495491393,8607.980309507811,20528.54319813971,19458.27731721762,14811.324727093248,1468.632593270422,-11969.756276122647,-13787.406005831956,-9836.69818066528,-4376.489605130608,298.63407684228855,1988.8125330990256,1297.2005519337479,319.06109526864293
25304.49129890095,-25299.6716803004,666.9238497141861,18482.710813346945,20354.063576458204,14702.981157483538,-712.5380253344265,-13335.220534501188,-13864.408876133424,-10531.499815403035,-4702.183912792671,2704.8804677782146,4153.654302171111,2301.0110662942598,685.543588408379
25749.992159947742,-16458.10722343636,-2544.987454804694,13209.892250644545,17196.2537640952,12742.84766878198,-1064.843921125824,-11494.185738976415,-11550.908853816678,-8687.011969452753,-2549.7550781380505,4134.898194866943,4162.689954786319,2223.1020283149774,775.2216422558045
18043.334228473806,-5654.800487561459,-10.574255136126524,9224.751039860783,12660.157729462497,9555.79262061105,-1208.1321795646782,-8732.72138678304,-8212.992369066244,-5522.402301994511,-1210.8475877518358,2658.9564097659118,2637.6020890447626,1505.2360723939141,597.3876836227191
13373.223503315103,-1360.1139490905682,2922.2000223731357,7645.538624295258,9902.157062589433,6887.147216548945,-2089.3134531983187,-7031.134338866477,-5455.787482039805,-3559.732514184333,-2734.0435962334336,200.5348066514871,1578.380173792947,878.3323015469915,293.0956716946287
18115.57979934108,-4661.706820774378,3379.305734868003,9837.799775751042,11437.001282667954,6822.580368173194,-2774.4606815534307,-6390.60448420785,-4341.741344541049,-4759.952073438164,-5235.705804561538,34.42741808197036,2135.777961128022,754.2789235789286,57.2706297885714
29438.180400025536,-13952.11659853559,5505.119411683122,15915.595412794104,15278.426795319076,8194.097640385862,-3369.2031343416734,-7149.098622882617,-6461.3581958947825,-8476.951667456724,-4310.078459219772,3331.2808657034548,3986.9744569822938,1297.3251915919498,104.02377034455299
41295.388714874534,-16607.170587807555,8634.484428809803,17392.857102899787,15118.765581315274,6305.128468273887,-7326.93676073005,-11920.752999033473,-12755.298671009314,-10462.749902069823,2345.7002096829815,8316.482550443732,6285.716572725773,2588.4628287221744,496.5178595873833
50375.035642609706,-14222.73652577808,1001.1003260855246,13387.352862855978,14170.939544864681,2056.1378409753756,-15793.04452371606,-21051.869862882286,-20072.364292669346,-7025.993476606916,11573.024571379598,12490.924300392055,8606.68607285549,4172.617066258771,883.5836945873201
52115.75907883919,-26435.039753555913,-6361.600731606293,19170.96499296147,21204.4714090474,1028.2626196897136,-24119.396813873696,-29486.511484586932,-24078.224648137508,-1383.5126758874474,17517.069588315968,14845.745830195654,10325.408044054151,4463.871065513953,646.4466127021368
38508.70780904944,-39296.58617068568,1696.8975074882842,32388.112186809398,29839.45299743726,-246.40289050666485,-30606.158563853496,-34202.4744798242,-26216.238598249514,-652.5689740536853,17719.96168339842,15440.409970897366,9729.822108364811,1925.7764433523835,-327.23391516633353
12064.011969128085,-41694.838831037,16954.47942450377,44933.40434206258,35585.0261758979,-4772.515790438802,-37323.23908204855,-37886.48881300221,-30344.034951815203,-5298.735896791224,15234.299061068681,14600.405912051745,5949.25902757615,-2432.3728026641243,-1301.6028878778134
-8632.076949855407,-21251.569318771362,39285.74422904718,55727.99674717496,42792.48455148326,-2824.551136520053,-39316.46312571374,-40385.01760988813,-33785.834132625496,-7391.373672173727,15010.50659951647,13612.701089469496,1343.728085583027,-5669.290625542284,-1620.6885522284479
-11014.680947731234,8653.574836941058,40645.127785463155,43929.234719393935,38920.41134961168,5196.030591707786,-31389.33434872335,-37234.75969442449,-30343.54628686188,-1172.3732353478472,18571.51213463485,14023.211538587839,-901.6810509320156,-6475.404779549792,-1450.2646703138278
-994.9259801403333,-2762.538872688701,10324.698714587537,17787.112540792143,20796.193710623793,4430.257929251272,-22047.899738942328,-29869.76812224786,-20414.061836106644,9851.053825652583,22846.51651242792,15519.849172424687,-524.6224047306495,-5812.984790303764,-1197.8042934119526
10044.097644282285,-31462.92186061413,-1846.1026514266337,16436.886606526332,13009.759710669792,-4045.332918336286,-20718.309087899943,-24463.04477091305,-9877.906582685353,18488.846277623485,24268.27641570664,16329.41774500277,611.0656554618904,-4750.833038134799,-943.0664204278945
13304.862843292343,-31734.562931354652,18537.001422659258,35958.388824058085,22973.927174062897,-7046.1520136173185,-23552.178809418558,-22035.662656356297,-2480.6745779626413,21391.238923402303,22236.30921500414,15398.65135135562,1034.173977830866,-3797.589483401034,-688.3663836063133
